775425
775429
775607
775380
775592
775377
775604
775448
775635
775614
775385
775609
775608
775585
775389
775620
775369
775382
775595
775408
775406
775372
775641
775606
775402
775384
775647
775407
775626
775393
775420
775411
775597
775593
775414
775618
775644
775588
775645
775646
775619
775637
775381
775373
775616
775424
775648
775612
775615
775560
775599
775632
775583
775610
775636
775589
775388
775629
775670
775586
775374
775631
775409
775404
775642
775633
775383
775561
775613
775378
775413
775427
775584
775605
775398
775401
775628
775617
775611
775652
775391
775591
775400
775403
775587
775590
775598
775421
775426
775390
775412
775415
775643
775399
