765480
765644
765567
765791
765620
765594
765598
765606
765597
765572
765817
765555
765580
765525
765524
765595
765545
765589
765777
765482
765523
765582
765562
765649
765794
765550
765618
765571
765592
765579
765548
765688
765414
765565
765469
765578
765787
765546
765557
765648
765547
765587
765568
765619
765402
765569
765563
765651
765604
765559
765590
765566
765613
765645
765564
765585
765774
765652
765609
765596
765540
765576
765542
765584
765554
765553
765593
765573
765581
765607
765408
765646
765577
765560
765622
765591
765600
765616
765530
765570
765552
765561
765396
765647
765541
765653
765730
765602
765574
765642
765623
