722718
722772
722811
722793
722817
722379
722779
722810
722705
722382
722715
722708
722048
722698
722728
722814
722815
722795
722703
722701
722787
722283
722051
722714
722775
722719
722757
722693
722760
722722
722784
722713
722773
722777
722012
722797
722849
722756
722046
722781
722813
722711
722724
722720
722847
722702
722798
722801
722792
722700
722818
722848
722378
722717
722808
722758
722761
722763
722716
722381
722699
722774
722819
722783
722696
722770
722794
722806
722721
722800
722812
722694
722791
722771
722710
722377
722790
722799
722782
722709
722786
722809
722759
722047
722765
722789
722096
722725
722697
722723
722804
722802
722767
722727
722780
722768
722805
722280
722785
722769
722755
722766
722011
722704
722764
722712
722803
722850
722695
722816
722776
722778
722762
722796
722380
722788
722807
722707
