764069
763909
763982
764306
764094
763906
764062
763904
764078
764103
763943
764123
764110
763966
763984
764071
763961
763939
764222
763973
763916
764080
763949
764109
764119
763944
763954
764084
764221
764055
764164
763987
764058
764129
764004
763907
763902
763933
763978
764252
764106
763963
763951
764050
764097
764117
764126
763937
764052
764046
763942
764122
764077
764047
764092
764095
763988
763934
763993
763956
763990
763975
763958
764101
764086
764044
763959
764121
763962
764170
763977
763923
763946
764073
764089
764076
764067
764128
764045
764070
764256
763970
763957
764000
764132
764065
763945
764006
764082
763979
763930
764007
763947
763955
764124
763941
764008
763924
763983
763940
764113
764001
764120
763997
763938
763971
763931
763999
763920
763910
763921
763972
763898
763991
763917
763932
764057
764172
763935
764090
763976
764100
764099
764169
764059
764115
764091
764074
763903
764130
764125
763908
764096
764002
764131
763960
764049
764064
763994
764107
763953
764081
764066
763964
763989
763996
764114
764072
764056
764063
764220
764116
763969
763905
763918
764127
763980
764104
763911
764162
763926
764307
764102
764061
764098
763998
763929
764088
763912
764253
763914
763925
764003
764171
763919
764111
764083
764108
763927
763986
763967
764257
763922
764043
763900
764112
764254
763899
764105
763915
764054
763965
763936
764093
763950
764118
763995
764060
763974
763992
763901
763948
763952
764053
764051
763968
764005
764173
764192
764087
764085
763928
764079
764075
763913
764048
764068
763985
