712241
712184
712250
712268
712276
712272
712270
712197
712258
712327
712224
712191
712141
712251
712233
712187
712227
712226
712185
712238
712180
712192
712206
712254
712237
712274
712323
712176
712239
712269
712243
712273
712142
712424
712271
712330
712255
712244
712248
712234
712325
712186
712245
712230
712253
712257
712256
712326
712232
712235
712231
712228
712140
712398
712329
712290
712275
712328
712196
712236
712249
712198
712320
712225
712356
712322
712240
712242
712246
712266
712267
712178
712223
712177
712181
