767191
767261
767373
767181
767161
767197
767202
767358
767364
767169
767205
767310
767142
767268
767196
767239
767362
767195
767262
767150
767186
767175
767365
767267
767211
767241
767357
767366
767258
767237
767256
767155
767307
767188
767189
767315
767327
767244
767123
767200
767282
767238
767341
767209
767210
767354
767194
767344
767124
767308
767127
767125
767187
767176
767340
767368
767153
767270
767185
767177
767156
767193
767160
767356
767131
767183
767164
767173
767329
767371
767353
767212
767286
767148
767271
767134
767208
767252
767363
767248
767213
