683955
683946
683914
683956
683920
683905
683925
683902
684019
684030
684029
683926
684023
683868
683915
683861
683856
683909
683900
683912
683863
683992
684010
683842
683932
683913
683866
683921
683854
683976
683895
683931
684024
683837
684002
683847
683870
684039
683935
684015
683967
683952
684016
683845
683975
683849
683906
683907
683865
683860
683894
683852
683979
683938
684033
683901
683966
683937
684027
683911
684022
683982
683945
683874
683869
684028
683855
683950
683857
683886
683916
683927
684008
683883
683951
683872
684038
683896
683862
683841
683858
683877
684031
683972
684001
683903
683963
683993
683876
683887
683836
684018
683970
683898
683899
683991
684000
683873
683995
683981
683844
683833
683965
683957
684005
683974
683882
683885
683881
683838
683918
683942
683910
683891
683998
683893
684012
683923
683867
683890
683853
683960
683962
683948
684026
683840
683892
683930
684020
683977
683984
683848
684014
684017
683988
683851
684025
683961
683846
684035
683908
684034
683996
683843
683839
683875
683859
683922
683850
683835
683954
683897
683971
683941
683940
683989
683936
683879
684037
683939
683864
683949
683985
683968
683947
684003
683884
683928
684007
683964
684006
683958
684021
683933
683994
684011
683986
683953
684036
684009
683983
683944
683834
683880
683990
683871
683924
683888
683997
683999
683904
684032
684013
683980
683987
683917
684004
683929
683934
683943
