769234
769444
769378
769340
769353
769374
769352
769201
769461
769363
769391
769361
769379
769380
769367
769366
769376
769377
769456
769339
769465
769302
769360
769359
769390
769176
769301
769304
769357
769294
769364
769467
769173
769354
769365
769430
769509
769450
769298
769187
769188
769213
769349
769381
769346
769368
769203
769459
769284
769281
769245
769348
769470
769350
769468
769469
769412
769291
769347
769282
769236
769305
769235
769202
769484
769179
769290
769453
769369
769396
769440
769307
769355
769397
769372
769457
769341
769296
769177
