727705
727926
727645
727735
727716
727656
727943
727690
727756
727714
727672
727932
727685
727651
727725
727666
727647
727928
727664
727678
727681
727992
727644
727700
727760
727950
727706
727630
727658
727661
727640
727697
727923
727628
727757
727670
727718
727969
727638
727712
727709
727991
727702
727629
727715
727688
727947
727781
727696
727668
727686
727920
727921
727968
727673
727949
727657
727641
727755
727916
727626
727692
727698
727713
727663
727758
727631
727646
727804
727701
727639
727805
727933
727967
727780
727717
727919
727654
727662
727652
727682
727643
727927
727693
727675
727659
727627
727941
727918
727707
727945
727981
727642
727925
727648
727946
727660
727711
727669
727665
727704
727650
727677
727649
727915
727710
727695
727653
727625
