765204
764861
764831
765239
764864
765111
765090
764887
765108
765182
765122
765200
764992
764815
765003
765121
765198
765287
765202
764875
764830
765004
765113
764990
765119
765106
764940
765244
764983
765199
765120
765115
765069
765241
765247
764965
764963
765294
764827
764968
764991
764860
765246
765070
765049
764967
765045
765242
765325
764870
764829
764872
765117
765112
765148
765292
765203
765240
764972
764970
765216
764989
765245
764996
765289
764995
765118
764873
764966
764994
764971
765215
765092
764969
765201
764964
765243
764862
