776562
776518
776531
776572
776507
776613
776573
776550
776499
776767
776578
776492
776590
776498
776694
776655
776772
776616
776769
776552
776517
776574
776776
776543
776561
776594
776568
776770
776489
776520
776516
776566
776595
776523
776657
776508
776652
776627
776602
776505
776654
776557
776775
776533
776529
776556
776658
776576
776758
776493
776628
776296
776494
776560
776600
776294
776773
776521
776512
776567
776692
776631
776564
776702
776548
776502
776549
776558
776545
776553
776650
776546
776633
776625
776565
776538
776603
776541
776301
776569
776700
776539
776571
776534
776295
776536
776563
776497
776264
776519
776503
776637
776513
776515
776313
776514
776597
776293
776634
776733
776559
776695
776736
776392
776532
776735
776656
776500
776528
776551
776506
776530
776640
776579
776621
776635
776496
776589
776542
776504
776575
776580
776618
776577
776570
776501
776311
776729
776540
776297
776495
776644
776606
776771
776624
776490
776315
776522
776626
