687657
687649
687857
687654
687852
687854
687611
687650
687849
687662
687856
687656
687855
687850
687851
687652
687752
687761
687763
687771
687773
687777
687780
687788
687813
687885
687842
687843
687845
687847
687848
687741
687737
687745
687743
687594
687888
687887
687886
687884
687883
687882
687881
687880
687879
687878
687877
687876
687875
687874
687873
687872
687868
687867
687866
687865
687864
687862
687861
687860
687858
687759
687758
687846
687844
687840
687839
687838
687837
687836
687835
687834
687833
687832
687831
687830
687829
687828
687827
687826
687825
687824
687823
687822
687757
687760
687821
687762
687756
687820
687819
687818
687816
687815
687814
687812
687811
687810
687809
687808
687807
687806
687805
687804
687634
687630
687628
687803
687802
687801
687800
687799
687798
687797
687796
687795
687794
687792
687791
687790
687789
687787
687786
687785
687784
687783
687782
687781
687779
687778
687776
687775
687774
687772
687770
687769
687767
687765
687764
687755
687754
687753
687751
687750
687749
687748
687747
687746
687621
687744
687740
687739
687738
687736
687735
687734
687733
687732
687731
687730
687729
687728
687727
687726
687632
687627
687725
687724
687723
687722
687721
687720
687719
687718
687717
687716
687715
687714
687713
687712
687711
687710
687709
687708
687707
687706
687705
687704
687703
687633
687618
687702
687701
687700
687699
687698
687697
687696
687695
687694
687610
687683
687693
687692
687691
687690
687689
687688
687687
687686
687685
687684
687623
687682
687681
687680
687679
687678
687677
687676
687675
687674
687673
687629
687672
687671
687668
687670
687669
687667
687666
687624
687619
687665
687664
687663
687661
687660
687659
687658
687655
687653
687651
687648
687647
687646
687645
687644
687643
687642
687641
687640
687639
687638
687637
687636
687622
687635
687617
687631
687626
687625
687620
687616
687615
687614
687613
687612
687609
687608
687607
687606
687605
687604
687603
687602
687600
687599
687598
687597
687595
687593
687592
687591
687589
687588
687587
687586
687585
687584
687583
687582
687579
687578
687577
687576
687575
687574
687573
687572
687571
687570
687569
687568
687567
687566
687565
687564
687563
687562
687559
687558
