626705
626679
626712
626874
626929
626926
626932
626933
626928
626927
626925
626924
626923
626800
626799
626807
626809
626802
626804
626805
626806
626808
626803
626801
626798
626935
626934
626916
626919
626920
626921
626918
626917
626915
626913
626795
626796
626797
626794
626791
626792
626790
626789
626787
626785
626784
626786
626783
626788
626782
626781
626780
626778
626779
626777
626776
626775
626774
626773
626772
626769
626770
626771
626768
626767
626766
626765
626764
626754
626750
626861
626864
626880
626906
626681
626680
626724
626930
626963
626962
626961
626960
626959
626958
626957
626956
626955
626954
626953
626952
626951
626950
626949
626948
626931
626946
626945
626943
626942
626941
626940
626939
626938
626937
626936
626922
626914
626912
626911
626910
626909
626908
626907
626904
626903
626900
626848
626865
626850
626852
626899
626898
626897
626896
626895
626894
626893
626892
626891
626890
626889
626887
626885
626883
626881
626879
626878
626877
626875
626853
626858
626862
626872
626873
626855
626854
626845
626866
626871
626847
626869
626868
626863
626860
626859
626857
626856
626851
626849
626844
626843
626842
626841
626840
626838
626837
626836
626835
626834
626833
626832
626831
626830
626829
626828
626827
626826
626825
626824
626823
626822
626821
626820
626819
626818
626817
626816
626815
626814
626813
626812
626811
626810
626763
626762
626761
626760
626759
626758
626757
626756
626755
626753
626752
626751
626748
626749
626747
626746
626745
626744
626742
626741
626740
626739
626738
626737
626736
626735
626733
626732
626731
626730
626729
626727
626726
626725
626723
626722
626721
626720
626719
626718
626717
626716
626699
626714
626713
626711
626710
626709
626708
626707
626704
626703
626702
626701
626700
626694
626693
626692
626690
626691
626689
626688
626687
626686
626684
626685
626683
