606266
606245
606210
606209
606299
606193
606296
606292
606199
606191
606226
606243
606309
606300
606290
606201
606198
606196
606189
606173
606172
606246
606288
606185
606183
606181
606179
606171
606406
606405
606302
606294
606269
606242
606241
606240
606232
606230
606228
606370
606224
606297
606298
606286
606279
606275
606272
606271
606267
606263
606262
606220
606215
606365
606366
606368
606375
606372
606371
606367
606369
606213
606170
606154
606158
606383
606382
606379
606358
606376
606380
606381
606377
606354
606356
606357
606361
606359
606362
606349
606360
606348
606346
606345
606350
606347
606274
606265
606268
606216
606306
606328
606325
606326
606340
606342
606343
606339
606335
606333
606329
606337
606336
606334
606338
606332
606331
606330
606323
606321
606319
606322
606320
606318
606408
606407
606208
606324
606255
606256
606257
606258
606259
606411
606410
606409
606178
606177
606404
606403
606402
606401
606400
606399
606312
606313
606314
606315
606317
606341
606344
606351
606352
606353
606355
606363
606364
606374
606378
606384
606385
606386
606387
606388
606389
606390
606391
606392
606393
606394
606395
606396
606397
606398
606373
606260
606261
606284
606283
606253
606254
606159
606167
606327
606251
606249
606248
606247
606281
606244
606176
606166
606165
606164
606160
606156
606155
606316
606311
606308
606304
606307
606295
606252
606250
606273
606289
606277
606161
606285
606280
606278
606282
606276
606270
606239
606238
606237
606236
606235
606234
606233
606231
606229
606223
606222
606221
606219
606218
606217
606214
606212
606211
606207
606206
606205
606204
606203
606202
606200
606188
606187
606184
606175
606169
606168
606163
606162
