658834
658826
658672
658673
658671
658848
658847
658846
658844
658843
658842
658841
658840
658839
658838
658837
658835
658833
658720
658780
658786
658698
658714
658778
658787
658831
658832
658830
658829
658828
658827
658825
658824
658823
658822
658821
658820
658819
658818
658817
658816
658815
658814
658813
658811
658810
658809
658808
658807
658806
658805
658804
658803
658802
658801
658800
658799
658798
658796
658797
658795
658794
658792
658791
658793
658790
658788
658785
658784
658783
658782
658781
658779
658776
658775
658774
658773
658772
658771
658770
658769
658768
658767
658766
658765
658764
658763
658762
658761
658760
658759
658758
658757
658756
658755
658754
658753
658752
658751
658750
658749
658748
658747
658746
658745
658744
658743
658742
658741
658740
658739
658738
658736
658734
658732
658728
658727
658726
658725
658723
658722
658721
658719
658718
658717
658716
658715
658713
658712
658711
658710
658709
658708
658707
658706
658705
658704
658703
658702
658701
658700
658699
658697
658696
658695
658694
658693
658692
658691
658690
658689
658688
658686
658685
658683
658682
658681
658680
658679
658678
658677
658676
658675
658670
658669
658668
658667
658666
658665
658663
658662
658660
658659
658658
658657
658656
658655
658654
658653
658652
658651
658650
658649
658648
658647
658646
658645
658644
658643
658641
658640
658639
658638
