604319
604310
604306
604287
604445
604444
604423
604221
604489
604330
604285
604487
604475
604474
604473
604470
604289
604452
604421
604429
604431
604428
604427
604430
604424
604420
604425
604451
604426
604447
604446
604448
604438
604449
604439
604440
604441
604442
604443
604437
604436
604435
604434
604433
604432
604482
604479
604478
604469
604468
604467
604466
604490
604415
604418
604401
604409
604407
604404
604414
604417
604413
604416
604419
604412
604410
604411
604403
604406
604402
604400
604408
604405
604398
604399
604296
604480
604476
604477
604329
604243
604244
604331
604333
604471
604472
604465
604464
604463
604240
604239
604238
604237
604236
604235
604234
604233
604232
604231
604462
604461
604454
604302
604453
604422
604387
604397
604391
604390
604393
604392
604394
604395
604388
604386
604385
604384
604389
604396
604276
604383
604382
604381
604380
604379
604378
604377
604347
604375
604370
604374
604371
604372
604373
604369
604368
604367
604365
604366
604362
604364
604359
604363
604361
604360
604358
604357
604316
604315
604485
604483
604227
604252
604256
604281
604335
604376
604332
604294
604257
604356
604352
604350
604351
604353
604355
604354
604344
604346
604349
604345
604343
604348
604342
604341
604340
604339
604337
604267
604265
604288
604291
604292
604293
604304
604314
604307
604312
604295
604242
604225
604224
604486
604459
604458
604457
604456
604450
604226
604338
604336
604328
604327
604326
604325
604324
604323
604322
604321
604320
604318
604317
604313
604311
604309
604308
604305
604303
604301
604300
604299
604298
604297
604290
604286
604284
604282
604280
604279
604278
604277
604275
604274
604273
604272
604271
604270
604269
604268
604266
604264
604263
604262
604261
604260
604259
604258
604255
604254
604253
604251
604250
604249
604248
604247
604246
604245
604241
604230
604229
604228
604223
604222
604220
