652431
652432
652761
652764
652766
652778
652779
652504
652542
652624
652543
652507
652505
652435
652442
652512
652562
652563
652588
652639
652641
652656
652701
652481
652480
652478
652467
652470
652479
652477
652760
652468
652469
652783
652782
652781
652780
652777
652776
652775
652774
652773
652772
652771
652770
652769
652768
652765
652734
652732
652763
652762
652741
652739
652730
652759
652758
652757
652755
652754
652753
652752
652751
652750
652749
652748
652747
652746
652723
652733
652737
652736
652745
652744
652743
652742
652738
652731
652740
652735
652729
652728
652727
652726
652725
652724
652722
652721
652720
652719
652718
652717
652716
652715
652714
652713
652711
652710
652709
652708
652707
652706
652705
652599
652598
652704
652703
652702
652700
652699
652698
652697
652696
652695
652694
652693
652692
652691
652690
652689
652688
652687
652686
652685
652684
652683
652682
652681
652680
652679
652678
652677
652676
652675
652674
652673
652672
652671
652670
652669
652668
652667
652666
652665
652664
652663
652662
652661
652660
652659
652658
652657
652655
652654
652653
652652
652651
652650
652649
652648
652647
652646
652645
652644
652643
652642
652640
652600
652585
652637
652636
652635
652634
652485
652633
652632
652630
652629
652628
652627
652626
652625
652583
652584
652581
652623
652622
652621
652620
652619
652618
652617
652616
652615
652614
652613
652612
652611
652610
652609
652532
652608
652606
652605
652604
652603
652602
652601
652597
652596
652595
652594
652531
652513
652592
652591
652589
652587
652586
652582
652580
652579
652578
652577
652576
652575
652574
652573
652571
652570
652569
652568
652567
652566
652564
652561
652560
652559
652558
652557
652556
652555
652554
652553
652552
652551
652549
652548
652533
652547
652546
652545
652544
652536
652535
652541
652540
652539
652538
652537
652534
652530
652529
652528
652527
652517
652516
652526
652525
652524
652515
652514
652523
652522
652521
652520
652519
652518
652510
652509
652508
652506
652501
652500
652502
652498
652503
652499
652497
652496
652495
652494
652493
652492
652491
652490
652489
652488
652487
652486
652484
652483
652482
652476
652475
652474
652473
652472
652471
652466
652465
652464
652463
652462
652461
652460
652459
652458
652456
652455
652454
652453
652452
652451
652450
652449
652448
652447
652446
652445
652444
652443
652441
652440
652438
652437
652436
652434
652433
652430
