646231
646014
646011
646013
646067
646066
646012
646023
646022
646215
646216
646217
646218
646219
646232
646230
646228
646227
646226
646225
646223
646222
646221
646220
646214
646199
646200
646201
646202
646203
646204
646205
646206
646207
646208
646209
646210
646211
646212
646213
646198
646197
646196
646192
646195
646194
646193
646191
645936
645947
645982
646027
646029
646064
646074
646126
646167
646190
646189
646188
646187
646186
646185
646184
646183
646181
646180
646179
646070
646069
646178
646177
646176
646175
646174
646173
646172
646171
646170
646169
646168
646166
646165
646164
646162
646160
646159
646158
646157
646156
646155
646153
646152
646151
646150
646149
646148
646147
646146
646144
646142
646140
646139
646138
646137
646136
646135
646134
646133
646073
646071
646132
646131
646130
646129
646128
646127
646125
646124
646123
646121
646120
646119
646118
646117
646114
646113
646112
646110
646109
646107
646106
646105
646104
646103
646102
646101
646100
646099
646098
646097
646096
646095
646094
646093
646092
646091
646090
646089
646088
646087
646086
646085
646084
646083
646082
646081
646080
646079
646078
646077
646076
646075
646072
646068
646065
646063
646062
646061
646060
646059
646058
646057
646056
646055
646054
646053
646052
646051
646050
646049
646048
646047
646046
646045
646044
646043
646042
646041
646040
646039
646038
646037
646032
646031
646030
646036
646035
646034
646033
646028
646026
646025
646024
646021
646020
646018
646017
646016
646010
646009
646008
646007
646006
646005
646004
646003
646002
646001
646000
645999
645998
645997
645996
645995
645994
645993
645992
645991
645990
645988
645987
645985
645984
645983
645981
645980
645979
645978
645977
645976
645974
645972
645971
645970
645969
645968
645967
645966
645965
645964
645963
645962
645961
645960
645958
645957
645955
645952
645951
645950
645949
645948
645946
645944
645943
645942
645941
645940
645939
645938
645935
645934
645932
645931
645930
645929
