620610
620543
620628
620626
620627
620625
620623
620622
620624
620621
620620
620650
620530
620688
620528
620526
620525
620705
620686
620685
620675
620607
620605
620604
620699
620697
620603
620601
620677
620695
620691
620680
620660
620659
620654
620594
620593
620579
620577
620574
620573
620570
620569
620563
620571
620572
620562
620689
620560
620696
620648
620672
620687
620635
620558
620559
620523
620521
620609
620669
620667
620666
620665
620664
620707
620690
620708
620706
620704
620703
620702
620701
620700
620698
620694
620693
620692
620682
620545
620611
620645
620643
620637
620636
620649
620670
620671
620652
620684
620683
620681
620679
620678
620676
620674
620673
620663
620662
620658
620656
620655
620653
620651
620647
620646
620644
620642
620640
620639
620638
620634
620633
620632
620631
620630
620629
620619
620618
620617
620616
620615
620613
620612
620608
620606
620599
620598
620568
620587
620596
620595
620592
620591
620590
620589
620588
620586
620585
620584
620583
620582
620581
620580
620578
620576
620575
620567
620566
620565
620564
620557
620556
620555
620550
620549
620548
620553
620552
620551
620540
620546
620547
620544
620541
620542
620531
620539
620538
620537
620536
620535
620534
620533
620532
620527
