621935
621909
622026
622013
622080
622065
622082
622077
622059
622064
622081
622058
622067
622061
622057
622056
621906
621989
621898
621896
621894
621892
621891
622136
622132
622085
622073
622072
622071
622070
622069
622063
622066
621971
621966
621962
621961
621956
622111
622110
622109
622107
622108
622105
622106
622100
622104
622102
622103
622031
622032
622025
622024
622023
622016
622008
621996
621994
621972
622093
622094
621973
621974
621975
621953
621951
621949
621922
621902
621904
621903
621901
621899
621897
621890
621889
622076
622001
622002
622005
622122
622084
622036
622135
622134
622113
622112
622115
622114
621990
621991
621992
622137
622133
622131
622075
622029
622028
622022
622021
622020
622018
622017
622012
622010
622129
622128
622006
622127
622126
622125
622123
622124
622121
622120
622119
622118
622117
622116
622101
622099
622098
622097
622096
622095
622092
622091
622090
622089
622088
622087
622086
622083
622079
622074
622055
622034
622030
622027
622019
622007
621923
622004
622003
622000
621998
621997
621995
621993
621988
621987
621986
621985
621982
621984
621983
621981
621980
621979
621978
621977
621976
621970
621969
621950
621968
621967
621965
621964
621963
621960
621959
621958
621957
621955
621942
621954
621948
621947
621945
621924
621944
621943
621941
621940
621939
621938
621937
621936
621934
621933
621932
621931
621930
621929
621928
621925
621921
621910
621920
621919
621918
621917
621916
621915
621914
621913
621911
621912
621908
621905
621900
