611873
611872
611871
611870
611869
611868
611867
611865
611864
611778
611943
611900
611752
611897
611883
611881
611933
611808
611809
611810
611811
611812
611819
611756
611755
611754
611944
611920
611913
611935
611927
611925
611923
611895
611890
611888
611887
611849
611840
611924
611916
611763
611762
611761
611788
611877
611880
611889
611775
611918
611919
611774
611937
611834
611892
611896
611792
611939
611926
611767
611766
611893
611813
611747
611748
611750
611795
611796
611797
611798
611799
611800
611801
611802
611784
611741
611820
611942
611941
611940
611938
611936
611934
611814
611803
611804
611805
611806
611932
611842
611839
611837
611931
611930
611929
611928
611922
611917
611915
611914
611912
611911
611910
611909
611907
611906
611905
611904
611903
611902
611901
611899
611785
611898
611783
611782
611781
611780
611779
611891
611807
611894
611815
611816
611886
611885
611884
611882
611878
611817
611876
611821
611822
611824
611825
611875
611826
611827
611828
611829
611874
611830
611832
611836
611838
611841
611843
611844
611845
611846
611847
611848
611850
611851
611852
611866
611854
611855
611856
611857
611858
611859
611860
611861
611862
611863
611853
611835
611833
611823
611818
611793
611794
611791
611790
611789
611787
611777
611776
611772
611771
611770
611769
611768
611765
611764
611760
611758
611757
611751
611744
611739
611740
611742
611743
