647912
647901
647928
647927
647929
647924
647925
647923
647922
647920
647921
647919
647918
647917
647916
647915
647902
647903
647914
647913
647911
647910
647909
647908
647907
647906
647905
647904
647900
648076
648077
648078
648080
648082
648086
647781
647783
647784
647896
647895
647888
647894
647892
647890
647884
647882
647885
647893
647886
647887
647889
647883
647881
647897
647880
647744
647752
647753
647757
647785
647792
647802
647823
647832
647868
647899
647930
647953
647980
647994
648009
648010
648022
648023
648057
648068
648085
648084
648083
648081
648079
648075
648074
648073
648072
648071
648070
648069
648067
648066
648065
648064
648063
648062
648061
648060
648059
648058
648056
648055
648054
648053
648052
648051
648050
648049
648048
648047
648046
648045
648044
648043
648042
648041
648039
648038
648036
648035
648034
648033
648031
648029
648028
648027
648026
648025
648024
648018
648019
648020
648021
648017
648016
648015
648014
648013
648012
648011
648008
648007
648006
648004
648003
648001
648000
647999
647998
647997
647996
647995
647993
647992
647991
647990
647989
647988
647987
647986
647985
647984
647983
647982
647981
647979
647978
647977
647976
647975
647974
647973
647972
647971
647970
647969
647968
647967
647966
647965
647964
647963
647961
647960
647959
647958
647957
647956
647955
647954
647943
647952
647951
647950
647949
647948
647947
647946
647945
647944
647942
647941
647940
647939
647938
647937
647936
647935
647934
647933
647932
647931
647926
647898
647891
647879
647878
647877
647876
647875
647874
647873
647872
647871
647870
647869
647867
647866
647865
647864
647863
647856
647862
647861
647860
647859
647858
647857
647855
647854
647853
647852
647851
647850
647849
647848
647847
647846
647845
647844
647843
647842
647814
647815
647816
647817
647821
647822
647824
647825
647827
647828
647829
647830
647831
647833
647834
647835
647836
647837
647838
647839
647840
647841
647826
647820
647819
647818
647813
647812
647811
647810
647809
647808
647807
647805
647804
647803
647801
647800
647799
647798
647797
647796
647795
647794
647793
647791
647790
647789
647788
647787
647782
647780
647779
647778
647777
647776
647775
647774
647773
647772
647771
647770
647769
647768
647765
647764
647762
647761
647760
647759
647756
647755
647754
647750
647749
647748
647747
647745
647743
647742
647741
647740
647739
647738
647737
647736
647735
647734
647733
647732
647731
647730
647729
647728
647727
647726
647725
647724
647723
