686232
686546
686251
686381
686380
686379
686396
686384
686393
686389
686385
686387
686491
686266
686513
686514
686507
686477
686479
686515
686509
686474
686510
686471
686511
686508
686476
686475
686237
686229
686543
686544
686545
686542
686541
686540
686539
686538
686228
686236
686233
686248
686247
686239
686246
686265
686263
686547
686269
686301
686320
686325
686328
686330
686336
686337
686455
686502
686553
686573
686548
686523
686522
686227
686571
686569
686568
686567
686566
686565
686564
686563
686560
686558
686557
686556
686555
686554
686552
686551
686550
686549
686536
686535
686537
686534
686533
686532
686531
686530
686529
686528
686527
686526
686525
686440
686439
686521
686520
686519
686518
686517
686516
686442
686443
686512
686506
686505
686504
686503
686444
686501
686500
686499
686446
686445
686498
686497
686496
686495
686492
686490
686489
686488
686441
686487
686486
686485
686484
686483
686482
686480
686478
686473
686472
686470
686469
686468
686467
686465
686464
686463
686462
686461
686460
686459
686458
686457
686456
686451
686450
686449
686448
686447
686438
686437
686436
686435
686434
686433
686432
686431
686428
686429
686430
686427
686426
686425
686424
686423
686422
686421
686420
686419
686418
686417
686416
686415
686414
686413
686412
686410
686409
686408
686407
686406
686405
686404
686403
686402
686401
686400
686399
686398
686397
686395
686394
686392
686391
686390
686388
686386
686383
686382
686378
686377
686376
686375
686374
686373
686372
686371
686361
686363
686362
686364
686370
686369
686368
686367
686366
686365
686360
686359
686358
686357
686356
686355
686354
686353
686352
686351
686350
686349
686348
686347
686346
686343
686341
686340
686339
686335
686334
686333
686332
686331
686329
686327
686326
686324
686323
686322
686321
686319
686318
686317
686316
686315
686314
686313
686312
686311
686310
686309
686308
686307
686306
686305
686304
686303
686302
686300
686299
686298
686297
686296
686294
686293
686292
686291
686290
686289
686288
686287
686286
686285
686284
686283
686282
686281
686280
686279
686278
686277
686276
686275
686274
686273
686272
686271
686270
686264
686261
686260
686258
686256
686254
686250
686249
686245
686244
686243
686242
686241
686240
686238
686235
686234
686231
686230
686226
686225
686224
686223
686222
686221
686220
686219
686218
686217
686215
