629412
629411
629410
629372
629422
629425
629444
629448
629472
629481
629509
629546
629569
629606
629605
629604
629603
629602
629601
629600
629599
629598
629597
629596
629595
629594
629593
629592
629591
629590
629589
629588
629587
629586
629584
629583
629582
629581
629580
629579
629578
629577
629576
629575
629574
629573
629572
629571
629570
629568
629567
629566
629565
629564
629563
629562
629561
629560
629559
629558
629557
629556
629555
629554
629553
629552
629551
629550
629548
629547
629545
629544
629543
629542
629541
629540
629539
629538
629536
629535
629534
629533
629532
629530
629529
629528
629527
629526
629525
629524
629523
629522
629521
629520
629519
629518
629517
629516
629515
629514
629513
629512
629511
629510
629508
629507
629506
629504
629503
629502
629501
629500
629499
629498
629497
629496
629495
629494
629493
629491
629490
629489
629488
629487
629486
629485
629484
629483
629482
629480
629479
629478
629477
629476
629475
629473
629471
629470
629469
629468
629467
629466
629465
629464
629463
629462
629461
629460
629459
629458
629457
629456
629455
629454
629453
629452
629451
629450
629449
629447
629446
629445
629443
629442
629441
629440
629439
629438
629437
629436
629435
629434
629433
629432
629431
629430
629429
629428
629427
629424
629423
629421
629420
629419
629418
629417
629416
629415
629414
629413
629409
629408
629407
629406
629405
629404
629403
629402
629401
629400
629399
629398
629397
629396
629395
629394
629393
629392
629389
629390
629391
629388
629387
629386
629385
629384
629383
629382
629381
629380
629379
629378
629377
629376
629375
629374
629373
629371
629370
629369
629368
629367
629366
629365
