613959
614000
613999
613996
613997
613995
613994
613989
613953
613948
613943
613944
613946
613947
613988
613990
613941
613939
613938
613936
613940
613935
613933
613932
614064
613774
613965
613973
614023
614069
614065
614061
614051
614042
613805
614040
614026
614016
614012
613979
613909
614068
613986
613985
613983
613952
613950
614028
613981
613978
613902
613876
613874
613869
613859
613858
613855
613972
613961
613958
613957
613954
613945
613942
613968
614022
613966
613964
613963
613992
613926
613921
613849
613847
613838
613803
613956
613898
614024
614025
613931
613930
613923
613911
613908
613904
613786
613755
614005
614002
613975
613914
613793
613788
613770
613756
613875
613878
613879
613880
614021
614055
613802
613895
613894
613893
613892
613769
613791
613804
613877
613912
613910
614003
613934
614067
614063
614060
614059
614056
614058
614053
614054
614057
614052
614050
614045
614044
614048
614046
614049
614047
614031
614032
614033
614034
614035
614036
614037
614038
614039
614029
614030
614027
613867
614020
613949
613925
613924
613920
613919
613916
614019
614018
614008
614007
614006
614004
614001
613998
613991
613987
613982
613976
613977
613974
613971
613970
613918
613967
613962
613955
613897
613896
613917
613913
613907
613906
613905
613903
613901
613900
613899
613891
613890
613889
613888
613887
613886
613885
613884
613883
613882
613881
613873
613872
613850
613860
613871
613862
613870
613868
613866
613865
613864
613848
613863
613835
613837
613839
613840
613845
613852
613856
613861
613853
613844
613843
613842
613841
613834
613833
613832
613831
613830
613829
613828
613826
613754
613820
613821
613822
613823
613824
613825
613819
613818
613817
613816
613815
613814
613813
613812
613811
613810
613809
613806
613798
613801
613800
613799
613797
613767
613808
613807
613794
613792
613773
613772
613790
613787
613785
613784
613783
613782
613781
613780
613779
613778
613777
613776
613768
613766
613765
613764
613763
613762
613761
613759
613758
