679494
679526
679528
679583
679639
679705
679709
679717
679732
679749
679756
679761
679781
679780
679779
679778
679777
679776
679775
679774
679773
679772
679771
679770
679769
679768
679767
679766
679765
679764
679763
679762
679760
679759
679758
679757
679755
679754
679753
679752
679751
679750
679748
679747
679746
679745
679744
679743
679742
679741
679740
679739
679738
679737
679736
679735
679734
679733
679731
679730
679729
679728
679727
679726
679725
679724
679723
679722
679721
679720
679719
679718
679716
679715
679714
679713
679712
679711
679710
679708
679707
679706
679704
679703
679701
679700
679699
679698
679697
679696
679695
679694
679693
679692
679691
679690
679689
679688
679687
679686
679685
679684
679682
679681
679680
679679
679678
679677
679676
679674
679671
679670
679669
679668
679667
679666
679665
679664
679663
679662
679661
679660
679659
679658
679657
679656
679655
679654
679653
679652
679651
679650
679649
679648
679647
679646
679645
679644
679643
679642
679641
679640
679638
679636
679635
679634
679633
679632
679631
679630
679629
679628
679627
679626
679625
679624
679623
679622
679621
679620
679619
679618
679617
679616
679615
679614
679613
679612
679611
679610
679609
679608
679606
679605
679604
679603
679602
679601
679600
679599
679598
679597
679596
679595
679593
679592
679591
679590
679589
679588
679587
679586
679585
679581
679580
679594
679579
679576
679574
679573
679584
679582
679578
679577
679575
679572
679571
679570
679569
679568
679567
679566
679565
679564
679563
679562
679560
679558
679557
679556
679555
679554
679553
679552
679551
679550
679549
679548
679547
679546
679545
679544
679543
679542
679541
679540
679539
679538
679537
679536
679535
679534
679533
679532
679531
679530
679529
679527
679525
679524
679523
679522
679521
679519
679518
679517
679516
679515
679514
679513
679512
679511
679510
679509
679508
679507
679506
679505
679504
679503
679502
679488
679489
679492
679498
679497
679496
679495
679491
679490
679487
679486
679485
679484
