686586
686592
686593
686591
686584
686590
686589
686588
686587
686897
686894
686863
686869
686862
686895
686893
686876
686866
686898
686872
686874
686896
686873
686864
686610
686621
686622
686658
686665
686666
686679
686719
686731
686736
686795
686809
686810
686814
686828
686841
686805
686683
686682
686585
686962
686961
686960
686959
686958
686957
686956
686955
686954
686953
686952
686951
686949
686947
686946
686945
686944
686943
686942
686941
686940
686939
686938
686937
686936
686935
686934
686933
686932
686931
686930
686929
686928
686927
686926
686925
686924
686923
686922
686921
686919
686918
686917
686916
686915
686914
686913
686912
686911
686909
686908
686907
686906
686905
686904
686902
686901
686900
686899
686892
686891
686890
686889
686888
686887
686886
686885
686884
686883
686882
686881
686880
686879
686865
686878
686877
686875
686870
686868
686867
686859
686857
686856
686855
686854
686853
686851
686850
686849
686848
686847
686846
686845
686844
686843
686842
686840
686839
686838
686837
686836
686835
686834
686833
686827
686826
686824
686820
686832
686831
686830
686829
686825
686823
686822
686821
686819
686818
686817
686816
686815
686813
686812
686811
686808
686807
686806
686804
686803
686802
686801
686800
686799
686797
686796
686794
686793
686792
686789
686788
686787
686786
686785
686784
686783
686782
686728
686727
686726
686725
686724
686723
686722
686781
686780
686779
686778
686777
686776
686775
686774
686773
686772
686771
686770
686769
686768
686767
686766
686765
686764
686763
686762
686761
686760
686759
686758
686757
686756
686755
686754
686753
686752
686751
686750
686749
686748
686747
686746
686745
686744
686743
686742
686741
686739
686738
686737
686735
686734
686733
686732
686730
686729
686720
686718
686717
686716
686715
686714
686713
686711
686710
686709
686708
686707
686706
686705
686704
686703
686702
686701
686700
686699
686698
686697
686696
686695
686694
686693
686692
686691
686690
686689
686688
686687
686686
686685
686684
686681
686680
686678
686677
686676
686675
686674
686673
686672
686671
686670
686669
686668
686667
686664
686663
686662
686661
686660
686659
686657
686656
686654
686653
686652
686651
686649
686648
686647
686646
686645
686644
686643
686642
686641
686640
686639
686638
686637
686636
686635
686634
686633
686632
686631
686630
686629
686628
686627
686626
686625
686624
686623
686620
686619
686618
686617
686616
686614
686613
686612
686611
686609
686608
686607
686606
686605
686604
686603
686602
686601
686600
686599
686598
686597
686596
686594
686583
686582
686581
686580
686579
686578
686577
686576
686575
686574
