608978
608999
608802
608821
608827
608971
608970
608957
608964
608948
608943
609001
608941
608965
608962
608960
608924
608982
608928
608917
608884
608882
608991
608979
608972
608931
608850
608838
608835
608830
608828
608818
608817
608813
608843
608845
608841
608885
608796
608791
608785
608781
608779
608772
608771
608770
608769
608768
608872
608753
608745
608959
608955
608954
608953
608952
608921
608915
608905
608899
608895
608890
608888
608867
608857
608765
608763
608762
608740
609024
608998
609013
608766
608863
608869
608891
608893
608918
608910
608906
608825
608816
608823
608877
608876
608881
608880
608879
608878
608875
608874
608814
608812
608803
608805
608808
608795
608794
608793
608790
608783
608759
608886
608761
608767
608865
608871
608887
608916
608861
608866
608911
608898
608894
608903
608937
608939
608938
608936
608935
608904
608896
608892
608902
608755
608743
608775
608758
608949
608860
608859
608883
609028
609027
609026
609025
609023
609022
609021
609020
609019
609018
609017
609016
609015
609014
609012
609011
609010
609009
609008
609007
609006
609005
609004
609003
609002
608997
608996
608995
608994
608993
608990
608989
608988
608987
608986
608985
608984
608983
608981
608977
608976
608975
608974
608969
608968
608967
608956
608951
608950
608947
608946
608945
608944
608942
608940
608934
608929
608930
608925
608919
608922
608920
608914
608913
608912
608909
608908
608907
608901
608900
608870
608868
608864
608862
608858
608856
608855
608854
608852
608851
608849
608848
608847
608840
608839
608833
608829
608801
608826
608824
608822
608815
608811
608809
608807
608806
608804
608800
608799
608798
608797
608792
608789
608788
608787
608786
608784
608782
608780
608777
608776
608774
608764
608760
608757
608756
608754
608752
608751
608750
608748
608747
608744
608742
608741
608739
608738
