687161
687152
687149
687146
687141
687150
687137
687151
687145
687143
687148
687095
687096
687098
687099
687175
687174
687173
687170
687169
687168
687166
687167
687165
687164
687163
687162
687160
687159
687158
687157
687156
687155
687154
687153
687147
687144
687142
687140
687139
687138
687136
687135
687134
687133
687131
687130
687129
687128
687127
687126
687124
687123
687121
687120
687119
687118
687117
687116
687115
687114
687113
687112
687111
687110
687109
687108
687107
687106
687105
687104
687103
687102
687101
687100
687097
687094
687093
687092
687091
687090
687089
687088
687087
687086
687085
687084
687083
687082
687026
687027
687042
687046
687055
687081
687080
687079
687078
687077
687076
687075
687074
687073
687072
687071
687070
687069
687068
687067
687066
687065
687064
687063
687062
687061
687060
687059
687058
687057
687056
687054
687053
687052
687051
687050
687049
687048
687047
687045
687044
687043
687041
687040
687039
687038
687037
687036
687035
687034
687033
687032
687031
687030
687029
687028
687025
687024
687023
687022
687021
687020
687019
687018
687017
687016
687015
687014
687013
687012
687011
687010
687007
687006
687005
687004
687003
687002
687001
687000
686999
686998
686997
686996
686995
686994
686993
686992
686991
686990
686989
686988
686987
686986
686985
686984
686983
686982
686981
686980
686979
686978
686977
686976
686975
686974
686973
686972
686971
686970
686969
686968
686967
686963
