681094
681093
681092
681090
681091
681089
681088
681087
680996
680994
680862
680956
680876
680881
680885
680875
680879
680873
680872
680869
680861
680857
680887
680878
680877
680982
680985
680984
680986
680987
681150
681144
681143
681142
681141
681140
681139
681138
681137
681136
681135
681134
681133
681132
680812
680836
680919
681010
681013
681034
681037
681044
681045
681057
681069
681131
681130
681129
681128
681124
681123
681122
681121
681120
681119
681118
681117
681116
681115
681114
681113
681112
681111
681110
681109
681108
681107
681106
681105
681104
681103
681102
681101
681100
681099
681098
681097
681096
680991
681095
681083
681082
681081
681080
681079
681078
681077
681076
681075
681074
681073
681072
681071
681070
681068
681067
681066
681065
681064
681063
681062
681061
681060
681059
681058
681056
681055
681054
681053
681052
681051
681050
681049
681048
681047
681046
681043
681042
681041
681040
681039
681038
681035
681036
681033
681032
681031
681029
681028
681027
681026
681025
681024
681023
681022
681020
681018
681017
681016
681015
681014
681012
681011
681009
681007
681006
681005
681003
681002
681001
681000
680999
680998
680997
680995
680993
680992
680990
680989
680988
680981
680980
680979
680978
680977
680976
680975
680974
680973
680972
680971
680970
680969
680968
680967
680966
680965
680964
680963
680962
680961
680959
680958
680957
680955
680954
680953
680952
680951
680950
680949
680948
680947
680946
680944
680943
680942
680941
680940
680939
680938
680906
680905
680937
680936
680935
680934
680933
680932
680931
680930
680929
680928
680927
680926
680925
680924
680923
680922
680921
680920
680907
680917
680916
680915
680914
680904
680913
680912
680911
680910
680908
680909
680903
680902
680901
680900
680899
680898
680897
680896
680895
680894
680893
680892
680891
680890
680889
680888
680886
680884
680883
680882
680880
680871
680870
680868
680867
680866
680865
680864
680860
680859
680858
680848
680853
680847
680856
680855
680849
680851
680854
680850
680846
680845
680844
680852
680843
680842
680841
680840
680839
680838
680837
680835
680834
680833
680832
680831
680830
680829
680827
680826
680825
680824
680823
680822
680821
680820
680819
680818
680817
680816
680815
680814
680813
680810
680808
680807
680771
680806
680805
680804
680803
680802
680801
680800
680799
680798
680797
680796
680793
680790
680789
680788
680787
680786
680785
680784
680783
680782
680781
680780
680779
680778
680777
680776
680775
680774
680773
680772
680770
680769
