632360
632359
632358
632357
632356
632355
632354
632353
632352
632351
632350
632349
632348
632347
632346
632345
632344
632343
632342
632341
632340
632339
632338
632337
632336
632335
632334
632333
632332
632331
632330
632329
632328
632327
632326
632325
632324
632323
632322
632321
632320
632319
632318
632317
632316
632315
632314
632313
632312
632311
632310
632309
632308
632307
632306
632305
632304
632303
632302
632301
632300
632299
632298
632297
632296
632294
632293
632292
632291
632290
632289
632288
632287
632286
632285
632284
632283
632282
632281
632280
632279
632278
632277
632275
632274
632273
632272
632271
632270
632269
632267
632266
632265
632264
632263
632262
632261
632260
632259
632256
632255
632254
632253
632252
632251
632250
632249
632248
632247
632246
632245
632244
632243
632242
632241
632239
632238
632237
632236
632235
632232
632233
632231
632230
632229
632228
632099
632098
632376
632441
632369
632372
632365
632364
632114
632418
632113
632367
632095
632110
632366
632109
632093
632374
632111
632370
632373
632108
632440
632015
632047
632065
632066
632067
632068
632069
632077
632101
632158
632200
632201
632403
632448
632499
632498
632497
632496
632495
632494
632493
632492
632491
632490
632489
632488
632487
632486
632485
632484
632483
632482
632481
632480
632477
632476
632475
632474
632473
632472
632471
632470
632469
632468
632467
632466
632465
632464
632463
632462
632461
632460
632459
632458
632457
632455
632454
632453
632451
632447
632446
632445
632444
632443
632442
632439
632437
632436
632435
632434
632433
632432
632431
632430
632429
632428
632426
632425
632424
632423
632422
632421
632420
632419
632417
632416
632415
632414
632413
632412
632411
632410
632409
632408
632407
632406
632405
632404
632402
632401
632400
632399
632398
632397
632395
632393
632392
632391
632390
632389
632388
632387
632386
632385
632384
632383
632382
632381
632380
632379
632377
632375
632371
632368
632363
632362
632361
632295
632268
632258
632257
632240
632234
632227
632226
632225
632224
632223
632222
632221
632220
632219
632218
632217
632216
632215
632214
632213
632212
632211
632210
632209
632208
632207
632206
632205
632204
632203
632202
632199
632198
632197
632196
632195
632194
632193
632191
632189
632188
632187
632186
632185
632184
632183
632182
632181
632180
632179
632178
632177
632176
632175
632173
632172
632170
632169
632168
632167
632166
632165
632164
632163
632162
632161
632160
632159
632156
632155
632154
632153
632152
632151
632150
632149
632147
632146
632145
632144
632143
632142
632141
632140
632138
632137
632135
632134
632133
632132
632131
632130
632129
632128
632127
632126
632125
632124
632123
632122
632121
632120
632118
632117
632116
632115
632112
632107
632106
632105
632104
632103
632102
632100
632096
632094
632092
632091
632090
632089
632088
632087
632086
632085
632084
632083
632082
632081
632080
632079
632078
632076
632075
632074
632073
632072
632071
632070
632064
632063
632062
632061
632060
632059
632058
632057
632056
632055
632054
632053
632052
632051
632050
632049
632048
632046
632045
632044
632043
632042
632041
632040
632039
632038
632037
632036
632035
632034
632033
632031
632030
632029
632028
632027
632026
632025
632024
632023
632022
632020
632019
632018
632017
632016
632014
632013
632012
