627103
627101
627102
627100
627099
627098
627097
627071
627112
627137
627061
627034
627062
627149
627198
627197
627196
627195
627194
627089
627209
627208
627207
627206
627205
627204
627203
627202
627201
627200
627199
627193
627192
627191
627190
627189
627188
627187
627186
627185
627184
627183
627182
627181
627180
627179
627178
627177
627176
627173
627175
627174
627172
627171
627169
627168
627167
627166
627165
627164
627163
627162
627161
627160
627159
627158
627157
627156
627155
627154
627153
627152
627151
627150
627033
627135
627136
627138
627148
627143
627146
627144
627142
627140
627139
627134
627133
627132
627131
627130
627129
627128
627127
627126
627125
627124
627123
627122
627121
627120
627119
627118
627117
627116
627115
627114
627113
627111
627110
627109
627107
627106
627105
627104
627096
627095
627093
627092
627090
626974
626975
626977
626976
627088
627087
627086
627085
627084
627083
627082
627081
627080
627079
627078
627077
627076
627075
627074
627073
627072
627070
627069
627068
627067
627066
627065
627064
627063
627060
627032
627059
627055
627054
627052
627050
627048
627047
627045
627044
627043
627042
627041
627040
627039
627038
627037
627036
627035
627031
627030
627029
627028
627027
627026
627025
627024
627023
627022
627021
627020
627019
627018
627017
627016
627015
627014
627013
627012
627011
627010
627009
627008
627007
627006
627005
627004
627003
627002
627001
627000
626999
626998
626997
626996
626995
626994
626993
626992
626991
626990
626989
626988
626987
626986
626985
626984
626983
626982
626981
626980
626979
626978
626973
626972
626971
626970
626969
626968
626967
626966
626965
626964
