644724
644733
644732
644727
644721
644730
644728
644723
644722
644704
644706
644719
644712
644710
644708
644720
644717
644716
644715
644713
644711
644709
644707
644702
644462
644694
644699
644703
644700
644689
644701
644695
644687
644686
644683
644681
644682
644679
644673
644668
644669
644671
644670
644672
644666
644665
644664
644803
644781
644802
644530
644529
644526
644524
644776
644782
644523
644801
644534
644532
644509
644522
644800
644536
644515
644779
644777
644778
644533
644517
644514
644518
644537
644528
644520
644510
644531
644799
644521
644798
644516
644797
644858
644879
644884
644886
644887
644899
644908
644924
644923
644922
644921
644920
644919
644918
644917
644915
644914
644913
644912
644911
644910
644909
644907
644906
644905
644904
644903
644902
644901
644900
644898
644897
644896
644895
644894
644893
644892
644891
644890
644889
644883
644882
644880
644877
644874
644873
644872
644871
644868
644867
644870
644869
644860
644859
644888
644885
644866
644865
644864
644863
644862
644861
644881
644878
644876
644875
644857
644856
644855
644854
644853
644852
644851
644847
644846
644527
644845
644844
644843
644842
644841
644840
644839
644838
644837
644836
644835
644834
644833
644832
644831
644830
644829
644828
644827
644826
644825
644824
644823
644822
644821
644820
644819
644818
644817
644816
644815
644814
644813
644812
644811
644810
644748
644742
644741
644809
644808
644807
644806
644805
644804
644747
644746
644757
644758
644759
644754
644755
644756
644743
644739
644796
644795
644794
644793
644792
644467
644541
644573
644599
644600
644602
644603
644613
644615
644623
644791
644790
644789
644788
644787
644786
644785
644784
644783
644780
644775
644774
644773
644772
644771
644770
644769
644768
644767
644766
644764
644763
644762
644761
644760
644753
644752
644751
644750
644749
644745
644744
644740
644738
644737
644736
644735
644734
644731
644729
644726
644725
644718
644714
644705
644698
644697
644696
644693
644692
644691
644690
644688
644685
644675
644667
644663
644662
644661
644660
644659
644658
644657
644656
644655
644654
644653
644652
644651
644650
644649
644648
644647
644646
644645
644644
644643
644642
644641
644640
644639
644638
644637
644636
644635
644634
644632
644631
644630
644629
644628
644627
644626
644625
644624
644622
644621
644620
644619
644618
644617
644616
644565
644562
644571
644614
644612
644611
644610
644609
644608
644607
644606
644605
644604
644601
644598
644597
644596
644595
644594
644593
644592
644591
644590
644589
644588
644568
644563
644587
644586
644585
644584
644583
644582
644581
644580
644564
644570
644579
644578
644577
644576
644575
644569
644574
644567
644572
644561
644566
644560
644559
644558
644557
644556
644555
644551
644549
644553
644552
644550
644548
644544
644545
644546
644547
644543
644542
644506
644505
644504
644540
644539
644538
644535
644525
644519
644513
644512
644511
644508
644507
644503
644502
644501
644499
644498
644497
644496
644495
644494
644493
644490
644489
644488
644487
644486
644485
644484
644483
644481
644480
644479
644478
644477
644476
644475
644474
644473
644472
644471
644468
644466
644469
644465
644464
644463
644461
