661109
661112
661113
661114
661115
660954
660955
660956
660957
661221
661213
661195
661212
661199
661198
660951
660962
660963
660964
660965
660966
661028
661043
661070
661129
661147
661164
661192
661210
661225
661194
661197
661193
661200
661108
661111
661116
661118
661117
661110
661242
661241
661240
661239
661238
661234
661233
661231
661230
661229
661228
661227
661226
661224
661223
661222
661220
661219
661218
661217
661216
661215
661214
661211
661209
661208
661207
661206
661205
661204
661203
661202
661201
661196
661191
661190
661189
661188
661187
661186
661185
661184
661183
661182
661181
661180
661179
661178
661177
661176
661174
661173
661172
661171
661169
661168
661167
661166
661165
661163
661162
661161
661160
661159
661158
661157
661156
661155
661154
661153
661152
661151
661150
661149
661148
661146
661145
661144
661143
661142
661140
661139
661138
661137
661136
661135
661134
661133
661132
661131
661128
661127
661126
661125
661124
661119
661123
661122
661121
661120
661102
661100
661107
661106
661105
661104
661103
661101
661099
661098
661097
661096
661095
661094
661093
661092
661091
661090
661089
661088
661087
661086
661085
661084
661083
661082
661081
661080
661079
661078
661077
661076
661075
661074
661073
661072
661071
661067
661066
661065
661064
661063
661062
661061
661060
661059
661058
661057
661056
661055
661054
661053
661052
661051
661050
661049
661048
661047
661046
661045
661044
661042
661041
661040
661039
661038
661037
661036
661035
661034
660989
660990
661001
661000
661033
661032
661031
661030
661029
661027
661026
661025
661024
661023
661022
661021
661020
660971
660970
660968
660961
660960
660958
660952
660950
660949
660948
660947
660946
660945
660944
660943
660942
660941
660940
