607123
607073
607195
607286
607285
607256
607283
607282
607266
607263
607193
607178
607255
607190
607188
607187
607183
607181
607180
607173
607171
607170
607166
607152
607151
607150
607149
607147
607146
607145
607144
607179
607143
607142
607071
607072
607194
607200
607199
607198
607196
607197
607167
607096
607101
607136
607169
607174
607119
607120
607121
607117
607115
607054
607069
607067
607065
607057
607056
607060
607059
607068
607066
607070
607061
607063
607058
607064
607062
607055
607074
607124
607125
607126
607203
607204
607205
607206
607208
607209
607210
607211
607212
607213
607214
607215
607216
607217
607218
607219
607220
607221
607223
607224
607225
607226
607227
607228
607229
607230
607231
607232
607233
607234
607235
607236
607237
607238
607239
607240
607241
607242
607243
607244
607245
607246
607247
607248
607249
607250
607251
607252
607254
607079
607175
607275
607182
607094
607092
607110
607111
607112
607113
607114
607116
607118
607127
607129
607133
607137
607258
607184
607278
607279
607280
607122
607093
607177
607274
607276
607277
607281
607107
607105
607100
607102
607097
607099
607098
607273
607272
607271
607270
607269
607268
607267
607265
607264
607262
607261
607260
607259
607257
607253
607222
607207
607201
607202
607189
607186
607185
607176
607164
607162
607165
607159
607160
607161
607163
607158
607156
607155
607157
607154
607168
607153
607148
607141
607140
607139
607138
607090
607135
607134
607132
607109
607108
607106
607104
607103
607095
607081
607091
607089
607088
607087
607086
607085
607084
607083
607082
607080
607078
607077
607075
607053
