615054
614967
614946
614840
614945
615023
615021
615022
615020
615016
615018
615017
615015
615012
615014
615011
615013
615010
615005
615006
615001
615003
615004
615000
615002
614999
614996
614992
614993
614991
614989
614972
614971
614987
614990
614988
614981
614984
614977
614978
614976
614975
614973
614974
614968
614969
614966
614965
614943
614942
614941
614940
614939
614938
614937
614936
614935
614934
614933
614932
614931
614930
614929
614928
614927
614926
614925
614924
614923
614922
614921
614920
614919
614918
614917
615031
614892
614906
614994
614891
614849
614847
614953
614838
615053
614886
615052
615050
615066
615064
615063
615062
615061
615048
615036
615040
615037
615035
615028
614982
614979
614970
614964
614963
614986
615027
614961
614954
614907
614903
614837
614865
614944
615019
614997
614888
614878
614875
614894
614957
614980
614870
614916
614947
614948
614949
614958
614983
614985
615024
615026
615049
615051
615065
614915
614850
614884
614899
614914
615070
614950
615039
615038
615069
615067
614862
614895
615060
615059
615058
615057
615056
615055
615046
615047
615034
615032
615030
615009
615025
615008
614998
614995
614960
614959
614955
614956
614952
614951
614913
614912
614911
614910
614909
614908
614904
614905
614902
614900
614896
614897
614898
614876
614869
614867
614893
614890
614889
614887
614882
614881
614880
614879
614872
614871
614868
614863
614866
614864
614861
614860
614859
614858
614857
614856
614855
614854
614853
614852
614851
614846
614845
614844
614843
614842
614841
