661769
661853
661717
661661
661644
661642
661636
661606
661605
661594
661592
661662
661586
661584
661581
661580
661643
661579
661637
661578
661576
661546
661543
661541
661540
661844
661843
661836
661591
661582
661583
661537
661647
661649
661650
661651
661652
661653
661654
661655
661610
661611
661612
661617
661621
661623
661624
661625
661626
661627
661628
661630
661631
661632
661527
661522
661531
661633
661715
661748
661763
661764
661773
661780
661787
661828
661830
661893
661892
661891
661890
661889
661501
661888
661887
661886
661885
661884
661883
661721
661683
661682
661680
661678
661539
661852
661875
661881
661880
661877
661872
661894
661871
661870
661869
661868
661867
661882
661879
661878
661876
661874
661873
661866
661865
661864
661863
661862
661861
661860
661858
661857
661856
661552
661529
661855
661854
661851
661850
661849
661845
661848
661847
661846
661842
661840
661839
661838
661837
661835
661834
661833
661829
661827
661826
661825
661824
661823
661822
661821
661820
661819
661818
661817
661816
661815
661814
661813
661812
661811
661810
661809
661808
661807
661806
661805
661804
661803
661802
661801
661800
661799
661798
661797
661795
661794
661793
661792
661791
661790
661789
661788
661786
661785
661784
661783
661782
661504
661781
661779
661778
661777
661776
661775
661774
661772
661771
661770
661768
661767
661766
661765
661762
661761
661760
661759
661758
661757
661756
661754
661755
661753
661752
661751
661750
661749
661747
661746
661744
661743
661742
661741
661740
661739
661738
661737
661736
661735
661733
661732
661731
661730
661729
661728
661726
661725
661724
661723
661722
661720
661719
661718
661716
661714
661713
661712
661711
661710
661708
661707
661706
661705
661704
661703
661702
661701
661700
661699
661698
661697
661696
661695
661694
661693
661692
661691
661689
661690
661688
661687
661686
661685
661684
661681
661679
661677
661676
661675
661674
661673
661672
661671
661670
661669
661668
661667
661665
661664
661663
661660
661659
661658
661657
661656
661648
661646
661645
661640
661639
661638
661635
661634
661629
661622
661620
661619
661618
661615
661614
661613
661609
661608
661607
661604
661603
661602
661601
661600
661599
661598
661597
661596
661595
661551
661553
661555
661558
661560
661561
661563
661564
661567
661572
661574
661575
661577
661585
661587
661588
661589
661590
661593
661573
661571
661570
661569
661568
661566
661565
661562
661559
661557
661556
661554
661550
661549
661548
661547
661545
661544
661538
661511
661535
661534
661533
661530
661528
661526
661525
661524
661523
661521
661520
661519
661518
661517
661516
661515
661514
661513
661512
661510
661507
661506
661505
661500
661499
661498
661497
661496
661495
661494
661490
661489
661488
661487
661486
661485
661484
661483
661482
