663814
663864
663815
663813
663797
663852
663876
663927
663972
664007
664014
664045
663978
663969
663964
663963
663961
663913
663960
663918
663916
663967
663962
663970
663979
663968
663965
663980
663966
663914
664044
664043
664042
664041
663810
664040
664039
664038
664037
664036
664035
664034
664033
664032
664031
664030
664029
664028
664024
664021
664020
664018
664026
664019
664017
664022
664016
664027
664025
664015
664013
664012
664011
664010
664009
664008
664006
664005
664004
664003
664002
664001
664000
663999
663998
663997
663996
663995
663994
663993
663992
663991
663990
663989
663988
663987
663986
663985
663984
663983
663982
663981
663977
663976
663975
663974
663973
663971
663959
663958
663957
663956
663955
663954
663953
663952
663951
663950
663949
663947
663945
663944
663943
663942
663941
663940
663939
663938
663937
663936
663935
663934
663933
663932
663931
663930
663929
663928
663926
663924
663923
663922
663921
663920
663919
663915
663912
663911
663909
663908
663907
663906
663905
663904
663903
663902
663901
663899
663898
663897
663812
663895
663894
663893
663892
663891
663890
663889
663888
663885
663884
663883
663882
663881
663880
663879
663878
663877
663875
663874
663873
663872
663871
663870
663869
663868
663867
663866
663865
663863
663862
663861
663860
663859
663858
663857
663856
663855
663854
663853
663851
663850
663849
663848
663847
663846
663845
663844
663843
663842
663841
663840
663839
663838
663837
663836
663835
663834
663833
663832
663831
663828
663827
663826
663825
663824
663823
663822
663821
663820
663819
663818
663817
663816
663811
663809
663806
663805
663804
663803
663801
663800
663799
663798
663796
