634007
634002
633994
633989
633997
633990
633991
633992
634003
634005
634222
634221
634220
634079
634213
634214
634091
634051
634168
634088
634031
634100
634110
634145
634049
634052
633995
633996
634004
634000
633993
633986
633987
633998
633999
633988
633985
634006
634048
634046
634230
634229
634228
634226
634225
634224
634223
634219
634218
634217
634216
634215
634212
634211
634210
634209
634208
634207
634206
634205
634204
634203
634202
634201
634200
634199
634198
634197
634196
634195
634193
634194
634192
634191
634190
634189
634188
634187
634186
634185
634184
634183
634182
634181
634180
634179
634178
634177
634176
634175
634174
634173
634172
634171
634170
634169
634167
634166
634165
634164
634163
634162
634161
634159
634158
634157
634156
634155
634154
634152
634151
634150
634149
634148
634147
634146
634144
634142
634141
634140
634138
634137
634136
634134
634133
634132
634131
634130
634129
634128
634127
634126
634120
634119
634118
634117
634116
634115
634114
634113
634112
634111
634109
634108
634107
634106
634105
634104
634103
634102
634101
634099
634098
634097
634096
634095
634094
634093
634092
634090
634089
634087
634086
634085
634084
634083
634081
634080
634078
634077
634076
634075
634074
634073
634072
634071
634070
634069
634068
634067
634066
634065
634064
634063
634062
634061
634060
634059
634058
634057
634056
634055
634054
634053
634050
634047
634045
634044
634043
634042
634041
634040
634039
634038
634037
634036
634035
634034
634033
634032
634030
634029
634028
634027
634026
634025
634024
634023
634021
634020
634019
634018
634017
634016
634015
634014
634013
634012
634011
634010
634009
634008
634001
633984
633983
633980
633979
633976
633975
633974
