684727
684721
684575
684574
684570
684569
684568
684564
684563
684560
684559
684557
684416
684414
684547
684546
684545
684543
684542
684541
684580
684579
684554
684553
684552
684418
684417
684625
684620
684540
684539
684538
684537
684536
684535
684534
684533
684532
684530
684529
684528
684527
684526
684525
684523
684522
684521
684519
684518
684516
684675
684683
684567
684566
684565
684750
684749
684748
684747
684746
684428
684427
684745
684744
684743
684742
684741
684514
684513
684512
684740
684739
684738
684737
684736
684735
684734
684733
684732
684731
684730
684729
684728
684726
684725
684724
684723
684722
684720
684719
684718
684717
684716
684715
684714
684713
684712
684711
684710
684709
684708
684707
684706
684705
684704
684703
684702
684701
684700
684699
684502
684501
684500
684697
684696
684695
684694
684693
684692
684691
684690
684689
684688
684687
684686
684685
684684
684682
684681
684680
684679
684678
684677
684420
684419
684421
684422
684423
684674
684673
684613
684614
684615
684672
684671
684616
684617
684669
684618
684619
684621
684622
684668
684667
684666
684623
684624
684626
684627
684665
684664
684663
684662
684661
684660
684659
684658
684657
684656
684655
684654
684475
684653
684628
684629
684630
684631
684652
684651
684632
684633
684634
684635
684636
684637
684638
684639
684650
684648
684647
684646
684645
684641
684644
684642
684643
684640
684612
684611
684610
684609
684608
684607
684606
684605
684604
684603
684498
684497
684496
684602
684601
684600
684599
684598
684597
684596
684595
684594
684593
684592
684591
684590
684589
684588
684587
684586
684585
684584
684583
684582
684581
684578
684577
684576
684573
684572
684571
684562
684561
684558
684556
684555
684551
684550
684549
684548
684544
684531
684524
684520
684517
684515
684508
684510
684511
684509
684507
684506
684505
684504
684503
684499
684495
684494
684493
684492
684491
684490
684489
684488
684487
684486
684485
684484
684483
684482
684481
684480
684479
684478
684477
684476
684474
684473
684472
684471
684470
684469
684468
684467
684466
684465
684464
684463
684462
684461
684460
684459
684458
684457
684456
684455
684454
684451
684450
684449
684448
684447
684446
684445
684444
684443
684442
684441
684439
684437
684435
684434
684433
684432
684431
684430
684429
684426
684425
684424
684415
684413
684412
684411
684410
684409
684408
684407
684406
684405
684404
