619195
619294
619187
619282
619283
619284
619285
619233
619245
619244
619241
619236
619234
619231
619229
619201
619197
619190
619183
619079
619068
619072
619246
619070
619126
619123
619122
619264
619254
619237
619121
619116
619115
619113
619111
619110
619102
619100
619109
619198
619193
619099
619107
619114
619106
619105
619103
619101
619196
619084
619085
619083
619081
619078
619077
619071
619108
619207
619075
619288
619290
619291
619080
619250
619293
619204
619205
619292
619289
619287
619269
619274
619273
619272
619271
619270
619280
619281
619279
619276
619277
619278
619275
619268
619267
619202
619224
619242
619185
619235
619266
619104
619265
619263
619262
619261
619260
619259
619258
619257
619256
619255
619253
619252
619251
619249
619200
619248
619247
619180
619192
619221
619225
619240
619239
619238
619091
619092
619093
619094
619095
619228
619227
619226
619220
619216
619215
619214
619213
619212
619211
619188
619210
619189
619191
619209
619208
619179
619206
619199
619194
619186
619184
619182
619178
619177
619176
619175
619174
619173
619172
619171
619170
619169
619168
619167
619166
619165
619164
619163
619162
619161
619160
619159
619158
619157
619156
619155
619154
619153
619152
619151
619150
619149
619148
619147
619146
619145
619144
619143
619142
619141
619140
619139
619138
619137
619136
619135
619134
619133
619132
619131
619130
619129
619128
619127
619125
619124
619120
619119
619118
619117
619112
619098
619090
619089
619088
619087
619086
619082
619076
619074
619069
619067
619066
619065
619064
