634998
634999
634645
634657
634658
634652
634646
634647
634649
634659
634656
634654
634655
634653
634651
634648
634643
634644
634642
634640
634629
634641
634633
634632
634636
634631
634634
634637
634635
634627
634630
634628
634638
634626
634973
634990
634991
634972
634989
634996
634992
634997
634981
634995
634983
634987
634994
634979
634975
634976
634974
634984
634982
634952
634926
634925
634924
634923
634922
634921
634920
634919
634918
634917
634916
634915
634914
634913
634912
634911
634910
634909
634908
634907
634906
634905
634904
634903
634902
634901
634900
634899
634898
634897
634896
634880
634895
634894
634893
634892
634891
634890
634889
634888
634887
634886
634885
634883
634881
634879
634878
634877
634876
634874
634871
634870
634868
634867
634866
634864
634862
634861
634859
634858
634857
634855
635055
634873
634854
634853
634852
634850
634849
634848
634847
634846
634845
634844
634843
634842
634841
634840
634951
634837
634836
634835
634834
634833
634832
634831
634830
634829
634828
634827
634826
634825
634824
634949
634821
634820
634819
634818
634817
634815
634814
634813
634812
634810
634809
634807
634806
634805
634948
634802
634801
634800
634798
634797
634796
634795
634679
634674
634794
634793
634792
634791
634790
634789
634788
634946
634785
634784
634783
634781
634780
634779
634776
634775
634774
634773
634772
634771
634770
634768
634767
634766
634763
634945
634762
634761
634760
634759
634863
634856
634882
634884
634673
634671
634875
634676
634672
634755
634754
634753
634872
634860
634851
634600
634601
634665
634938
635030
635052
635051
635050
635047
635046
635045
635042
635041
635040
635044
635043
635039
635038
635037
635036
635048
635035
635034
635033
635032
635031
635029
635028
635027
635021
635022
635023
635024
635025
635026
635020
635019
635018
635016
635017
635015
635014
635013
635012
635010
635011
635009
635008
635007
635006
635005
635004
635003
635002
635001
635000
634986
634985
634993
634978
634977
634971
634969
634968
634967
634966
634965
634964
634963
634962
634961
634960
634959
634958
634957
634956
634953
634950
634947
634941
634940
634939
634935
634934
634932
634931
634929
634928
634927
634816
634811
634808
634799
634782
634778
634777
634769
634757
634756
634752
634751
634750
634749
634748
634747
634746
634745
634744
634743
634742
634741
634740
634739
634738
634737
634736
634735
634734
634733
634732
634731
634730
634729
634728
634727
634726
634725
634724
634723
634722
634721
634720
634719
634718
634717
634716
634714
634713
634712
634710
634709
634708
634707
634706
634704
634703
634702
634701
634700
634699
634698
634697
634696
634695
634694
634693
634692
634691
634690
634689
634688
634687
634686
634685
634683
634682
634681
634678
634677
634675
634670
634669
634668
634667
634666
634664
634663
634662
634661
634660
634650
634625
634624
634623
634622
634621
634619
634618
634617
634616
634615
634614
634613
634612
634610
634609
634607
634606
634605
634604
634603
634602
634599
634598
634597
