668229
668227
668206
668228
668238
668128
668127
667996
668246
668245
668244
668243
668242
668241
668240
668239
668022
668024
668050
668146
668237
668236
668235
668234
668232
668231
668230
668226
668225
668224
668223
668222
668220
668219
668218
668217
668216
668215
668214
668213
668212
668210
668209
668207
668205
668204
668203
668202
668201
668200
668199
668198
668197
668196
668195
668194
668193
668192
668191
668190
668189
668188
668187
668186
668185
668184
668183
668182
668181
668180
668179
668178
668177
668176
668175
668174
668173
668172
668171
668170
668169
668168
668167
668166
668165
668164
668163
668162
668161
668160
668158
668157
668156
668155
668154
668153
668152
668151
668150
668149
668148
668147
668145
668144
668143
668142
668141
668140
668139
668138
668137
668136
668135
668134
668133
668132
668131
668130
668129
668126
668125
668124
668123
668122
668121
668120
668119
668118
668117
668116
668115
668114
668113
668112
668111
668110
668109
668108
668107
668106
668105
668104
668103
668102
668101
668100
668099
668098
668097
668096
668095
668094
668093
668092
668091
668090
668089
668088
668087
668086
668085
668084
668083
668082
668081
668070
668080
668079
668078
668077
668076
668075
668074
668073
668072
668071
668069
668068
668067
668066
668065
668064
668063
668062
668061
668060
668059
668057
668056
668055
668054
668053
668052
668051
668049
668048
668047
668046
668045
668044
668043
668042
668041
668040
668038
668037
668036
668035
668031
668034
668033
668032
668030
668029
668028
668027
668026
668025
668023
668021
668020
668019
668018
668017
668016
668015
668014
668013
668012
668011
668010
668009
668008
668007
668006
668005
668004
668003
668002
668001
668000
667999
667998
667997
667995
667994
667993
667992
667991
667990
667989
667988
667987
667986
667985
667984
667983
667982
667981
667980
667979
667978
667977
667976
667975
667974
667973
667972
667971
667969
667968
667967
667966
667965
