663693
663694
663695
663696
663697
663698
663699
663700
663701
663702
663703
663704
663705
663706
663707
663708
663709
663710
663711
663712
663713
663714
663715
663716
663717
663718
663719
663720
663721
663722
663723
663724
663725
663726
663727
663728
663729
663730
663731
663732
663733
663744
663745
663746
663747
663749
663750
663751
663752
663753
663754
663755
663756
663757
663758
663759
663760
663761
663762
663763
663764
663765
663766
663767
663768
663769
663770
663771
663772
663773
663774
663775
663776
663777
663778
663779
663780
663781
663782
663783
663743
663742
663741
663735
663739
663738
663737
663736
663740
663632
663614
663613
663618
663612
663795
663635
663630
663619
663616
663676
663663
663662
663661
663660
663659
663658
663657
663617
663621
663615
663611
663669
663664
663665
663666
663671
663668
663667
663654
663655
663788
663786
663787
663566
663567
663569
663570
663571
663572
663577
663579
663580
663581
663582
663583
663584
663585
663586
663587
663466
663468
663470
663472
663475
663479
663485
663486
663492
663498
663500
663501
663502
663504
663469
663537
663536
663535
663534
663533
663532
663531
663530
663529
663527
663526
663525
663524
663522
663672
663673
663675
663674
663679
663678
663677
663794
663793
663792
663791
663790
663383
663398
663441
663460
663461
663465
663517
663554
663591
663631
663636
663646
663648
663650
663789
663785
663784
663748
663734
663692
663691
663689
663688
663687
663686
663685
663684
663683
663682
663681
663680
663670
663656
663653
663652
663651
663649
663647
663645
663643
663642
663641
663639
663638
663637
663633
663629
663628
663627
663626
663625
663624
663623
663622
663610
663609
663608
663607
663606
663605
663604
663603
663600
663598
663597
663596
663595
663594
663593
663592
663590
663578
663576
663575
663574
663573
663568
663565
663564
663563
663562
663561
663560
663559
663558
663557
663556
663555
663553
663552
663551
663550
663549
663548
663545
663544
663543
663542
663541
663540
663539
663538
663528
663523
663521
663520
663519
663518
663516
663515
663514
663513
663511
663510
663509
663508
663507
663506
663505
663503
663499
663497
663496
663495
663494
663493
663491
663490
663489
663487
663484
663483
663482
663481
663480
663478
663477
663476
663473
663471
663464
663463
663462
663459
663458
663457
663456
663455
663454
663453
663452
663451
663450
663449
663448
663447
663446
663445
663444
663443
663442
663440
663439
663438
663437
663436
663435
663434
663433
663432
663431
663430
663429
663428
663427
663426
663425
663424
663423
663422
663421
663420
663419
663418
663417
663416
663415
663414
663413
663412
663411
663410
663408
663407
663405
663404
663403
663402
663401
663400
663399
663395
663394
663393
663392
663391
663390
663389
663388
663387
663386
663385
663384
663382
663381
663380
663379
663378
663377
663376
663375
663373
663372
663371
