600872
600912
600876
600913
600911
600828
600834
600906
600910
600902
600909
600903
600900
600778
600893
600886
600887
600885
600884
600889
600904
600917
600918
600916
600880
600879
600878
600877
600908
600905
600907
600794
600915
600895
600894
600835
600883
600890
600888
600891
600892
600874
600843
600928
600927
600926
600925
600924
600923
600922
600921
600901
600899
600775
600898
600897
600896
600882
600881
600859
600869
600857
600845
600875
600873
600871
600868
600867
600866
600865
600864
600863
600862
600861
600860
600858
600856
600855
600854
600852
600849
600848
600847
600846
600844
600842
600841
600840
600839
600838
600837
600836
600833
600832
600831
600830
600829
600827
600826
600825
600824
600823
600822
600821
600820
600819
600818
600817
600816
600815
600813
600812
600811
600810
600808
600807
600806
600805
600804
600803
600802
600801
600800
600787
600799
600798
600797
600796
600795
600793
600792
600791
600790
600789
600788
600786
600785
600784
600783
600782
600781
600780
600779
600774
600773
600772
600771
600770
600769
600767
600766
600765
600764
