613259
613168
613155
613151
613153
613166
613165
613164
613159
613160
613161
613162
613163
613158
613157
613156
613152
613154
613124
613150
613149
613148
613147
613146
613127
613130
613131
613145
613144
613143
613142
613141
613139
613140
613138
613137
613135
613136
613134
613133
613132
613129
613126
613128
613125
613123
613121
613120
613119
613118
613111
613088
613199
613047
613258
613219
613216
613206
613110
613109
613099
613089
613087
613084
613080
613078
613053
613276
613252
613081
613254
613249
613246
613070
613069
613192
613067
613063
613064
613062
613060
613059
613057
613054
613182
613227
613261
613262
613264
613085
613082
613112
613224
613225
613229
613230
613231
613232
613233
613234
613235
613236
613237
613239
613240
613241
613243
613245
613247
613248
613083
613273
613272
613269
613202
613196
613188
613186
613177
613275
613271
613268
613267
613266
613263
613260
613065
613108
613107
613103
613092
613091
613090
613075
613072
613068
613036
613257
613256
613255
613253
613251
613244
613242
613238
613228
613226
613223
613169
613170
613173
613174
613175
613176
613185
613189
613191
613193
613197
613201
613203
613205
613207
613208
613211
613214
613222
613221
613220
613218
613217
613215
613213
613212
613210
613204
613179
613200
613198
613195
613194
613190
613184
613183
613181
613180
613178
613172
613171
613167
613117
613116
613115
613114
613113
613106
613105
613102
613101
613100
613098
613097
613096
613095
613094
613093
613086
613079
613074
613073
613071
613066
613061
613058
613056
613055
613052
613051
613050
613049
613046
613045
613044
613043
613042
613041
613040
613039
613038
613037
613035
