611360
611421
611475
611474
611471
611470
611468
611467
611466
611464
611463
611462
611461
611460
611459
611458
611457
611455
611452
611451
611446
611443
611442
611440
611438
611437
611435
611430
611427
611425
611344
611341
611304
611303
611515
611513
611511
611441
611504
611499
611491
611490
611384
611516
611501
611498
611497
611494
611472
611465
611486
611487
611305
611489
611338
611335
611333
611313
611310
611337
611340
611374
611448
611479
611480
611517
611426
611445
611502
611503
611508
611478
611481
611520
611389
611496
611495
611385
611383
611388
611387
611386
611519
611518
611510
611509
611514
611512
611507
611506
611505
611444
611500
611488
611484
611456
611436
611485
611433
611439
611434
611447
611453
611483
611477
611476
611473
611469
611454
611431
611429
611420
611419
611418
611417
611416
611415
611414
611413
611412
611411
611410
611409
611408
611407
611406
611405
611404
611403
611402
611401
611400
611399
611398
611397
611396
611394
611393
611392
611391
611390
611380
611382
611381
611377
611376
611372
611371
611370
611369
611368
611367
611366
611365
611364
611363
611362
611361
611359
611358
611357
611356
611354
611353
611352
611350
611349
611347
611307
611346
611306
611343
611336
611330
611329
611328
611327
611326
611325
611324
611323
611322
611321
611320
611319
611318
611317
611316
611315
611311
611309
611308
