636599
636534
636601
636549
636536
636530
636525
636521
636548
636522
636531
636520
636575
636579
636597
636607
636629
636648
636653
636694
636705
636711
636718
636720
636757
636519
636518
636449
636448
636447
636446
636445
636444
636451
636450
636532
636758
636755
636756
636754
636753
636752
636751
636750
636749
636748
636733
636734
636735
636736
636737
636738
636739
636740
636741
636742
636744
636745
636746
636747
636743
636732
636524
636731
636730
636721
636719
636717
636716
636715
636714
636713
636712
636710
636709
636708
636707
636704
636703
636702
636700
636699
636698
636697
636696
636695
636693
636691
636689
636688
636687
636686
636685
636684
636683
636682
636681
636680
636679
636678
636676
636675
636674
636673
636672
636671
636670
636669
636668
636667
636666
636665
636664
636663
636662
636661
636660
636659
636658
636657
636656
636655
636654
636652
636651
636650
636649
636647
636646
636645
636644
636643
636642
636641
636640
636639
636638
636637
636636
636635
636634
636633
636632
636631
636630
636628
636627
636626
636625
636624
636623
636622
636621
636620
636619
636618
636617
636616
636615
636614
636613
636612
636611
636610
636609
636608
636606
636605
636604
636603
636602
636600
636598
636596
636595
636594
636593
636592
636590
636589
636588
636587
636586
636585
636584
636583
636582
636581
636580
636578
636577
636576
636454
636463
636456
636546
636574
636571
636573
636572
636570
636569
636568
636567
636566
636565
636564
636563
636562
636561
636560
636559
636558
636557
636556
636555
636554
636553
636552
636551
636550
636547
636545
636544
636543
636542
636541
636540
636539
636538
636537
636535
636533
636528
636527
636526
636523
636517
636516
636515
636514
636513
636512
636511
636510
636509
636508
636507
636506
636505
636504
636503
636502
636501
636500
636499
636464
636465
636466
636467
636469
636471
636472
636474
636475
636476
636477
636478
636498
636497
636496
636495
636494
636493
636492
636491
636488
636489
636487
636483
636484
636485
636486
636482
636481
636480
636479
636461
636460
636459
636458
636457
636455
636453
636452
636442
636441
636440
636439
636438
636437
