641009
640985
640984
640966
640973
640979
640978
640976
640975
640974
640977
640972
640968
640970
640967
640965
640969
640870
640997
640886
640883
640888
640887
640878
640881
640873
640884
640838
640876
640879
640877
640874
640837
640871
640836
640958
640961
640955
640963
640964
640960
640957
640959
640956
640962
640954
640953
640880
640813
640872
640792
640946
640775
640780
640782
640804
640933
641031
641039
641053
641069
641078
641087
641094
641109
641121
641122
640821
640929
641163
641162
641161
641160
641159
641158
641157
641156
641155
641154
641153
641152
641151
641150
641149
641148
641147
641146
641145
641144
641143
641142
641141
641140
641139
641138
641137
641136
641135
641134
641133
641132
641131
641130
641127
641126
641125
641128
641124
641123
641120
641119
641118
641117
641116
641115
641114
641113
641112
641111
641110
641108
641107
641106
641105
641104
641103
641102
641101
641100
641098
641096
641093
641092
641091
641089
641088
641085
641084
641083
641077
641076
641082
641074
641081
641080
641079
641073
641071
641070
641068
641067
641066
641059
641058
641065
641064
641063
641062
641061
641057
641056
641054
641052
641051
641050
641049
641048
641047
641046
641045
641044
641043
641042
641041
641040
641038
641037
641036
641035
641032
641030
641029
641028
641027
641026
641025
641024
641023
641022
641021
641020
641019
641017
641016
641015
641014
641013
641012
641011
641010
641008
641007
641005
641004
641003
641002
641001
641000
640999
640996
640992
640991
640990
640989
640988
640987
640986
640983
640982
640981
640980
640971
640950
640949
640948
640947
640945
640944
640943
640942
640941
640940
640939
640938
640937
640936
640935
640934
640932
640931
640930
640928
640927
640926
640925
640924
640923
640922
640921
640920
640919
640918
640917
640916
640915
640914
640913
640912
640911
640910
640909
640908
640907
640906
640905
640904
640903
640902
640901
640900
640899
640898
640897
640896
640894
640893
640892
640891
640890
640885
640882
640875
640869
640868
640867
640866
640865
640864
640863
640862
640861
640860
640859
640858
640857
640856
640855
640854
640852
640851
640850
640849
640848
640847
640846
640845
640844
640843
640842
640841
640840
640839
640834
640833
640832
640831
640830
640829
640828
640827
640826
640825
640824
640823
640820
640819
640818
640817
640816
640815
640814
640812
640811
640810
640809
640808
640807
640806
640805
640803
640802
640801
640800
640798
640797
640795
640794
640793
640791
640790
640789
640788
640787
640786
640785
640784
640783
640779
640778
640777
640776
640774
640773
640772
640771
640770
640768
640767
640766
