653266
653255
653260
653262
653264
653263
653284
653257
653233
653258
653225
653287
653199
653143
653142
653144
653145
653147
653146
653198
653190
653286
653285
653182
653256
653193
653261
653259
653224
653197
653189
653150
653249
653380
653399
653400
653403
653137
653203
653215
653241
653333
653342
653344
653350
653355
653356
653187
653183
653191
653195
653186
653418
653417
653416
653415
653414
653413
653412
653411
653410
653409
653408
653407
653406
653402
653401
653398
653397
653396
653395
653394
653393
653392
653391
653390
653389
653388
653387
653386
653385
653384
653383
653382
653381
653379
653378
653377
653376
653375
653374
653373
653372
653371
653369
653368
653367
653366
653365
653364
653363
653362
653360
653359
653358
653357
653354
653353
653352
653351
653349
653348
653347
653346
653345
653343
653341
653340
653339
653338
653337
653336
653335
653334
653332
653331
653330
653329
653328
653327
653326
653325
653324
653323
653322
653321
653320
653319
653317
653316
653315
653314
653313
653312
653311
653274
653275
653276
653277
653278
653279
653280
653281
653282
653283
653310
653309
653308
653307
653306
653305
653304
653303
653302
653301
653300
653298
653297
653296
653295
653294
653293
653292
653291
653290
653289
653273
653272
653271
653270
653269
653268
653267
653265
653254
653253
653252
653251
653250
653248
653247
653246
653245
653244
653243
653242
653240
653239
653238
653237
653236
653235
653234
653232
653231
653230
653229
653228
653227
653226
653223
653222
653221
653220
653219
653218
653217
653216
653214
653213
653212
653211
653210
653208
653207
653206
653205
653204
653202
653201
653200
653196
653194
653192
653185
653184
653181
653180
653179
653178
653177
653176
653175
653174
653173
653172
653171
653170
653169
653168
653167
653166
653165
653164
653163
653162
653161
653160
653159
653158
653157
653156
653155
653154
653153
653152
653151
653149
653148
653141
653140
653139
653138
653136
653135
653134
653133
653132
653131
653130
653129
653128
653127
653126
653125
653124
653123
653122
653120
653119
653118
653117
653116
653115
653114
653113
653112
653110
653109
653108
653107
653106
653105
653103
653102
653101
653100
653099
653098
653096
653095
653094
653093
653092
653091
653090
653089
