608195
608133
608132
608131
608130
608129
608128
608127
608126
608125
608124
608123
608122
608121
608120
608119
608070
608118
608117
608116
608115
608114
608113
608112
608111
608110
608109
608108
608107
608106
608105
608104
608103
608102
608101
608100
608099
608098
608097
608096
608272
608166
608231
608225
608215
608204
608203
608182
608177
608175
608171
608170
608169
608254
608250
608249
608247
608277
608275
608012
608168
608167
608232
608165
608228
608234
608235
608164
608153
608152
608150
608149
608147
608146
608142
608271
608205
608018
608016
608141
608140
608137
608138
608226
608222
608223
608218
608220
608139
608136
608014
608010
608006
607922
608211
608151
608246
608245
608244
608243
608242
608156
608162
608160
608157
608161
608159
608158
608154
608072
608093
608092
608095
608089
608090
608087
608088
608086
608094
608084
608083
608082
608079
608080
608077
608076
608074
608081
608078
608075
608073
608071
608240
608239
608238
608236
607926
607925
607924
608007
607930
607932
607929
607928
607931
608035
608036
608069
608068
608067
608066
608065
608064
608063
608062
608061
608060
608059
608056
608058
608057
608055
608054
608053
608052
608051
608050
608049
608048
608047
608046
608173
608037
608038
608039
608040
608041
608042
608043
608045
608044
608034
608033
608032
608031
608030
608029
608028
608027
608026
608025
608024
608023
608022
608260
608261
608258
608257
608256
608259
608230
608199
608163
608155
608143
608144
608193
608176
608148
608188
608281
608191
608189
608184
607964
608274
607934
607941
607992
608001
608216
608221
608241
608270
608269
608268
608267
608266
608265
608264
608262
608255
608253
608252
608208
608237
608020
608227
608224
608217
608214
608212
608209
608202
608201
608200
608178
608181
608183
608186
608003
608174
608194
608196
608197
608192
608179
608180
608185
608190
608004
607975
607976
607977
607978
607979
607980
607981
607982
607983
607987
607945
608198
608187
608172
608145
608135
608134
608021
608009
608005
608000
607993
607994
607995
607996
607997
607998
607999
607984
607985
607989
607990
607991
607988
607986
607960
607961
607962
607963
607965
607966
607967
607968
607969
607970
607971
607972
607973
607974
607958
607957
607956
607955
607954
607953
607952
607951
607950
607949
607948
607946
607935
607939
607921
607940
607936
607937
607938
607943
607942
607944
607933
607927
607920
607919
