610398
610374
610373
610361
610359
610354
610352
610350
610344
610343
610342
610341
610340
610339
610338
610337
610336
610335
610334
610333
610181
610141
610140
610137
610136
610135
610134
610133
610132
610429
610347
610345
610346
610367
610178
610146
610255
610145
610385
610152
610151
610384
610332
610129
610380
610378
610377
610370
610365
610362
610349
610326
610321
610320
610319
610272
610163
610161
610143
610127
610318
610309
610294
610293
610289
610288
610286
610283
610282
610277
610276
610275
610274
610269
610268
610266
610125
610330
610324
610312
610263
610257
610256
610253
610252
610251
610183
610265
610194
610180
610179
610243
610236
610218
610176
610169
610360
610168
610208
610244
610273
610329
610300
610239
610182
610184
610358
610156
610154
610323
610317
610316
610331
610428
610415
610424
610425
610426
610423
610422
610421
610420
610419
610418
610427
610417
610416
610414
610413
610412
610411
610410
610409
610408
610407
610406
610405
610404
610403
610402
610401
610400
610304
610246
610241
610240
610399
610356
610185
610186
610199
610207
610307
610357
610371
610372
610363
610397
610366
610369
610368
610395
610396
610394
610393
610392
610391
610390
610389
610388
610387
610386
610383
610382
610381
610379
610355
610353
610348
610328
610327
610322
610315
610314
610311
610310
610306
610305
610308
610303
610297
610296
610301
610245
610299
610298
610295
610292
610291
610290
610287
610285
610284
610281
610280
610279
610278
610271
610270
610237
610267
610264
610262
610260
610259
610258
610238
610254
610250
610249
610248
610247
610242
610235
610234
610233
610232
610231
610230
610229
610228
610227
610226
610225
610224
610223
610222
610221
610220
610217
610215
610214
610213
610212
610211
610210
610167
610209
610173
610187
610188
610206
610205
610204
610203
610202
610201
610198
610197
610196
610195
610193
610192
610191
610189
610172
610177
610175
610174
610170
610166
610165
610164
610162
610160
610159
610158
610157
610150
610148
610142
610131
