623859
623858
623857
623856
623855
623854
623853
623852
623851
623850
623849
623847
623846
623845
623844
623843
623842
623841
623840
623839
623838
623837
623836
623835
623834
623833
623832
623830
623829
623828
623827
623826
623824
623823
623822
623821
623913
623890
623867
623942
623893
623871
624020
624029
624054
624081
624078
624085
624083
624080
624084
624061
624067
624068
623976
624056
624050
624049
624048
624043
624038
624019
624044
624045
624014
624015
624012
623983
624052
624051
624027
624025
624022
624011
624008
624007
624006
624005
623988
623981
623969
623864
624033
624034
623991
623992
623993
624003
624009
624004
624017
623889
623959
623961
623964
623973
623987
623986
623982
623967
623968
623923
623917
623876
623875
623820
623902
624086
624077
624075
624036
624042
624016
623938
623920
623937
623932
623929
623924
623919
623914
623918
623911
623907
623922
623908
623904
623901
623900
623899
623915
623895
623906
623998
623865
624058
623921
623898
623955
624062
624094
624093
624092
624091
624090
624089
624087
623946
624032
623860
623978
624079
624076
624074
623934
624071
624069
624065
624070
624066
624064
624059
624073
624072
624063
624057
624053
624046
624041
624040
624039
624035
624024
624031
624028
624026
624023
624018
624013
624010
624002
623999
623997
623995
623994
623990
623989
623984
623980
623979
623977
623975
623974
623972
623971
623970
623966
623965
623963
623962
623960
623958
623957
623956
623954
623953
623952
623950
623949
623948
623947
623945
623944
623943
623941
623940
623939
623936
623935
623933
623930
623928
623927
623925
623916
623912
623910
623909
623905
623896
623894
623888
623887
623886
623885
623884
623883
623882
623881
623880
623879
623878
623877
623874
623873
623872
623870
623869
623868
623866
623863
623862
623831
623825
623816
623817
623818
623819
623815
623814
623811
623810
