688265
688621
688641
688639
688638
688623
688682
688637
688624
688379
688377
688642
688622
688378
688504
688451
688601
688527
688541
688542
688543
688564
688630
688651
688663
688666
688699
688442
688679
688607
688678
688677
688612
688508
688681
688675
688673
688676
688680
688613
688610
688608
688597
688614
688516
688510
688674
688509
688602
688659
688660
688661
688600
688515
688448
688603
688598
688450
688697
688695
688694
688693
688692
688690
688689
688688
688687
688686
688685
688684
688683
688672
688671
688599
688605
688511
688670
688668
688667
688665
688664
688662
688658
688657
688656
688655
688654
688604
688514
688513
688444
688653
688652
688650
688303
688305
688648
688304
688302
688292
688301
688299
688298
688296
688294
688293
688291
688649
688647
688512
688505
688646
688645
688644
688643
688640
688636
688635
688634
688459
688458
688443
688452
688633
688632
688629
688626
688625
688454
688456
688506
688620
688619
688618
688373
688369
688617
688616
688615
688611
688609
688606
688596
688595
688594
688593
688592
688591
688590
688589
688588
688587
688586
688585
688584
688583
688582
688449
688389
688581
688580
688579
688578
688577
688575
688574
688573
688572
688571
688570
688569
688568
688566
688565
688563
688562
688561
688560
688559
688558
688557
688556
688555
688554
688553
688552
688551
688550
688549
688548
688547
688546
688545
688544
688540
688539
688538
688537
688536
688535
688534
688533
688532
688529
688528
688525
688526
688318
688319
688320
688321
688322
688315
688329
688413
688437
688471
688524
688523
688522
688521
688520
688519
688517
688507
688503
688502
688501
688500
688499
688498
688496
688495
688494
688493
688492
688491
688388
688490
688368
688488
688487
688484
688483
688482
688481
688480
688479
688478
688477
688476
688475
688474
688473
688472
688470
688469
688468
688467
688466
688465
688464
688463
688462
688461
688460
688455
688453
688447
688446
688445
688387
688440
688439
688438
688436
688435
688434
688433
688432
688431
688430
688429
688428
688427
688426
688425
688424
688423
688422
688421
688420
688419
688418
688417
688416
688415
688412
688411
688410
688409
688408
688407
688406
688405
688375
688370
688404
688403
688402
688401
688400
688399
688398
688371
688376
688397
688396
688395
688393
688392
688374
688372
688391
688390
688386
688385
688384
688383
688382
688381
688380
688367
688366
688365
688364
688363
688362
688361
688360
688359
688358
688357
688356
688355
688354
688353
688352
688351
688341
688342
688343
688344
688345
688346
688347
688348
688349
688350
688340
688339
688338
688337
688336
688335
688334
688333
688331
688330
688328
688327
688326
688325
688324
688323
688317
688316
688314
688313
688312
688311
688310
688309
688308
688307
688306
688300
688297
688295
688290
688289
688288
688287
688286
688285
688284
688283
688282
688281
688280
688279
688278
688277
688276
688275
688274
688273
688272
688271
688270
688269
688268
688267
688266
688264
688261
688259
