654065
654066
654067
654064
654081
654072
654071
654063
654061
654059
654057
654056
654055
654054
654051
654050
654048
654049
653912
653915
653768
653885
653886
653932
654074
654090
654019
654042
654043
654044
654047
654052
654053
654058
654060
654199
654198
654197
654196
654194
654195
654193
654192
654191
654190
654189
654188
654187
654186
654185
654184
654183
654182
654181
654180
654179
654178
654177
654176
654175
654174
654173
653737
654172
654171
654170
654169
654168
654167
654166
654165
654164
654163
654162
654161
654160
654159
654158
654157
654156
654155
654154
654153
654152
654151
654150
654149
654148
654147
654146
654145
654144
654143
654142
654141
654140
654139
654138
654137
654136
654135
654134
654133
654132
654131
654130
654129
654128
654127
654126
654125
654124
654123
654122
654121
654120
654111
654119
654117
654116
654115
654112
654110
654109
654108
654107
654106
654105
654104
654103
654102
654100
654098
654097
654096
654094
654093
654092
654091
654089
654088
654086
654085
654083
654082
654080
654079
654078
654077
654076
654075
654073
654070
654069
654068
654062
654046
654045
654041
654040
654039
653962
653963
653971
654038
654037
654036
654035
654034
654033
654032
654031
654030
654028
654027
654026
654025
654024
654023
654021
654018
654016
654015
654014
654013
654012
654011
654010
654008
654007
654006
654005
654004
654003
654002
654001
654000
653999
653998
653997
653996
653995
653994
653993
653992
653991
653990
653989
653988
653987
653986
653985
653984
653983
653982
653981
653980
653979
653978
653977
653976
653975
653974
653973
653972
653970
653969
653968
653967
653966
653961
653949
653960
653959
653958
653957
653956
653955
653954
653953
653952
653951
653950
653948
653947
653946
653945
653944
653943
653942
653941
653940
653939
653938
653937
653936
653935
653934
653933
653931
653930
653929
653928
653927
653926
653925
653924
653923
653922
653921
653920
653919
653918
653917
653916
653914
653913
653911
653910
653909
653908
653907
653906
653905
653904
653903
653902
653901
653900
653899
653898
653897
653896
653895
653894
653893
653892
653891
653890
653889
653888
653884
653883
653882
653881
653880
653879
653878
653877
653876
653875
653874
653873
653872
653871
653870
653869
653868
653867
653866
653865
653864
653863
653862
653861
653860
653859
653858
653857
653856
653855
653854
653853
653852
653851
653850
653849
653848
653847
653846
653845
653844
653843
653842
653841
653839
653838
653837
653836
653835
653834
653833
653832
653831
653830
653829
653828
653826
653825
653824
653823
653822
653821
653820
653819
653818
653817
653816
653815
653814
653813
653812
653811
653810
653809
653808
653807
653806
653805
653804
653803
653802
653801
653800
653799
653798
653797
653796
653795
653794
653793
653792
653791
653790
653789
653788
653787
653786
653785
653784
653783
653782
653781
653780
653779
653778
653777
653776
653775
653774
653773
653772
653771
653770
653769
653767
653766
653765
653764
653763
653762
653761
653760
653759
653758
653757
653756
653755
653753
653751
653750
653749
653748
653747
653746
653745
653744
653743
653742
653741
653740
653739
653738
