602488
602520
602519
602508
602505
602340
602483
602494
602471
602469
602493
602434
602433
602451
602452
602454
602453
602450
602449
602446
602445
602341
602491
602492
602486
602474
602335
602511
602482
602510
602481
602389
602477
602390
602476
602388
602512
602472
602470
602468
602465
602467
602466
602464
602463
602462
602461
602460
602457
602456
602458
602459
602455
602422
602447
602567
602566
602565
602564
602563
602562
602561
602560
602559
602558
602557
602556
602555
602554
602553
602552
602551
602550
602549
602548
602547
602546
602545
602544
602543
602542
602541
602540
602539
602538
602537
602536
602535
602534
602533
602532
602531
602530
602529
602528
602527
602526
602525
602524
602523
602513
602576
602575
602574
602573
602572
602569
602570
602571
602568
602522
602518
602517
602516
602515
602514
602507
602506
602504
602503
602502
602430
602432
602501
602427
602480
602475
602478
602369
602424
602479
602487
602428
602485
602500
602499
602498
602497
602496
602495
602490
602436
602489
602418
602484
602473
602448
602444
602443
602441
602439
602437
602435
602339
602343
602426
602431
602421
602423
602425
602368
602429
602420
602419
602417
602416
602415
602414
602413
602412
602411
602410
602409
602408
602407
602406
602405
602404
602403
602402
602401
602400
602399
602398
602397
602396
602395
602394
602393
602392
602391
602387
602386
602385
602384
602383
602382
602381
602380
602379
602378
602377
602376
602375
602374
602373
602372
602371
602370
602367
602366
602365
602364
602354
602350
602349
602338
602337
602334
602333
602332
602331
602330
602329
602328
