625265
625260
625445
625438
625437
625436
625434
625415
625412
625411
625410
625394
625391
625390
625385
625380
625379
625376
625375
625374
625373
625366
625363
625356
625353
625340
625322
625310
625308
625307
625306
625303
625302
625301
625300
625299
625298
625297
625296
625295
625294
625293
625289
625288
625287
625285
625284
625283
625231
625233
625266
625252
625254
625259
625270
625272
625273
625274
625277
625282
625255
625439
625244
625247
625249
625305
625324
625332
625334
625335
625337
625342
625359
625371
625388
625426
625429
625381
625443
625432
625317
625320
625304
625309
625425
625440
625331
625444
625442
625441
625433
625431
625424
625423
625421
625419
625417
625416
625392
625393
625395
625414
625396
625397
625398
625399
625400
625401
625403
625413
625404
625405
625406
625407
625408
625409
625350
625349
625386
625383
625377
625378
625368
625382
625361
625362
625364
625365
625369
625367
625351
625352
625370
625358
625355
625354
625348
625345
625344
625341
625339
625330
625328
625326
625323
625316
625315
625313
625311
625292
625291
625286
625281
625280
625279
625276
625275
625271
625269
625268
625263
625258
625257
625253
625251
625250
625246
625241
625243
625242
625240
625239
625237
625236
625235
625234
625232
625230
625228
625226
625225
625224
625223
625222
625221
625220
