683256
683355
683351
683352
683349
683346
683297
683295
683291
683278
683342
683270
683296
683279
683272
683253
683338
683275
683350
683273
683353
683271
683345
683292
683277
683274
683442
683441
683439
683437
683435
683434
683433
683431
683430
683234
683232
683230
683235
683426
683424
683423
683422
683420
683419
683233
683231
683236
683415
683414
683412
683407
683406
683404
683518
683517
683276
683284
683298
683323
683365
683370
683380
683382
683400
683460
683474
683491
683516
683515
683514
683513
683403
683402
683401
683512
683511
683510
683509
683507
683506
683505
683504
683503
683502
683501
683500
683499
683498
683497
683495
683494
683493
683492
683490
683489
683488
683487
683486
683485
683484
683483
683482
683481
683480
683479
683478
683477
683476
683475
683311
683312
683313
683473
683472
683470
683469
683468
683467
683466
683464
683463
683462
683461
683459
683458
683457
683456
683455
683454
683452
683451
683450
683449
683448
683446
683445
683444
683443
683440
683438
683436
683432
683429
683428
683427
683425
683421
683418
683417
683416
683413
683411
683410
683409
683408
683405
683399
683397
683396
683395
683394
683393
683392
683391
683390
683389
683388
683387
683386
683385
683384
683383
683381
683379
683378
683377
683376
683375
683374
683373
683372
683371
683369
683367
683366
683364
683362
683361
683359
683358
683357
683356
683354
683348
683344
683343
683341
683340
683339
683337
683336
683335
683332
683330
683329
683328
683327
683326
683325
683304
683305
683306
683308
683309
683310
683314
683315
683324
683322
683321
683320
683319
683318
683317
683316
683307
683303
683302
683301
683300
683299
683294
683293
683290
683289
683288
683287
683286
683285
683283
683282
683281
683269
683268
683267
683266
683265
683264
683263
683262
683261
683260
683259
683258
683257
683255
683254
683251
683250
683249
683248
683247
683246
683245
683244
683243
683242
683241
683240
683239
683238
683237
683228
683227
683226
683225
683224
683223
683222
683196
683197
683221
683220
683219
683218
683217
683216
683215
683214
683213
683212
683211
683210
683209
683208
683207
683206
683205
683204
683203
683202
683201
683200
683199
683198
683195
683194
683193
683180
683192
683191
683190
683189
683188
683186
683185
683184
683183
683182
683181
683179
683178
683173
683177
683176
683175
683174
683172
683171
683170
683169
683168
683166
683164
683163
