637472
637474
637334
637335
637336
637337
637338
637339
637340
637341
637344
637346
637345
637342
637350
637348
637347
637332
637333
637331
637330
637329
637328
637326
637325
637324
637323
637322
637269
637266
637263
637580
637312
637182
637206
637228
637290
637363
637392
637423
637502
637510
637567
637566
637565
637564
637563
637562
637561
637560
637559
637558
637557
637556
637318
637261
637223
637259
637257
637258
637271
637270
637268
637264
637272
637262
637260
637587
637586
637585
637584
637583
637581
637582
637578
637579
637574
637577
637576
637573
637572
637571
637570
637569
637555
637568
637554
637553
637552
637551
637550
637549
637548
637547
637546
637545
637544
637543
637542
637541
637540
637539
637538
637537
637536
637535
637534
637533
637532
637531
637530
637529
637528
637527
637526
637525
637524
637523
637522
637521
637520
637519
637518
637517
637516
637515
637514
637513
637512
637511
637509
637508
637507
637506
637505
637504
637503
637501
637500
637499
637498
637497
637496
637495
637494
637493
637492
637491
637490
637489
637488
637487
637486
637485
637484
637483
637482
637481
637480
637477
637476
637475
637473
637468
637467
637466
637464
637456
637463
637453
637455
637462
637461
637460
637459
637458
637457
637452
637451
637450
637449
637448
637447
637446
637222
637445
637444
637443
637442
637441
637440
637439
637437
637436
637434
637433
637432
637431
637430
637429
637428
637427
637426
637425
637424
637422
637421
637420
637419
637418
637417
637416
637415
637414
637413
637412
637411
637410
637409
637407
637406
637405
637404
637402
637401
637399
637398
637397
637396
637395
637394
637393
637390
637389
637388
637386
637385
637384
637383
637382
637381
637380
637379
637378
637377
637376
637375
637374
637372
637370
637369
637368
637367
637366
637365
637364
637362
637361
637360
637358
637357
637356
637355
637354
637353
637352
637351
637349
637343
637321
637320
637319
637317
637316
637314
637313
637311
637310
637309
637308
637307
637306
637305
637304
637303
637302
637301
637300
637299
637298
637297
637296
637295
637294
637293
637292
637291
637289
637288
637287
637286
637285
637284
637283
637282
637281
637280
637279
637278
637277
637276
637275
637274
637273
637267
637256
637255
637254
637253
637252
637251
637250
637249
637248
637247
637246
637245
637242
637239
637243
637240
637241
637237
637236
637235
637234
637233
637232
637231
637230
637229
637227
637226
637225
637224
637221
637220
637219
637218
637217
637216
637215
637214
637213
637207
637204
637203
637202
637201
637199
637198
637197
637196
637195
637194
637193
637192
637191
637190
637189
637188
637187
637186
637185
637184
637183
637181
637179
637178
637177
637176
637175
637174
637173
637172
637171
