605755
605919
605925
605924
605923
605811
605941
605809
605935
605931
605929
605808
605763
605764
605765
605767
605917
605856
605854
605859
605864
605866
605863
605861
605858
605855
605857
605865
605853
605954
605952
605951
605950
605948
605934
605933
605914
605807
605912
605909
605899
605887
605886
605877
605875
605874
605870
605869
605867
605862
605860
605850
605803
605843
605820
605768
605806
605805
605849
605841
605839
605840
605773
605814
605817
605818
605819
605821
605822
605881
605896
605900
605920
605799
605926
605918
605922
605928
605758
605791
605946
605813
605953
605949
605947
605945
605940
605939
605938
605937
605936
605932
605930
605921
605800
605801
605802
605844
605927
605770
605916
605915
605913
605911
605910
605908
605907
605906
605904
605903
605902
605901
605898
605897
605831
605894
605893
605892
605891
605890
605889
605888
605885
605884
605883
605882
605876
605880
605878
605873
605872
605871
605868
605852
605851
605848
605847
605846
605845
605804
605842
605838
605837
605836
605835
605830
605834
605833
605832
605829
605828
605827
605826
605825
605824
605823
605816
605815
605812
605810
605796
605797
605798
605756
605794
605795
605793
605792
605790
605789
605788
605787
605786
605785
605784
605783
605782
605781
605780
605779
605778
605776
605775
605774
605772
605771
605769
605762
605757
605759
605761
605760
