630278
630279
630371
630370
630233
630237
630238
630316
630350
630355
630356
630359
630363
630319
630320
630321
630322
630323
630324
630325
630326
630327
630328
630329
630330
630331
630332
630333
630334
630335
630336
630403
630402
630401
630400
630398
630397
630396
630395
630394
630393
630392
630391
630390
630389
630388
630387
630386
630385
630384
630383
630382
630381
630380
630379
630378
630377
630376
630375
630374
630373
630372
630369
630368
630367
630366
630364
630361
630360
630358
630357
630354
630353
630352
630351
630349
630348
630347
630346
630345
630344
630343
630342
630341
630340
630339
630338
630337
630318
630317
630315
630314
630313
630312
630311
630310
630309
630308
630307
630306
630305
630304
630303
630302
630301
630300
630299
630298
630297
630295
630294
630293
630292
630291
630290
630289
630288
630287
630286
630285
630284
630283
630282
630281
630280
630277
630276
630275
630274
630273
630272
630271
630270
630269
630268
630267
630266
630265
630264
630263
630262
630261
630260
630259
630258
630257
630256
630255
630254
630253
630252
630251
630250
630249
630248
630247
630245
630244
630243
630241
630240
630239
630235
630234
630232
630231
630230
630229
630228
630227
630226
630225
630224
630223
630222
630221
630220
630219
630218
630217
630216
630215
630214
630213
630212
630211
630210
630209
630208
630207
630206
630205
630204
630203
630202
630201
630200
630199
630198
630197
630196
630195
630194
630193
630192
630191
630190
630189
630188
630187
630186
630185
630184
630183
630182
630181
630180
630179
630178
630177
630176
630175
630174
630173
630172
630171
630170
630169
630168
630167
630166
630165
630164
630163
630162
630161
630160
630159
630158
630157
630156
630155
630154
630152
630151
630150
630148
630147
630146
