654754
654995
654993
654749
654729
654943
654942
654718
654945
654710
654709
654876
654874
654873
654872
654871
654870
654869
654868
654867
654866
654865
654864
654863
654862
654861
654860
654859
654858
654857
654850
654849
654848
654847
654846
654845
654843
654842
654940
654946
654944
654996
654994
654947
654941
654707
654841
654840
654839
654838
654837
654835
654834
654833
654829
654828
654827
654826
654824
654823
654822
654821
654820
654819
654818
654817
654816
654815
654812
654810
654809
654808
654807
654806
654805
654804
654803
654802
654801
654800
654799
654798
654797
654796
654795
654794
654793
654792
654791
654790
654789
654788
654787
654785
654784
654783
654782
654781
654780
654778
654775
654773
654771
654719
654704
654691
654690
654689
654919
654758
654752
654766
654750
654762
654751
654763
654753
654765
654756
654748
654767
654747
654971
654972
654696
654687
654686
654594
654599
654600
654601
654604
654606
655006
655009
655011
655012
655043
655045
655046
655047
655064
655066
655065
655063
655062
655061
655060
655059
655058
655057
655056
655055
655054
655053
655052
655051
655049
655048
655044
655042
655041
655039
655038
655037
655036
654629
654630
654713
654714
654896
654933
654934
654935
654954
654955
654962
654964
654997
654999
655023
655025
655035
655034
655032
655031
655030
655029
655028
655026
655024
655022
655021
655020
655019
654956
654953
655017
655016
655015
655014
655013
655010
655008
655007
655005
655004
655003
655002
655001
655000
654998
654688
654685
654684
654992
654991
654990
654989
654988
654987
654986
654985
654984
654983
654982
654981
654980
654979
654978
654977
654976
654975
654974
654973
654970
654968
654966
654965
654963
654961
654960
654959
654958
654957
654683
654682
654952
654951
654950
654949
654939
654938
654937
654932
654930
654929
654928
654927
654926
654924
654923
654922
654921
654920
654918
654917
654916
654915
654914
654913
654912
654911
654910
654909
654908
654907
654906
654905
654904
654903
654902
654901
654900
654899
654898
654897
654882
654856
654851
654844
654836
654831
654825
654814
654813
654786
654777
654776
654774
654772
654770
654769
654768
654764
654761
654760
654759
654757
654755
654741
654746
654745
654743
654742
654740
654739
654738
654737
654736
654735
654734
654679
654677
654733
654732
654731
654730
654728
654726
654725
654597
654596
654592
654593
654724
654723
654722
654678
654675
654721
654720
654717
654716
654715
654712
654711
654708
654706
654705
654703
654702
654701
654676
654700
654698
654697
654695
654694
654693
654692
654681
654680
654674
654673
654672
654671
654670
654669
654668
654667
654666
654665
654664
654663
654662
654661
654660
654657
654656
654655
654654
654653
654652
654651
654650
654649
654648
654647
654641
654646
654645
654644
654643
654640
654642
654639
654638
654637
654636
654635
654634
654633
654632
654631
654628
654627
654626
654625
654624
654623
654622
654621
654620
654619
654618
654617
654616
654615
654614
654613
654612
654611
654609
654608
654607
654605
654603
654602
654598
654595
654591
654590
654589
654588
654586
654585
654584
654583
654582
654581
654580
654579
654578
654577
654576
654574
654573
654572
654571
654570
654569
654568
654567
654566
654565
654564
