646453
646455
646459
646471
646475
646473
646474
646448
646446
646444
646415
646413
646411
646419
646420
646428
646524
646452
646451
646443
646442
646441
646435
646439
646445
646447
646450
646438
646467
646409
646425
646406
646440
646404
646437
646424
646418
646402
646414
646293
646412
646410
646287
646286
646408
646284
646283
646282
646280
646260
646261
646262
646279
646386
646389
646476
646487
646488
646491
646511
646539
646403
646288
646285
646281
646416
646552
646551
646550
646549
646548
646547
646546
646545
646544
646543
646542
646541
646540
646538
646537
646536
646535
646534
646533
646532
646531
646530
646529
646528
646527
646526
646525
646523
646522
646521
646520
646519
646518
646517
646516
646515
646514
646513
646512
646510
646509
646508
646507
646506
646505
646504
646503
646502
646501
646500
646498
646497
646496
646495
646494
646493
646490
646489
646486
646484
646483
646482
646480
646479
646478
646477
646472
646470
646469
646468
646466
646465
646462
646461
646460
646458
646457
646454
646436
646431
646430
646427
646426
646423
646421
646417
646407
646405
646401
646400
646399
646398
646397
646396
646395
646394
646393
646313
646311
646307
646392
646391
646390
646388
646387
646385
646384
646383
646382
646381
646379
646378
646377
646376
646375
646374
646373
646372
646370
646369
646368
646367
646366
646365
646364
646363
646362
646361
646360
646359
646358
646357
646356
646314
646355
646354
646353
646352
646351
646349
646348
646347
646346
646345
646344
646342
646312
646308
646341
646340
646339
646338
646337
646336
646335
646334
646333
646332
646331
646330
646329
646328
646327
646326
646325
646324
646318
646319
646321
646323
646322
646320
646317
646316
646315
646310
646306
646309
646305
646304
646303
646302
646301
646300
646299
646298
646297
646296
646294
646292
646291
646290
646289
646278
646277
646276
646275
646274
646272
646271
646270
646269
646268
646267
646266
646252
646254
646265
646264
646263
646259
646258
646257
646256
646255
646253
646251
646250
646249
646248
646247
646246
646245
646244
646243
646242
646241
646240
646239
646238
646237
646236
646235
646234
646233
