642746
642748
642798
642692
642689
642675
642693
642688
642554
642673
642699
642698
642565
642583
642582
642581
642580
642579
642578
642577
642576
642575
642574
642913
642912
642911
642910
642909
642908
642541
642542
642543
642544
642545
642547
642548
642549
642550
642551
642552
642553
642907
642906
642905
642903
642902
642901
642900
642899
642898
642897
642896
642895
642894
642893
642892
642890
642889
642888
642887
642886
642884
642883
642882
642881
642880
642879
642878
642608
642747
642793
642873
642877
642876
642875
642874
642872
642871
642870
642869
642868
642867
642866
642865
642862
642864
642863
642858
642859
642860
642857
642856
642855
642854
642819
642820
642821
642822
642823
642824
642825
642826
642827
642828
642829
642830
642831
642832
642833
642834
642835
642836
642838
642839
642840
642841
642842
642843
642844
642845
642846
642847
642853
642852
642851
642442
642449
642850
642849
642848
642837
642818
642817
642816
642814
642815
642813
642812
642811
642809
642808
642807
642810
642806
642805
642804
642803
642802
642801
642799
642796
642795
642794
642792
642791
642789
642788
642785
642784
642783
642782
642781
642780
642779
642778
642777
642776
642775
642774
642773
642771
642769
642768
642761
642760
642767
642766
642764
642763
642757
642755
642762
642759
642758
642756
642754
642753
642752
642751
642750
642749
642745
642744
642743
642742
642741
642740
642738
642736
642735
642734
642733
642732
642731
642730
642729
642728
642727
642726
642725
642724
642723
642722
642721
642720
642719
642718
642717
642716
642715
642712
642711
642710
642709
642708
642706
642705
642703
642702
642701
642700
642697
642696
642695
642694
642691
642690
642687
642686
642685
642683
642682
642681
642680
642679
642678
642677
642676
642674
642672
642671
642670
642668
642667
642666
642664
642663
642662
642661
642660
642659
642658
642657
642656
642655
642654
642653
642652
642651
642650
642649
642648
642647
642646
642645
642644
642643
642642
642641
642640
642639
642638
642637
642636
642635
642634
642633
642632
642631
642630
642629
642628
642627
642626
642625
642624
642623
642622
642621
642620
642619
642618
642617
642616
642615
642614
642613
642612
642611
642610
642609
642607
642606
642605
642604
642603
642602
642601
642600
642599
642598
642597
642596
642595
642594
642592
642591
642590
642589
642588
642587
642586
642585
642584
642573
642571
642564
642570
642569
642568
642567
642566
642563
642562
642561
642560
642559
642558
642557
642555
642546
642521
642522
642523
642524
642525
642526
642527
642528
642529
642530
642531
642532
642533
642534
642535
642536
642537
642538
642539
642540
642520
642514
642506
642501
642500
642499
642498
642497
642496
642495
642494
642493
642492
642491
642489
642488
642487
642486
642485
642484
642483
642482
642481
642480
642479
642478
642477
642476
642475
642474
642473
642472
642471
642470
642469
642468
642467
642466
642465
642464
642463
642462
642461
642460
642459
642458
642457
642456
642455
642454
642453
642452
642451
642450
642448
642447
642446
642445
642444
642443
642441
642440
642439
642438
642437
642435
642434
642433
642432
