619024
618966
618964
618915
618963
618962
618958
618921
618954
618960
618961
618951
618955
618956
618959
618953
618952
618940
618935
618934
618944
618946
618936
618950
618949
618948
618947
618943
618945
618942
618937
618932
618933
618938
618939
618930
618931
618918
618924
618925
618926
618927
618928
618929
618923
618919
618920
618917
619058
618914
618913
618912
618911
618910
618908
618889
618882
618907
618906
618905
618903
618902
618901
618900
618899
618898
618897
618896
618895
618894
618893
618892
618890
618891
618888
618887
618886
618885
618883
618881
618880
618829
618863
618862
618859
618858
618856
618855
618811
618810
618980
618909
618835
618834
618833
618831
618826
618824
618823
618762
618756
618718
619032
619051
618719
618725
619059
618791
618968
619021
619005
618975
619018
618868
618865
618813
618765
619022
619061
618776
618974
618773
618766
618761
618724
618737
618741
618739
618715
618714
618716
618711
618712
618713
618710
618709
618861
618768
618688
618814
618995
618850
618816
618807
618771
618767
618720
618873
618869
618854
618847
618845
619062
618828
619063
618857
619011
618879
618967
619008
618988
619015
618822
618821
618820
618848
619027
619028
619040
619041
619042
619036
619037
619044
619039
619038
619055
619054
619053
619033
619034
619035
619031
619050
619026
619025
619043
619049
619029
619047
619048
619046
619045
619052
619030
619023
619006
618969
618864
619019
619020
618832
618825
619009
619014
619013
618990
618989
618976
618957
618872
619017
619016
618904
619012
619010
618786
618787
618788
618789
618790
618795
618796
618965
618981
618982
618983
618987
618984
618986
618991
618992
618994
618996
618997
618998
618999
619000
619001
619002
619003
619004
618993
618985
618916
618877
618875
618874
618870
618867
618860
618846
618853
618852
618851
618843
618849
618842
618841
618840
618837
618830
618827
618818
618802
618801
618800
618799
618798
618794
618793
618784
618785
618783
618782
618781
618780
618769
618775
618779
618778
618777
618774
618772
618770
618764
618763
618760
618758
618757
618755
618753
618752
618751
618750
618749
618748
618747
618746
618745
618744
618743
618742
618740
618738
618735
618734
618733
618732
618728
618727
618726
618723
618722
618721
618717
618706
618690
618689
618708
618707
618704
618703
618702
618701
618700
618699
618698
618697
618696
618695
618693
618692
618691
618694
