664242
664211
664183
664178
664173
664209
664181
664164
664158
664144
664130
664210
664157
664208
664177
664243
664163
664180
664145
664207
664179
664176
664133
664161
664159
664131
664454
664387
664064
664110
664119
664191
664221
664222
664232
664291
664292
664293
664299
664344
664365
664370
664372
664381
664452
664426
664427
664428
664429
664430
664431
664432
664433
664434
664435
664436
664437
664438
664439
664440
664441
664051
664053
664052
664054
664055
664057
664449
664451
664453
664450
664448
664445
664444
664443
664425
664424
664423
664422
664421
664420
664419
664418
664417
664416
664415
664414
664413
664412
664411
664410
664409
664408
664407
664406
664405
664404
664403
664402
664401
664400
664399
664398
664397
664396
664395
664394
664393
664392
664391
664390
664389
664388
664386
664385
664384
664383
664382
664380
664379
664378
664377
664376
664375
664374
664373
664371
664369
664368
664367
664366
664364
664363
664362
664361
664360
664359
664358
664357
664356
664355
664354
664353
664352
664351
664350
664349
664348
664347
664346
664345
664343
664342
664341
664340
664339
664338
664337
664336
664334
664333
664332
664331
664330
664329
664328
664327
664326
664325
664324
664323
664322
664321
664320
664319
664318
664317
664316
664315
664313
664312
664311
664310
664309
664308
664307
664306
664305
664304
664303
664302
664301
664300
664297
664296
664295
664294
664290
664289
664288
664287
664286
664285
664284
664283
664282
664281
664280
664279
664277
664276
664275
664274
664273
664271
664270
664269
664268
664267
664266
664265
664264
664263
664262
664261
664260
664259
664258
664257
664256
664255
664254
664253
664252
664251
664250
664249
664248
664247
664246
664245
664244
664241
664240
664239
664238
664236
664235
664234
664233
664231
664230
664229
664228
664227
664226
664225
664224
664223
664220
664219
664218
664217
664216
664215
664214
664213
664212
664206
664205
664204
664203
664202
664200
664199
664198
664197
664196
664195
664194
664193
664192
664189
664188
664187
664186
664185
664184
664182
664175
664174
664172
664171
664170
664169
664168
664167
664166
664165
664162
664156
664155
664141
664142
664143
664154
664153
664152
664151
664150
664149
664148
664147
664146
664140
664139
664138
664137
664136
664135
664134
664132
664129
664128
664127
664126
664125
664124
664123
664122
664121
664120
664118
664116
664115
664114
664113
664112
664111
664109
664108
664107
664105
664104
664103
664102
664101
664100
664099
664098
664097
664096
664095
664094
664087
664082
664093
664092
664091
664090
664089
664088
664086
664085
664084
664083
664081
664078
664077
664076
664075
664074
664073
664072
664071
664069
664068
664067
664066
664065
664062
664061
664060
664059
664058
664056
664050
664049
664048
664047
664046
