631271
631270
631268
631260
631261
631259
631263
631262
631264
631265
631266
631269
631267
631272
631273
631258
631176
631364
631393
631329
631342
631343
631344
631345
631363
631089
631116
631174
631184
631285
631305
631308
631316
631320
631324
631171
631217
631170
631371
631277
631403
631402
631401
631400
631399
631398
631397
631396
631395
631394
631392
631391
631390
631389
631388
631387
631386
631385
631384
631383
631382
631381
631380
631379
631378
631377
631376
631375
631374
631373
631369
631368
631367
631366
631365
631362
631361
631360
631359
631358
631357
631356
631355
631354
631353
631352
631351
631350
631349
631348
631347
631346
631341
631339
631338
631337
631336
631335
631334
631333
631331
631327
631328
631326
631325
631323
631322
631321
631319
631317
631315
631314
631313
631311
631310
631307
631306
631304
631303
631302
631301
631300
631299
631298
631297
631296
631295
631294
631293
631292
631291
631289
631288
631287
631286
631284
631283
631282
631281
631280
631279
631278
631276
631275
631274
631257
631256
631255
631254
631253
631252
631251
631250
631249
631248
631247
631246
631103
631245
631244
631243
631242
631241
631240
631239
631238
631237
631236
631235
631234
631233
631232
631231
631228
631230
631229
631085
631084
631083
631227
631226
631225
631224
631223
631222
631220
631219
631218
631216
631215
631214
631213
631212
631211
631210
631209
631208
631207
631206
631205
631204
631203
631202
631201
631200
631199
631198
631197
631196
631195
631194
631193
631191
631190
631189
631188
631187
631186
631185
631183
631182
631180
631179
631178
631177
631175
631173
631172
631169
631168
631167
631166
631165
631164
631163
631162
631161
631160
631159
631158
631157
631156
631154
631152
631150
631153
631149
631148
631147
631146
631145
631143
631142
631140
631139
631138
631137
631136
631135
631134
631133
631132
631131
631130
631129
631128
631127
631126
631125
631124
631123
631122
631121
631120
631119
631118
631117
631115
631114
631113
631112
631111
631110
631109
631108
631107
631106
631105
631104
631102
631101
631100
631098
631097
631096
631095
631094
631093
631092
631091
631090
631086
631082
631081
631080
631079
631077
631076
631075
631074
631073
631072
631071
631070
631069
631068
631067
631066
631065
