624928
624927
624926
624925
624907
624904
624898
624896
624887
624870
624865
624864
624861
624855
624853
624835
624826
624824
624823
624817
624738
624735
624860
624839
624841
624846
624830
624828
624914
624818
624813
624805
624800
624791
624840
624789
624785
624769
624751
624756
624757
624748
624747
624881
624755
624749
624772
624746
624863
624862
624872
624858
624859
624810
624845
624847
624745
624759
624766
624763
624723
624724
624762
624721
624722
624771
624758
624765
624768
624842
624753
624761
624937
624936
624935
624934
624933
624932
624931
624930
624929
624922
624923
624924
624921
624920
624919
624918
624917
624916
624915
624913
624912
624911
624910
624908
624906
624905
624884
624885
624886
624888
624889
624891
624892
624893
624894
624897
624899
624900
624901
624903
624895
624890
624902
624879
624852
624883
624856
624743
624754
624740
624825
624827
624867
624868
624876
624877
624878
624880
624882
624834
624833
624832
624874
624851
624850
624838
624854
624869
624837
624764
624866
624857
624849
624848
624844
624843
624770
624836
624767
624804
624815
624739
624829
624831
624822
624821
624820
624819
624794
624816
624814
624812
624811
624809
624808
624807
624806
624803
624802
624799
624798
624797
624796
624795
624790
624792
624777
624788
624787
624786
624784
624783
624782
624781
624780
624779
624778
624776
624775
624774
624760
624773
624750
624752
624742
624744
624737
624736
624725
624734
624733
624732
624731
624729
624728
624727
624726
624720
