643162
643161
643159
643160
643158
643156
643154
643149
643144
643155
643153
643152
643151
643150
643147
643146
643145
643143
643142
643141
643072
643071
643061
643054
643053
643437
643436
643435
643070
643052
643051
643060
643050
643049
643048
643202
643201
643200
643059
643058
643038
643037
643019
643024
643023
643307
643308
643309
643310
643312
643314
643316
643317
643318
643319
643320
643321
643322
643323
643324
643325
643326
643328
643331
643332
643020
643302
643303
643304
643305
643306
643333
643334
643336
643337
643349
643350
643351
643352
643353
643354
643361
643358
643357
643356
643355
643392
643395
643394
643391
643439
643438
643434
643432
643430
643431
643311
643343
643342
643341
643340
643338
643344
643345
643346
643347
643348
643363
643362
643360
643359
643364
643365
643366
643367
643368
643429
643428
643426
643425
643423
643422
643421
643420
643419
643418
643417
643412
643414
643413
643407
643410
643409
643408
643406
643405
643404
643403
643402
643401
643400
643399
643268
643267
643266
643265
643398
643397
643396
643393
643390
643389
643388
643387
643386
643370
643385
643384
643383
643381
643382
643380
643379
643378
643377
643376
643375
643374
643372
643371
643264
643263
643369
642980
643026
643031
643091
643109
643163
643220
643223
643227
643230
643231
643254
643272
643286
643291
643293
643294
643295
643339
643335
643330
643329
643327
643210
643209
643208
643315
643313
643301
643300
643299
643298
643296
643138
643136
643290
643289
643288
643287
643285
643134
643132
643284
643283
643282
643281
643280
643276
643277
643275
643279
643278
643274
643273
643271
643270
643207
643206
643269
643262
643261
643260
643259
643258
643257
643255
643253
643252
643251
643250
643249
643248
643247
643246
643124
643245
643244
643243
643242
643241
643240
643239
643238
643237
643236
643235
643234
643233
643229
643228
643226
643225
643224
643222
643130
643221
643219
643218
643217
643216
643215
643214
643213
643212
643211
643205
643204
643203
643127
643128
643199
643198
643133
643126
643140
643196
643195
643194
643193
643192
643191
643189
643188
643135
643125
643187
643186
643185
643183
643182
643181
643180
643179
643178
643123
643177
643176
643175
643174
643173
643172
643170
643169
643168
643167
643166
643165
643164
643095
643090
643157
643148
643139
643093
643092
643137
643131
643129
643122
643121
643120
643119
643118
643117
643116
643115
643114
643113
643112
643111
643110
643108
643107
643106
643105
643104
643103
643102
643101
643100
643099
643098
643097
643096
643094
643089
643088
643087
643086
643085
643084
643083
643082
643081
643080
643079
643078
643077
643076
643075
643074
643073
643069
643068
643067
643066
643065
643064
643063
643062
643057
643056
643055
643047
643046
643045
643044
643043
643042
643041
643040
643039
643036
643035
643034
643033
643032
643030
643029
643028
643025
643021
643018
643017
643016
643015
643013
643012
643011
643010
643009
643005
643002
643001
643000
642999
642998
642997
642996
642995
642994
642993
642992
642990
642989
642988
642987
642986
642985
642984
642983
642982
642981
642979
642978
642977
642976
642975
642974
642973
642972
642971
642970
642969
642968
642967
642966
642965
642964
642963
642962
642961
642960
642959
642958
642922
642920
642919
642918
642917
642916
642915
642957
642956
642955
642943
642945
642946
642947
642948
642949
642950
642951
642953
642954
642952
642944
642942
642941
642940
642939
642938
642914
642937
642935
642936
642934
642933
642932
642926
642927
642928
642931
642930
642929
642925
642924
642923
