627751
627750
627749
627560
627748
627574
627673
627669
627540
627640
627555
627559
627586
627587
627588
627589
627590
627591
627592
627593
627595
627596
627597
627598
627599
627600
627601
627602
627603
627605
627606
627607
627608
627609
627610
627611
627612
627613
627614
627615
627616
627617
627618
627619
627620
627621
627622
627623
627626
627628
627629
627630
627632
627633
627634
627491
627492
627493
627494
627495
627496
627497
627498
627499
627518
627490
627489
627487
627488
627486
627485
627484
627483
627482
627480
627481
627479
627820
627819
627818
627817
627816
627815
627814
627813
627812
627811
627810
627809
627808
627807
627806
627805
627803
627802
627801
627800
627799
627798
627797
627796
627795
627794
627793
627792
627791
627790
627789
627788
627787
627786
627785
627783
627782
627774
627777
627781
627780
627779
627778
627776
627775
627770
627769
627768
627767
627766
627765
627764
627763
627762
627761
627760
627759
627758
627757
627755
627754
627753
627752
627747
627746
627744
627743
627742
627741
627740
627739
627738
627737
627736
627735
627734
627733
627732
627731
627730
627729
627728
627727
627726
627725
627724
627723
627722
627721
627720
627719
627718
627717
627716
627715
627714
627713
627712
627711
627710
627709
627708
627707
627706
627705
627704
627703
627701
627700
627699
627698
627697
627696
627695
627694
627693
627692
627691
627690
627689
627688
627687
627686
627685
627684
627683
627682
627681
627680
627679
627678
627677
627676
627675
627674
627672
627671
627670
627668
627667
627664
627663
627662
627661
627660
627659
627658
627657
627656
627653
627652
627651
627650
627649
627648
627647
627646
627644
627643
627642
627639
627638
627636
627635
627631
627627
627625
627624
627604
627594
627585
627584
627583
627582
627580
627534
627577
627576
627575
627573
627572
627571
627570
627569
627568
627567
627566
627565
627564
627563
627562
627561
627558
627557
627556
627554
627553
627552
627551
627550
627549
627548
627547
627546
627545
627544
627543
627542
627541
627539
627538
627536
627535
627533
627532
627531
627530
627529
627528
627526
627523
627522
627521
627520
627519
627517
627516
627515
627514
627513
627512
627511
627510
627509
627508
627507
627506
627505
627504
627503
627502
627501
627500
627478
627477
627476
627475
627474
627473
627472
627471
627470
