688098
688096
688239
688094
688089
688097
688244
688241
688238
688236
688086
688088
688093
688085
687979
687975
687972
687969
687966
688243
687984
687980
688240
688095
688091
688087
688084
688237
688242
687974
687971
687977
687968
687985
687967
687981
687965
687963
688212
687976
687978
687964
687973
687970
687916
688002
688058
688111
688131
688168
688169
688172
688177
688257
688256
688255
688254
688253
688251
688250
688249
688248
688247
688246
688245
688235
688234
688233
688232
688231
688230
688229
688228
688227
688226
688225
688224
688223
688222
688221
688220
688219
688218
688217
688216
688215
688214
688213
688211
688210
688209
688208
688207
688205
688204
688203
688202
688201
688200
688199
688198
688197
688196
688195
688165
688194
688193
688192
688191
688190
688189
688188
688187
688186
688185
688184
688183
688182
688181
688180
688179
688178
688176
688175
688174
688163
688173
688166
688171
688170
688167
688164
688162
688161
688160
688159
688158
688157
688155
688154
688153
688152
688151
688147
688148
688149
688144
688143
688142
688141
688140
688139
688138
688136
688135
688134
688133
688132
688130
688129
688128
688127
688126
688125
688124
688123
688122
688121
688120
688119
688118
688117
688116
688115
688114
688113
688112
688105
688106
688110
688109
688108
688107
688103
688102
688101
688100
688099
688092
688090
688083
688082
688081
688080
688079
688078
688077
688076
688073
688072
688071
688070
688014
688011
688069
688068
688067
688066
688065
688062
688015
688061
688060
688059
688057
688056
688055
688054
688053
688052
688051
688050
688049
688048
688047
688012
688046
688045
688044
688013
688043
688042
688041
688039
688038
688037
688036
688035
688034
688033
688032
688031
688008
688010
688030
688029
688028
688027
688026
688025
688024
688023
688022
688021
688019
688017
688016
688009
688007
688006
688005
688004
688003
688001
688000
687998
687996
687995
687994
687993
687989
687988
687987
687986
687983
687982
687962
687961
687959
687958
687957
687956
687955
687954
687953
687952
687951
687950
687949
687948
687947
687946
687945
687944
687943
687942
687941
687940
687939
687938
687937
687936
687935
687934
687933
687932
687931
687929
687928
687927
687926
687925
687924
687923
687922
687921
687920
687919
687918
687917
687915
687914
687913
687912
687911
687910
687909
687908
687907
687906
687905
687904
687901
687900
687899
687898
687897
687896
687895
687894
687893
687892
687891
687890
687889
