671466
671522
671516
671519
671504
671513
671499
671510
671521
671518
671507
671511
671520
671517
671515
671506
671514
671256
671385
671399
671401
671413
671417
671422
671425
671445
671469
671512
671508
671451
671452
671453
671454
671455
671456
671574
671573
671572
671570
671569
671568
671565
671563
671562
671561
671560
671559
671558
671557
671556
671555
671554
671553
671552
671551
671550
671549
671548
671547
671546
671545
671544
671567
671543
671566
671542
671541
671540
671539
671564
671538
671536
671535
671534
671533
671532
671531
671530
671529
671528
671527
671526
671525
671524
671523
671505
671497
671496
671495
671494
671493
671492
671490
671489
671488
671487
671486
671485
671482
671481
671483
671479
671478
671477
671484
671480
671476
671475
671474
671473
671472
671471
671470
671468
671467
671465
671464
671463
671460
671459
671458
671457
671450
671449
671448
671447
671446
671444
671443
671442
671441
671440
671439
671438
671436
671435
671434
671433
671431
671430
671429
671428
671427
671426
671424
671423
671421
671420
671419
671418
671416
671415
671414
671412
671411
671410
671409
671407
671406
671405
671404
671402
671400
671398
671397
671396
671395
671394
671393
671392
671391
671390
671388
671387
671386
671384
671383
671382
671381
671380
671379
671236
671239
671265
671299
671308
671326
671351
671358
671360
671375
671377
671376
671374
671373
671372
671371
671370
671369
671368
671367
671366
671365
671364
671363
671362
671361
671359
671357
671356
671355
671354
671353
671352
671350
671348
671347
671346
671345
671344
671343
671342
671341
671340
671338
671337
671336
671335
671334
671333
671332
671331
671330
671329
671328
671327
671325
671324
671323
671321
671320
671319
671317
671316
671318
671315
671314
671313
671311
671312
671310
671309
671307
671306
671305
671304
671303
671302
671301
671300
671298
671297
671296
671295
671294
671293
671292
671291
671290
671289
671288
671287
671286
671285
671284
671283
671282
671281
671280
671279
671278
671277
671276
671275
671273
671274
671271
671270
671269
671268
671267
671266
671264
671263
671262
671261
671255
671254
671253
671252
671251
671250
671249
671248
671247
671246
671245
671244
671242
671241
671240
671238
671237
671235
671234
671233
671232
