621341
621303
621304
621324
621322
621321
621320
621255
621276
621367
621366
621227
621234
621231
621229
621228
621361
621349
621280
621249
621247
621244
621389
621388
621220
621386
621384
621383
621382
621381
621380
621379
621378
621364
621360
621331
621305
621284
621218
621346
621215
621210
621208
621209
621399
621387
621372
621365
621371
621370
621343
621352
621356
621330
621332
621340
621302
621301
621207
621206
621272
621265
621262
621271
621251
621258
621259
621260
621219
621348
621283
621323
621325
621222
621205
621204
621201
621267
621224
621347
621250
621180
621179
621178
621177
621176
621175
621174
621173
621172
621171
621170
621221
621223
621329
621333
621336
621337
621338
621342
621344
621345
621287
621286
621400
621398
621397
621396
621395
621394
621392
621390
621385
621292
621290
621291
621376
621377
621300
621373
621375
621374
621335
621369
621368
621357
621359
621358
621355
621354
621351
621350
621233
621339
621334
621328
621327
621326
621319
621318
621317
621316
621315
621314
621313
621312
621311
621310
621309
621308
621307
621306
621299
621298
621297
621296
621295
621294
621293
621289
621288
621285
621281
621279
621278
621277
621275
621274
621273
621269
621268
621266
621264
621263
621261
621256
621254
621253
621248
621246
621245
621243
621242
621241
621240
621239
621238
621237
621236
621226
621225
621217
621216
621214
621213
621212
621211
621202
621200
621196
621195
621194
621199
621187
621186
621183
621185
621184
621182
621154
621164
621181
621169
621168
621167
621166
621165
621163
621162
621161
621160
621159
621158
621157
621156
