629093
628875
628876
628877
628881
628882
628883
629082
629085
629086
629096
629099
629100
629101
629102
629104
629105
629106
629107
629108
629109
629110
629111
629112
629113
628835
629078
629077
629076
629084
629083
629097
629081
629079
629080
629074
629073
629071
629072
628871
628872
628980
628923
629114
629103
629098
629095
629003
629004
629092
629091
629090
629089
629088
629087
629075
629070
629069
629068
629067
629066
629065
629064
629063
629062
629061
629060
629059
629058
629040
629057
629049
629042
629043
629054
629053
629056
629055
629052
629051
629050
629048
629047
629046
629045
629044
629041
629039
629037
629036
629032
629035
629011
629034
629033
629022
629023
629008
629019
629031
629030
629029
629021
629028
629025
629027
629026
629018
629015
629012
629020
629017
629016
629014
629013
629010
629009
629007
629005
629002
629001
629000
628999
628998
628997
628996
628995
628994
628993
628992
628991
628990
628989
628988
628987
628986
628985
628984
628983
628982
628981
628979
628978
628977
628976
628975
628974
628973
628972
628971
628970
628969
628968
628967
628966
628965
628964
628963
628962
628961
628960
628959
628958
628957
628954
628953
628952
628951
628950
628949
628948
628947
628946
628945
628944
628943
628942
628941
628940
628939
628938
628937
628936
628935
628934
628933
628932
628931
628930
628928
628927
628926
628925
628924
628922
628921
628920
628918
628917
628916
628915
628913
628912
628911
628910
628909
628908
628907
628906
628905
628904
628903
628902
628901
628900
628899
628898
628897
628896
628895
628894
628893
628892
628891
628890
628889
628888
628886
628885
628887
628884
628880
628879
628878
628874
628873
628870
628868
628867
628866
628864
628863
628849
628848
628847
628846
628845
628844
628843
628842
628841
628840
628838
628837
628836
628834
628833
628832
628831
628830
628829
628828
628827
