604143
604061
604045
604046
604114
604190
604189
604137
604062
604102
604205
604204
604196
604195
604180
604177
604200
604084
604100
604096
604097
604098
604099
604081
604085
604089
604086
604082
604208
604122
604171
604217
604146
604113
604059
604056
604103
604077
604078
604074
604076
604073
604039
604052
604142
604060
604058
604053
604070
604071
604072
604139
604209
604212
604213
604214
604215
604211
604037
604041
604048
604066
604133
604150
604155
604087
604111
604112
604181
604179
604178
604219
604218
604162
604161
604160
604159
604148
604216
604210
604207
604206
604203
604202
604201
604199
604198
604154
604197
604151
604194
604193
604192
604191
604188
604187
604186
604185
604184
604183
604182
604175
604174
604172
604170
604169
604168
604167
604166
604165
604164
604163
604158
604157
604156
604153
604152
604147
604141
604138
604136
604134
604132
604131
604130
604129
604128
604127
604126
604125
604124
604123
604121
604120
604119
604118
604117
604116
604115
604110
604109
604108
604107
604106
604105
604104
604101
604095
604094
604093
604092
604091
604090
604088
604083
604080
604079
604075
604068
604067
604065
604064
604063
604057
604055
604054
604051
604050
604049
604047
604044
604043
604042
604040
604038
604036
