635350
635325
635326
635324
635340
635341
635342
635338
635331
635332
635328
635330
635333
635329
635327
635335
635336
635334
635337
635323
635322
635076
635313
635314
635321
635320
635319
635318
635317
635316
635315
635312
635311
635309
635307
635306
635310
635308
635346
635343
635344
635345
635347
635366
635356
635353
635369
635368
635365
635432
635425
635419
635406
635410
635415
635437
635418
635417
635416
635421
635420
635422
635435
635434
635433
635426
635424
635423
635414
635413
635412
635411
635409
635408
635407
635398
635396
635277
635255
635156
635124
635123
635122
635120
635118
635114
635116
635112
635119
635064
635066
635113
635139
635143
635144
635145
635177
635180
635234
635298
635359
635430
635155
635111
635401
635400
635189
635191
635192
635193
635194
635195
635196
635197
635198
635199
635200
635201
635202
635203
635204
635205
635206
635207
635208
635209
635210
635211
635212
635213
635214
635215
635216
635217
635218
635219
635220
635221
635222
635223
635224
635225
635226
635227
635228
635229
635230
635231
635232
635233
635235
635236
635238
635239
635240
635241
635243
635245
635247
635249
635251
635253
635254
635256
635257
635258
635259
635260
635261
635262
635263
635264
635266
635267
635269
635270
635271
635272
635273
635274
635117
635115
635464
635463
635462
635461
635460
635459
635458
635457
635456
635455
635454
635453
635452
635451
635450
635449
635448
635447
635446
635445
635443
635442
635441
635440
635439
635438
635436
635431
635429
635428
635427
635405
635404
635403
635402
635397
635395
635393
635392
635391
635390
635389
635388
635387
635386
635385
635384
635383
635381
635380
635379
635378
635377
635376
635375
635374
635373
635372
635371
635370
635367
635364
635363
635362
635361
635360
635358
635357
635355
635354
635352
635351
635349
635348
635339
635305
635304
635302
635301
635300
635297
635296
635295
635294
635293
635292
635291
635290
635289
635288
635286
635285
635284
635283
635282
635281
635280
635279
635278
635276
635275
635268
635265
635252
635250
635248
635246
635244
635242
635237
635190
635188
635187
635186
635185
635184
635183
635182
635181
635179
635178
635176
635175
635174
635173
635172
635170
635169
635168
635167
635166
635165
635164
635163
635162
635161
635160
635159
635158
635157
635153
635152
635150
635149
635148
635147
635146
635142
635140
635138
635137
635136
635135
635134
635133
635132
635131
635130
635129
635128
635126
635125
635121
635110
635109
635108
635107
635106
635105
635104
635103
635102
635101
635100
635099
635098
635097
635096
635095
635094
635093
635092
635091
635090
635089
635088
635087
635086
635085
635084
635083
635082
635081
635080
635079
635078
635077
635075
635074
635072
635071
635070
635069
635068
635067
635065
635063
635062
635060
635059
635058
635057
635056
