689013
689014
689251
689095
689254
689257
689252
689093
689250
689248
689244
689069
689057
689245
689096
689054
689242
689101
689246
689052
689256
689255
689058
689060
689049
689094
689055
689247
689253
689092
689051
689056
689249
689053
689048
689050
689283
689282
689281
689280
689279
689278
689277
689276
689275
689274
689273
689272
689271
689270
689269
689268
689266
689265
689066
689077
689078
689136
689157
689168
689181
689190
689196
689233
689264
689263
689262
689261
689260
689259
689258
689241
689240
689239
689238
689237
689235
689232
689231
689230
689229
689227
689226
689225
689224
689223
689222
689221
689220
689219
689218
689216
689215
689214
689213
689212
689211
689210
689209
689207
689206
689204
689203
689202
689201
689200
689199
689198
689197
689195
689194
689193
689192
689191
689189
689188
689187
689185
689184
689183
689182
689180
689179
689178
689177
689176
689175
689174
689173
689172
689170
689169
689167
689166
689165
689164
689163
689162
689161
689160
689159
689158
689156
689155
689154
689153
689152
689151
689150
689149
689148
689147
689146
689144
689143
689142
689141
689140
689139
689138
689137
689135
689134
689133
689132
689131
689130
689129
689128
689127
689126
689125
689124
689123
689122
689121
689115
689118
689120
689119
689117
689116
689114
689113
689112
689111
689110
689109
689108
689107
689106
689105
689104
689103
689102
689100
689099
689098
689097
689090
689089
689088
689087
689086
689085
689084
689083
689081
689080
689079
689076
689074
689073
689072
689071
689070
689067
689065
689064
689063
689062
689059
689047
689046
689045
689043
689042
689041
689040
689039
689038
689037
689036
689035
689034
689033
689032
689031
689030
689029
689028
689026
689025
689024
689023
689022
689019
689018
689017
689016
689015
689012
689011
689010
689009
689008
689007
689006
689005
689004
689003
689002
689001
689000
688999
688998
688997
688996
688995
688994
688993
688992
688991
688990
688989
688988
688987
688986
688985
688984
688983
688982
688981
688980
688979
688978
688977
688976
688975
688974
688973
688972
688971
688970
688969
688968
688967
688966
688965
688964
688963
688962
688961
688960
688959
688958
688957
688956
688955
688954
688953
688952
