621730
621571
621591
621596
621597
621594
621592
621588
621589
621590
621595
621598
621593
621587
621693
621725
621716
621609
621585
621583
621586
621584
621582
621579
621581
621580
621578
621577
621576
621574
621572
621575
621573
621566
621568
621729
621731
621746
621798
621856
621825
621404
621403
621402
621401
621544
621498
621549
621547
621546
621548
621515
621517
621530
621542
621541
621529
621534
621539
621540
621538
621536
621532
621533
621535
621525
621537
621545
621543
621524
621522
621519
621520
621528
621527
621531
621526
621521
621523
621518
621555
621565
621551
621563
621570
621560
621552
621557
621550
621504
621503
621510
621514
621516
621513
621511
621505
621506
621512
621509
621508
621507
621502
621500
621499
621495
621497
621501
621492
621494
621496
621493
621491
621478
621487
621489
621490
621488
621486
621485
621484
621479
621483
621482
621481
621480
621477
621476
621838
621682
621683
621689
621829
621887
621886
621885
621884
621840
621457
621468
621474
621473
621472
621469
621471
621470
621464
621463
621462
621461
621459
621458
621466
621465
621460
621446
621448
621447
621452
621450
621449
621451
621445
621562
621564
621567
621561
621569
621554
621553
621556
621559
621795
621793
621785
621413
621818
621823
621820
621817
621808
621827
621778
621782
621776
621768
621411
621790
621733
621410
621409
621407
621803
621797
621406
621405
621728
621662
621807
621791
621789
621788
621787
621786
621784
621740
621864
621842
621830
621668
621665
621664
621650
621636
621644
621631
621642
621622
621872
621869
621620
621618
621617
621616
621881
621888
621875
621874
621863
621867
621868
621780
621811
621775
621774
621773
621770
621755
621744
621700
621688
621687
621685
621684
621677
621678
621679
621860
621859
621855
621854
621853
621846
621615
621606
621848
621847
621850
621852
621695
621844
621612
621611
621418
621417
621419
621420
621675
621670
621614
621638
621603
621604
621600
621601
621430
621621
621416
621619
621858
621857
621613
621718
621739
621758
621610
621836
621607
621720
621414
621717
621865
621748
621866
621883
621882
621878
621877
621876
621873
621870
621862
621861
621422
621851
621849
621845
621837
621835
621833
621832
621831
621747
621826
621816
621819
621815
621814
621813
621812
621810
621809
621805
621800
621802
621801
621799
621792
621724
621723
621721
621732
621726
621727
621735
621750
621749
621742
621745
621753
621767
621771
621772
621766
621765
621764
621763
621762
621761
621760
621759
621757
621756
621754
621752
621751
621734
621741
621738
621736
621691
621722
621719
621715
621714
621713
621663
621712
621711
621710
621709
621705
621704
621703
621702
621701
621699
621698
621697
621694
621692
621690
621686
621680
621681
621676
621674
621673
621672
621671
621669
621667
621661
621658
621655
621654
621653
621652
621651
621649
621648
621647
621646
621645
621643
621641
621639
621637
621635
621634
621633
621632
621628
621605
621608
621602
621454
621453
621455
621475
621467
621456
621444
621443
621442
621441
621440
621439
621438
621437
621408
621415
621428
621427
621423
621421
