657393
657394
657395
657397
657400
657402
657404
657406
657407
657412
657413
657448
657453
657457
657458
657459
657460
657461
657463
657464
657465
657474
657462
657450
657452
657449
657451
657525
657505
657499
657497
657500
657492
657487
657484
657479
657473
657392
657379
657442
657443
657444
657441
657440
657435
657432
657431
657429
657426
657423
657420
657362
657354
657359
657353
657422
657349
657350
657501
657388
657376
657251
657351
657364
657504
657476
657491
657390
657480
657363
657360
657358
657250
657257
657243
657232
657254
657556
657557
657559
657558
657386
657482
657355
657256
657315
657543
657258
657233
657366
657361
657357
657341
657352
657555
657554
657553
657552
657551
657550
657549
657548
657547
657546
657252
657421
657436
657428
657408
657570
657569
657568
657567
657566
657565
657564
657563
657523
657522
657521
657561
657560
657545
657544
657542
657541
657540
657539
657538
657537
657536
657535
657534
657532
657531
657530
657529
657528
657527
657526
657519
657520
657524
657518
657517
657516
657515
657514
657513
657512
657511
657510
657509
657508
657507
657506
657503
657502
657498
657496
657495
657494
657493
657490
657489
657488
657486
657485
657483
657481
657478
657477
657475
657472
657471
657470
657469
657466
657456
657455
657454
657447
657446
657439
657438
657437
657434
657433
657430
657427
657425
657424
657418
657416
657415
657414
657411
657410
657409
657405
657403
657401
657399
657398
657396
657391
657389
657387
657385
657214
657215
657216
657219
657220
657384
657383
657382
657381
657380
657378
657377
657375
657374
657373
657372
657371
657370
657369
657368
657367
657365
657356
657348
657347
657346
657345
657344
657343
657342
657340
657339
657338
657336
657335
657334
657333
657332
657331
657330
657329
657328
657327
657326
657325
657324
657323
657322
657321
657320
657319
657318
657317
657316
657313
657312
657310
657309
657308
657307
657306
657305
657304
657303
657302
657301
657300
657299
657298
657297
657296
657295
657293
657292
657291
657289
657290
657288
657287
657286
657285
657284
657265
657266
657268
657270
657271
657272
657273
657275
657283
657282
657281
657280
657279
657278
657277
657276
657274
657269
657267
657264
657263
657262
657261
657259
657255
657253
657249
657248
657247
657246
657245
657244
657242
657241
657240
657239
657238
657237
657229
657230
657236
657235
657234
657228
657227
657226
657225
657224
657223
657222
657221
657218
657217
657213
657212
657211
657210
657209
657208
657207
657206
657205
657204
657202
657201
657200
657199
657198
657197
657196
657194
657193
657192
