685422
685786
685787
685783
685784
685789
685790
685785
685772
685771
685767
685769
685765
685519
685760
685513
685764
685689
685615
685509
685499
685762
685507
685770
685494
685766
685761
685497
685492
685758
685490
685514
685511
685495
685489
685488
685506
685757
685498
685493
685750
685751
685753
685754
685755
685512
685510
685491
685714
685713
685782
685781
685780
685776
685777
685779
685778
685637
685638
685639
685640
685659
685677
685735
685794
685641
685642
685645
685798
685797
685796
685795
685793
685792
685791
685788
685775
685774
685773
685768
685763
685759
685756
685752
685749
685747
685746
685745
685744
685690
685743
685742
685741
685687
685740
685739
685738
685737
685736
685688
685686
685734
685733
685732
685731
685730
685729
685728
685727
685726
685725
685724
685723
685722
685721
685720
685719
685718
685717
685716
685715
685712
685711
685710
685709
685708
685707
685706
685705
685704
685703
685702
685701
685700
685698
685697
685695
685694
685693
685692
685691
685685
685684
685683
685682
685680
685542
685679
685678
685676
685675
685674
685673
685672
685671
685670
685669
685668
685667
685666
685665
685664
685663
685662
685661
685660
685658
685657
685656
685655
685654
685653
685652
685651
685650
685649
685648
685647
685646
685643
685636
685635
685634
685633
685405
685406
685417
685428
685448
685610
685625
685627
685631
685632
685629
685628
685626
685624
685623
685622
685620
685618
685617
685616
685614
685613
685612
685611
685609
685608
685607
685606
685605
685604
685603
685602
685601
685600
685599
685597
685596
685595
685594
685593
685592
685591
685590
685589
685588
685587
685586
685585
685584
685583
685582
685581
685580
685579
685578
685577
685576
685575
685574
685573
685572
685571
685570
685569
685568
685567
685566
685565
685564
685563
685562
685561
685560
685559
685558
685557
685556
685555
685553
685551
685550
685549
685547
685546
685545
685544
685543
685541
685540
685539
685538
685537
685536
685535
685534
685533
685532
685531
685530
685529
685528
685525
685524
685523
685522
685521
685520
685518
685517
685516
685515
685508
685505
685504
685503
685502
685501
685500
685496
685487
685486
685485
685482
685473
685474
685475
685476
685481
685480
685479
685478
685477
685472
685471
685470
685469
685468
685467
685466
685465
685464
685463
685462
685461
685460
685459
685458
685457
685456
685455
685454
685453
685452
685451
685450
685447
685446
685445
685444
685443
685442
685441
685440
685439
685438
685436
685435
685434
685433
685432
685431
685430
685429
685427
685426
685425
685424
685421
685420
685419
685418
685416
685415
685414
685413
685412
685411
685410
685409
685408
685407
685403
685402
685401
