619866
619979
619999
619854
619905
619994
619865
619863
619864
619861
619862
619860
619859
619857
619858
619954
619967
619964
619797
619983
619961
619962
619959
619957
619949
619997
619996
619989
619990
619991
619978
619995
619968
619966
619948
619947
619943
619941
619919
619917
619956
619958
619969
619916
619915
619906
619902
619901
619893
619953
619952
619889
619942
619883
619951
619946
619872
619945
619940
619944
619870
619869
619938
619936
619937
619911
619840
619844
619845
619843
619892
619868
619907
619976
619850
619852
619874
619881
619912
619922
619987
620015
620014
620013
620012
620011
620004
620005
620006
620007
620008
620010
620009
620003
620001
620000
619998
619993
619992
619988
619888
619981
619977
619913
619980
619908
619910
619985
619984
619986
619975
619974
619973
619971
619950
619939
619935
619934
619895
619896
619897
619894
619925
619926
619933
619932
619931
619930
619929
619928
619924
619923
619921
619920
619914
619909
619904
619903
619900
619899
619898
619891
619890
619830
619887
619886
619885
619882
619871
619853
619877
619879
619880
619878
619876
619875
619873
619867
619822
619856
619855
619851
619849
619848
619847
619846
619842
619839
619837
619828
619836
619827
619825
619835
619834
619832
619833
619831
619829
619826
619824
619823
619804
619805
619806
619807
619808
619809
619810
619821
619811
619812
619813
619814
619815
619816
619817
619818
619819
619820
619802
619801
619800
619799
619798
619796
