644289
644314
644312
644311
644313
644310
644309
644307
644306
644308
644304
644305
644302
644303
644301
644300
644297
644299
644296
644295
644298
644294
644293
644292
644291
644290
644243
644242
644288
644287
644286
644285
644284
644281
644282
644283
644279
644280
644278
644277
644274
644276
644275
644273
644271
644269
644270
644268
644267
644264
644265
644266
644245
644244
644263
644262
644261
644260
644259
644258
644257
644215
644256
644255
644254
644253
644252
644251
644250
644249
644248
644239
644238
644237
644236
644235
644232
644231
644230
644229
644228
644227
644226
644214
644213
644223
644217
644222
644212
644216
644210
644208
644219
644218
644220
644224
644211
644209
644407
644456
644457
644458
644460
644459
644455
644454
644107
644117
644178
644180
644189
644204
644321
644324
644346
644390
644399
644402
644403
644453
644452
644451
644450
644449
644448
644447
644446
644445
644444
644443
644442
644441
644440
644439
644438
644437
644436
644435
644434
644433
644432
644431
644430
644380
644379
644429
644428
644427
644426
644425
644424
644423
644422
644421
644420
644419
644418
644417
644416
644415
644414
644413
644412
644411
644410
644409
644408
644377
644406
644405
644404
644401
644400
644398
644382
644375
644397
644396
644395
644394
644393
644392
644391
644388
644387
644385
644384
644383
644378
644376
644374
644372
644371
644370
644369
644368
644367
644366
644365
644364
644363
644362
644361
644360
644359
644358
644357
644356
644355
644354
644353
644352
644351
644350
644349
644348
644347
644345
644344
644343
644342
644341
644340
644339
644338
644337
644336
644335
644334
644332
644331
644330
644328
644327
644326
644325
644323
644322
644320
644319
644318
644317
644316
644315
644272
644173
644247
644241
644240
644234
644233
644225
644221
644207
644206
644202
644205
644203
644172
644171
644201
644169
644200
644199
644198
644197
644196
644195
644194
644193
644191
644190
644188
644187
644186
644185
644184
644183
644182
644181
644179
644170
644177
644175
644174
644168
644167
644166
644165
644164
644163
644162
644161
644160
644159
644157
644156
644155
644154
644153
644152
644151
644150
644149
644148
644141
644142
644147
644143
644146
644145
644144
644140
644139
644138
644137
644136
644135
644134
644133
644132
644131
644130
644129
644128
644127
644126
644125
644124
644123
644122
644121
644119
644118
644116
644115
644114
644113
644112
644111
644110
644109
644108
644105
644104
644102
644101
644100
644099
644098
644097
644096
644095
644094
644093
644092
644091
644090
644089
644088
644087
644086
644085
644083
644066
644069
644082
644080
644079
644078
644077
644076
644075
644074
644073
644072
644071
644070
644068
644067
644065
644064
644063
644062
644061
644060
644059
644058
644057
644055
644054
644053
644052
644051
644050
644049
644048
644047
644046
644045
644044
644043
644042
644040
644039
644038
644037
644036
644035
644034
644033
644032
644031
644030
