626178
626140
626132
626141
626134
626135
626138
626139
626133
626131
626122
626130
626124
626128
626121
626119
626129
626125
626126
626127
626123
626120
626118
626106
626103
626117
626115
626116
626114
626112
626109
626110
626111
626108
626107
626105
626104
626100
626101
626102
626188
626174
626187
626186
626184
626175
626177
626183
626179
626185
626173
626181
626176
626172
626170
626171
626168
626166
626167
626169
626162
626163
626160
626142
626154
626145
626150
626144
626147
626153
626159
626157
626158
626155
626156
626148
626149
626151
626152
626146
626143
626087
626097
626093
626091
626099
626096
626094
626095
626098
626089
626090
626092
626088
626085
626086
626065
626082
626076
626066
626067
626075
626073
626070
626068
626081
626083
626079
626084
626080
626078
626077
626074
626072
626071
626069
626064
626019
626010
625923
626030
626022
626015
625922
625921
626221
626219
626218
626214
626212
626211
626210
626208
626207
626206
626204
626203
626202
626200
626196
626193
626190
626189
626180
626164
626161
626136
626113
626038
626033
626028
626014
626013
626012
626009
626008
626007
626006
626004
626001
625999
625998
625994
625992
625991
625990
625989
625988
625987
625986
625985
625984
625983
625982
625981
625980
625976
625974
625971
625970
625969
625965
625962
625959
625956
625955
625954
625945
625944
625943
625939
625934
625919
625918
625917
625916
625915
625914
625913
625912
625903
625880
625895
626035
625964
625940
625933
626220
625930
626217
626216
626209
626199
626198
626195
626192
626063
626062
626061
626060
626059
626058
626057
626056
626055
626054
626053
626052
626051
626050
626049
626048
626047
626046
626045
626044
626043
626042
626041
626040
626039
626034
626003
626002
626037
626036
626032
626029
626025
626024
626023
626020
626018
626016
625960
626011
626005
625997
625996
625995
625979
625928
625973
625946
625978
625977
625975
625972
625968
625967
625966
625963
625961
625957
625958
625952
625951
625950
625948
625947
625942
625941
625938
625936
625929
625888
625932
625931
625927
625926
625925
625924
625920
625911
625910
625897
625909
625908
625907
625906
625905
625904
625902
625899
625896
625894
625891
625890
625889
625886
625884
625883
625881
