657780
657846
657852
657820
657819
657817
657814
657811
657816
657810
657813
657808
657793
657818
657789
657734
657732
657791
657812
657731
657589
657591
657593
657834
657833
657832
657831
657830
657829
657828
657827
657826
657880
657879
657878
657877
657876
657875
657874
657863
657862
657696
657684
657766
657778
657887
657728
657729
657904
657903
657902
657901
657900
657899
657898
657897
657896
657895
657894
657893
657892
657891
657890
657889
657888
657886
657885
657884
657883
657882
657881
657595
657872
657871
657870
657868
657867
657866
657865
657864
657861
657860
657859
657857
657856
657855
657854
657853
657851
657850
657849
657848
657847
657845
657843
657842
657841
657840
657839
657838
657837
657836
657835
657825
657824
657823
657822
657821
657807
657806
657805
657804
657803
657802
657801
657800
657799
657798
657797
657796
657795
657794
657790
657788
657787
657786
657785
657784
657783
657782
657781
657779
657777
657776
657775
657774
657773
657772
657771
657770
657769
657768
657767
657765
657764
657763
657762
657760
657759
657758
657757
657756
657755
657754
657753
657752
657751
657750
657749
657748
657747
657746
657745
657744
657743
657742
657741
657740
657739
657738
657737
657736
657735
657733
657730
657727
657726
657725
657724
657723
657722
657721
657720
657719
657718
657717
657716
657715
657714
657713
657712
657711
657710
657709
657708
657707
657630
657629
657628
657627
657626
657625
657624
657622
657621
657620
657623
657613
657619
657618
657617
657616
657614
657615
657606
657607
657608
657609
657610
657611
657612
657706
657705
657704
657703
657702
657700
657699
657698
657697
657695
657694
657693
657692
657691
657690
657689
657688
657687
657686
657685
657675
657683
657682
657681
657680
657679
657678
657676
657674
657673
657672
657671
657670
657669
657668
657667
657666
657665
657637
657638
657639
657640
657641
657643
657644
657645
657646
657647
657648
657649
657650
657651
657652
657655
657656
657657
657658
657659
657660
657663
657661
657662
657664
657654
657653
657642
657636
657635
657634
657633
657632
657631
657605
657604
657603
657602
657601
657599
657598
657597
657596
657594
657592
657590
657588
657587
657586
657585
657584
657583
657582
657581
657579
657577
657575
657574
657573
657572
657571
