661397
661249
661267
661272
661294
661295
661315
661318
661320
661322
661333
661381
661382
661393
661452
661453
661454
661455
661456
661270
661481
661480
661479
661478
661477
661476
661475
661474
661473
661471
661470
661469
661468
661467
661466
661465
661463
661461
661460
661459
661458
661457
661451
661450
661449
661448
661447
661446
661445
661444
661443
661442
661441
661440
661439
661438
661437
661436
661435
661434
661433
661432
661431
661430
661429
661428
661427
661426
661425
661424
661423
661414
661413
661411
661410
661409
661408
661405
661404
661403
661402
661401
661400
661399
661398
661396
661395
661394
661422
661421
661420
661419
661418
661417
661416
661415
661412
661406
661392
661391
661389
661388
661387
661386
661385
661384
661383
661380
661379
661378
661377
661376
661375
661374
661372
661371
661370
661369
661368
661367
661365
661364
661363
661362
661361
661360
661359
661358
661357
661356
661355
661354
661353
661352
661351
661350
661349
661348
661347
661346
661345
661344
661343
661342
661340
661339
661338
661337
661336
661335
661334
661332
661331
661330
661329
661328
661327
661326
661325
661324
661323
661321
661319
661317
661316
661313
661312
661311
661310
661309
661308
661306
661305
661304
661303
661302
661301
661300
661299
661296
661293
661292
661291
661290
661289
661288
661287
661286
661285
661284
661283
661282
661281
661280
661279
661278
661277
661276
661275
661273
661271
661269
661268
661265
661264
661263
661262
661261
661260
661259
661258
661257
661256
661255
661254
661253
661252
661251
661250
661248
661247
661246
661245
661244
661243
