675645
675698
675697
675694
675693
675689
675688
675687
675686
675685
675684
675683
675918
675905
675883
675789
675903
675870
675844
675916
675772
675770
675733
675904
675674
675914
675881
675740
675734
675675
675672
675603
675677
675776
675796
675801
675815
675837
675850
675851
675859
675860
675864
675871
675889
675890
675899
675941
675942
675943
675944
675953
675958
675957
675956
675955
675954
675952
675951
675950
675949
675948
675947
675946
675945
675940
675939
675938
675937
675936
675935
675934
675933
675932
675931
675930
675929
675928
675927
675926
675924
675922
675921
675920
675919
675917
675915
675913
675912
675911
675910
675909
675908
675907
675906
675902
675901
675900
675898
675897
675896
675895
675894
675893
675892
675891
675888
675887
675886
675885
675884
675882
675725
675724
675880
675879
675878
675877
675876
675875
675874
675873
675872
675868
675869
675867
675865
675863
675862
675861
675858
675857
675856
675855
675854
675852
675849
675848
675847
675723
675846
675845
675843
675842
675841
675840
675839
675838
675836
675835
675834
675833
675832
675831
675830
675829
675828
675827
675826
675825
675824
675823
675822
675821
675820
675819
675818
675817
675816
675814
675813
675812
675810
675809
675807
675805
675803
675802
675800
675798
675797
675795
675794
675793
675792
675791
675790
675726
675788
675787
675786
675785
675784
675783
675782
675781
675780
675779
675778
675777
675775
675774
675773
675771
675769
675768
675767
675722
675766
675765
675764
675763
675762
675761
675760
675721
675759
675758
675757
675756
675755
675754
675753
675752
675751
675750
675749
675748
675747
675746
675744
675743
675742
675741
675739
675738
675737
675736
675717
675732
675731
675730
675729
675728
675727
675720
675718
675719
675716
675715
675714
675713
675712
675709
675708
675707
675706
675705
675704
675703
675702
675701
675700
675699
675696
675695
675692
675691
675690
675682
675681
675680
675679
675678
675676
675673
675671
675670
675669
675668
675667
675666
675665
675664
675663
675662
675661
675660
675659
675658
675657
675656
675655
675654
675653
675652
675651
675650
675649
675648
675647
675646
675644
675643
675642
675641
675640
675639
675637
675636
675635
675634
675633
675632
675631
675630
675629
675628
675627
675623
675624
675625
675626
675622
675621
675620
675619
675618
675617
675616
675615
675614
675613
675612
675611
675610
675609
675608
675607
675606
675605
675604
675602
675601
675600
675599
675598
675591
675592
675597
675596
675595
675594
675593
675589
675588
675587
675586
675585
675584
675583
675582
675581
675580
675579
675578
675577
675576
675575
675574
675573
675572
675571
675570
675569
675568
675567
675566
675565
