680410
680424
680425
680426
680427
680422
680421
680420
680419
680414
680415
680416
680418
680412
680411
680413
680389
680188
680184
680187
680185
680123
680120
680114
680112
680388
680278
680279
680280
680281
680282
680283
680284
680285
680446
680444
680443
680441
680440
680439
680438
680437
680436
680435
680434
680433
680432
680431
680430
680429
680428
680417
680409
680408
680407
680405
680406
680404
680403
680402
680401
680400
680399
680398
680397
680396
680395
680394
680393
680392
680391
680390
680387
680386
680385
680384
680383
680382
680381
680380
680379
680378
680377
680376
680375
680374
680373
680372
680371
680370
680369
680368
680366
680365
680364
680363
680362
680361
680360
680359
680358
680357
680356
680355
680354
680353
680352
680351
680349
680348
680347
680345
680344
680343
680342
680341
680340
680338
680337
680336
680335
680334
680333
680332
680331
680330
680329
680328
680327
680326
680325
680324
680323
680322
680321
680320
680319
680318
680317
680316
680315
680314
680313
680312
680311
680310
680309
680308
680307
680306
680305
680304
680303
680302
680301
680300
680299
680298
680297
680296
680294
680293
680292
680291
680290
680289
680288
680287
680286
680277
680276
680275
680274
680273
680272
680271
680192
680225
680270
680269
680268
680267
680266
680265
680264
680263
680262
680261
680260
680259
680258
680257
680256
680255
680254
680253
680252
680251
680250
680249
680248
680247
680246
680245
680244
680243
680242
680241
680240
680239
680238
680237
680235
680234
680233
680232
680231
680230
680229
680228
680227
680226
680224
680223
680222
680220
680219
680218
680217
680216
680215
680214
680153
680156
680213
680212
680211
680210
680209
680208
680207
680159
680206
680204
680158
680155
680203
680202
680201
680200
680199
680198
680197
680196
680195
680194
680193
680191
680154
680169
680190
680189
680186
680183
680182
680181
680101
680160
680170
680171
680180
680179
680168
680178
680177
680176
680175
680174
680173
680172
680167
680166
680165
680164
680163
680162
680161
680157
680152
680151
680150
680149
680148
680147
680146
680145
680144
680143
680142
680141
680140
680139
680137
680136
680135
680134
680133
680132
680131
680130
680129
680128
680127
680126
680125
680124
680122
680121
680119
680118
680117
680116
680115
680113
680111
680109
680108
680110
680107
680106
680105
680104
680103
680102
680100
680099
680097
680095
680094
680093
680092
680091
680090
680089
680088
680087
680086
680085
680084
680083
680082
680081
680080
680079
680078
680077
680076
680075
680074
680073
680072
680071
680070
680069
