650358
650357
650359
650360
650361
650362
650363
650364
650556
650552
650442
650430
650429
650428
650543
650433
650427
650426
650502
650694
650431
650347
650643
650654
650674
650521
650466
650474
650522
650710
650619
650709
650723
650711
650712
650729
650730
650731
650602
650605
650676
650677
650735
650734
650733
650732
650728
650727
650726
650725
650724
650722
650721
650720
650719
650718
650717
650716
650715
650714
650713
650708
650707
650706
650705
650704
650703
650701
650700
650699
650698
650697
650702
650695
650696
650693
650692
650689
650690
650688
650687
650686
650685
650684
650682
650680
650679
650678
650675
650673
650668
650670
650667
650671
650672
650669
650666
650665
650664
650663
650662
650661
650660
650659
650658
650653
650652
650651
650650
650649
650648
650647
650646
650645
650642
650641
650640
650639
650637
650636
650635
650634
650633
650632
650631
650630
650629
650628
650626
650625
650624
650623
650622
650621
650620
650618
650617
650616
650615
650614
650613
650612
650611
650610
650609
650608
650607
650606
650604
650603
650601
650600
650599
650598
650597
650551
650554
650596
650595
650594
650593
650592
650591
650590
650589
650588
650587
650585
650583
650581
650580
650579
650577
650574
650573
650572
650571
650570
650567
650566
650565
650563
650562
650559
650557
650555
650553
650549
650497
650495
650548
650547
650546
650515
650516
650517
650519
650520
650540
650541
650544
650545
650542
650539
650538
650537
650536
650535
650534
650533
650532
650531
650530
650529
650528
650527
650526
650496
650525
650524
650523
650518
650513
650512
650511
650510
650509
650508
650483
650506
650505
650504
650503
650501
650482
650500
650499
650498
650494
650493
650492
650491
650490
650489
650488
650487
650486
650485
650484
650481
650480
650479
650478
650477
650476
650441
650440
650439
650438
650437
650475
650473
650472
650471
650470
650468
650467
650464
650463
650462
650461
650460
650459
650458
650457
650456
650455
650454
650453
650452
650451
650450
650449
650448
650447
650446
650443
650445
650444
650436
650435
650434
650432
650425
650424
650423
650422
650421
650420
650419
650418
650417
650416
650414
650413
650412
650411
650410
650409
650408
650407
650406
650405
650404
650403
650402
650401
650400
650399
650398
650397
650396
650395
650394
650393
650391
650390
650389
650388
650387
650386
650385
650384
650350
650352
650366
650367
650370
650383
650382
650381
650380
650379
650377
650376
650375
650374
650373
650372
650371
650369
650368
650365
650356
650355
650354
650353
650351
650349
650348
