667364
667365
667224
667183
667241
667228
667223
667219
667170
667137
667120
667118
667163
667116
667119
667117
667115
667112
667161
667111
667110
667109
667108
667107
667106
667095
667090
667235
667218
667094
667086
667085
667232
667222
667091
667096
667087
667188
667189
667020
666998
666997
667000
666999
667423
667363
667382
667408
667422
667421
667420
667419
667418
667417
667416
667414
667413
667412
667411
667410
667409
667407
667406
667405
667404
667403
667401
667400
667399
667398
667397
667396
667395
667394
667392
667391
667390
667389
667388
667387
667386
667385
667384
667383
667381
667380
667379
667378
667377
667376
667375
667374
667373
667372
667371
667370
667369
667368
667367
667366
667360
667361
667362
667359
667014
667037
667039
667041
667042
667045
667066
667082
667114
667175
667182
667191
667200
667229
667258
667260
667266
667270
667287
667300
667307
667318
667358
667357
667356
667355
667354
667353
667336
667332
667328
667327
667326
667352
667351
667350
667349
667348
667347
667346
667345
667344
667337
667342
667341
667340
667339
667338
667335
667334
667333
667331
667330
667329
667325
667324
667323
667322
667321
667320
667319
667317
667316
667315
667314
667313
667312
667311
667310
667309
667308
667306
667305
667304
667303
667302
667301
667299
667298
667297
667277
667296
667295
667294
667293
667292
667291
667290
667289
667288
667286
667285
667284
667283
667282
667280
667276
667275
667273
667272
667271
667269
667268
667267
667264
667263
667262
667261
667259
667257
667256
667255
667254
667253
667251
667250
667249
667248
667247
667246
667245
667243
667242
667240
667239
667238
667237
667236
667244
667234
667233
667231
667230
667227
667226
667225
667221
667220
667217
667216
667210
667209
667215
667214
667213
667212
667208
667207
667206
667205
667204
667203
667202
667201
667199
667198
667197
667196
667195
667194
667192
667190
667187
667186
667185
667184
667181
667180
667179
667178
667177
667176
667172
667174
667173
667171
667169
667168
667167
667166
667165
667164
667162
667160
667159
667158
667157
667156
667155
667154
667153
667152
667151
667150
667149
667148
667147
667146
667145
667144
667143
667142
667141
667140
667139
667138
667136
667135
667134
667133
667132
667131
667130
667129
667128
667127
667126
667125
667124
667123
667122
667113
667105
667104
667102
667101
667100
667099
667098
667097
667103
667093
667092
667089
667088
667084
667083
667081
667080
667079
667078
667077
667076
667075
667074
667073
667072
667070
667069
667068
667067
667065
667064
667063
667062
667061
667059
667058
667057
667056
667055
667053
667052
667051
667049
667047
667044
667040
667038
667036
667035
667034
667033
667032
667031
667030
667029
667028
667027
667026
667025
667024
667023
667022
667021
667019
667018
667017
667016
667013
667012
667011
667010
667009
667008
667007
667006
667005
667004
667003
667002
666996
666995
