633422
633395
633398
633412
633424
633425
633423
633416
633414
633392
633393
633394
633399
633415
633413
633403
633409
633396
633390
633389
633391
633397
633388
633387
633383
633385
633384
633382
633381
633361
633360
633380
633379
633378
633371
633370
633366
633363
633367
633377
633375
633374
633372
633373
633369
633364
633365
633362
633359
633443
633441
633440
633439
633438
633434
633433
633432
633431
633357
633430
633426
633358
633447
633489
633498
633462
633521
633315
633286
633284
633287
633285
633516
633515
633514
633513
633512
633511
633510
633509
633508
633507
633506
633505
633504
633503
633502
633501
633500
633499
633497
633496
633495
633494
633493
633492
633490
633488
633487
633486
633485
633484
633483
633482
633481
633480
633479
633478
633477
633476
633474
633473
633472
633471
633470
633469
633468
633467
633466
633464
633463
633461
633459
633458
633456
633455
633454
633453
633452
633451
633450
633449
633448
633445
633444
633442
633437
633436
633435
633429
633428
633427
633421
633420
633419
633418
633417
633411
633410
633408
633407
633406
633405
633404
633402
633401
633400
633386
633376
633355
633354
633353
633351
633350
633349
633348
633347
633346
633345
633344
633343
633342
633341
633340
633339
633338
633337
633336
633335
633334
633333
633332
633331
633330
633329
633328
633327
633326
633325
633324
633323
633322
633321
633320
633319
633318
633317
633316
633314
633313
633312
633311
633310
633309
633308
633307
633306
633305
633304
633303
633302
633300
633299
633298
633297
633296
633295
633294
633293
633292
633291
633290
633289
633288
633283
633282
633281
633280
633274
633275
633276
633278
633277
633273
633272
633270
633269
633265
633264
633263
633262
633261
633260
633259
633258
633257
633256
633255
633254
633253
633252
633251
633250
633249
633248
633247
633246
633245
633244
633243
633242
633241
633240
633239
633238
633237
633236
633235
633234
633233
633232
633231
633230
