606896
606798
607025
607010
606882
606893
606894
606895
607035
607013
606903
607044
607038
607033
606809
606808
606807
607031
606989
607011
606955
606943
606937
606936
606928
606927
607018
607023
607022
607004
607006
606924
606923
606906
606891
606881
606978
606957
606953
606915
606913
606909
606865
606864
606839
606907
606904
606862
606837
606792
606844
606842
606841
606916
606834
606828
606827
606826
607037
606825
606794
606793
606791
606768
606832
606790
606789
606788
606992
606985
606983
606984
606997
606999
606998
606994
606995
606996
606993
606991
606990
606988
606986
607000
606987
606982
606911
606840
606787
606912
606774
607048
606941
606935
606932
606931
606926
606925
606785
606784
606981
606980
606979
606812
606945
606951
606962
606961
606960
606959
606963
606952
606950
606949
606948
606947
606946
606944
606968
606976
606977
606971
606973
606966
606972
606975
606969
606974
606967
606965
606902
607042
606819
606824
606835
606880
606938
606940
606797
606875
606898
607030
607051
607050
607049
607047
607046
607045
607043
607040
607041
607039
606830
606810
606817
606878
606879
606901
607026
607027
607034
607028
607024
607021
607020
607019
607017
607016
607015
606970
606964
606956
606942
606939
606929
606933
606922
606921
606920
606919
606918
606917
606899
606806
606876
606889
606888
606887
606886
606885
606884
606883
606890
606897
606900
606877
606874
606873
606872
606871
606870
606869
606868
606866
606863
606861
606852
606854
606855
606856
606857
606858
606859
606853
606850
606848
606847
606846
606843
606849
606851
606838
606836
606813
606814
606815
606816
606801
606775
606829
606820
606799
606800
606802
606818
606831
606811
606805
606804
606803
606822
606821
606796
606795
606786
606783
606782
606781
606780
606779
606778
606777
606776
606773
606772
606771
606767
606766
