679147
679103
679127
679125
679101
679145
679122
679133
679126
679100
679130
679120
679099
678994
678991
678924
678921
678926
678923
679093
679094
678967
678984
679038
679071
679075
679087
679158
678860
678983
678982
678988
678987
678875
678874
678873
678872
678869
678867
678866
678922
678925
679169
679168
679166
679165
679164
679162
679161
679160
679159
679157
679156
679155
679154
679153
679152
679149
679148
679146
679144
679143
679142
679141
679140
679139
679138
679137
679136
679135
679134
679132
679131
679129
679128
679124
679123
679121
679119
679118
679117
679116
679115
679114
679113
679112
679111
679110
679109
679108
679107
679106
679105
679104
679098
679097
679096
679095
679092
679091
679090
679089
679088
679086
679085
679084
679083
679082
679081
679080
679079
679078
679077
679076
679074
679073
679072
679070
679069
679068
679067
679066
679065
679064
679063
679062
679061
679060
679059
679058
679057
679056
679055
679054
679053
679052
679051
679050
679049
679048
679047
679046
679045
679042
679041
679040
679039
679036
679035
679034
679033
679032
679031
679030
679029
679028
679027
679026
679025
679024
679023
679022
679021
679020
679019
679018
679017
679016
679014
679013
679011
679010
679009
679008
679007
679006
679005
679004
679003
679002
679001
679000
678998
678997
678996
678995
678993
678992
678990
678989
678986
678985
678981
678980
678979
678978
678977
678976
678975
678974
678973
678972
678971
678970
678969
678968
678966
678965
678964
678963
678962
678961
678960
678959
678958
678957
678956
678955
678954
678953
678952
678951
678950
678949
678948
678947
678946
678945
678944
678943
678942
678941
678940
678939
678938
678937
678936
678935
678934
678933
678932
678931
678930
678929
678928
678927
678920
678918
678917
678916
678915
678914
678913
678906
678908
678907
678905
678912
678911
678910
678909
678904
678902
678901
678900
678899
678898
678897
678895
678894
678893
678892
678891
678890
678889
678888
678887
678885
678884
678883
678882
678881
678880
678879
678878
678877
678876
678871
678870
678868
678865
678864
678863
678862
678861
678859
678858
678857
678856
678855
678854
678853
678852
678851
678850
678849
678846
678845
678844
678843
678842
678841
678840
678839
678838
