646601
646603
646607
646608
646605
646604
646614
646612
646613
646611
646610
646609
646606
646602
646821
646819
646828
646823
646824
646825
646822
646827
646826
646820
646818
646817
646816
646761
646564
646565
646562
646563
646690
646771
646775
646776
646866
646882
646574
646575
646577
646694
646698
646722
646731
646753
646760
646763
646695
646691
646887
646885
646884
646883
646881
646880
646879
646878
646877
646876
646875
646874
646873
646872
646871
646870
646869
646868
646867
646865
646864
646863
646862
646861
646860
646859
646858
646857
646856
646855
646854
646853
646852
646851
646850
646847
646846
646845
646844
646843
646842
646841
646840
646839
646838
646837
646836
646835
646834
646833
646832
646831
646829
646804
646803
646815
646814
646802
646801
646800
646813
646812
646811
646727
646810
646809
646808
646807
646806
646805
646798
646797
646796
646795
646794
646793
646792
646791
646790
646726
646728
646789
646788
646570
646571
646787
646786
646785
646730
646783
646782
646781
646779
646778
646777
646774
646773
646772
646769
646768
646766
646765
646764
646762
646759
646758
646757
646756
646755
646754
646752
646751
646750
646749
646748
646643
646747
646746
646745
646744
646743
646742
646741
646740
646739
646738
646737
646736
646735
646734
646733
646646
646653
646732
646729
646725
646724
646723
646721
646720
646719
646718
646660
646717
646716
646715
646714
646713
646712
646711
646709
646708
646707
646706
646705
646704
646703
646702
646701
646700
646699
646697
646696
646693
646651
646692
646689
646688
646687
646686
646685
646684
646680
646679
646678
646658
646649
646677
646676
646655
646666
646675
646657
646652
646647
646674
646645
646644
646663
646664
646673
646671
646670
646669
646668
646667
646659
646656
646654
646650
646648
646642
646641
646640
646639
646638
646637
646636
646635
646634
646633
646632
646631
646630
646629
646628
646627
646626
646625
646624
646623
646622
646621
646620
646619
646618
646617
646599
646596
646600
646598
646597
646591
646595
646594
646593
646590
646592
646589
646588
646616
646573
646572
646615
646587
646586
646585
646584
646583
646582
646581
646580
646579
646578
646576
646569
646568
646561
646560
646559
646558
646557
646556
646555
646554
646553
