648537
648717
648720
648800
648808
648809
648592
648591
648607
648609
648596
648625
648626
648621
648617
648624
648622
648623
648585
648612
648579
648594
648606
648603
648595
648548
648616
648615
648600
648604
648598
648601
648597
648599
648550
648613
648605
648602
648611
648610
648614
648618
648593
648608
648549
648867
648869
648870
648871
648872
648878
648877
648876
648874
648873
648868
648866
648865
648864
648863
648862
648861
648860
648859
648858
648857
648856
648855
648854
648853
648852
648846
648845
648844
648843
648842
648841
648840
648839
648838
648837
648836
648835
648834
648833
648832
648831
648830
648829
648851
648850
648849
648848
648847
648828
648827
648826
648825
648660
648663
648680
648698
648731
648736
648766
648776
648792
648824
648823
648822
648821
648820
648819
648818
648817
648816
648815
648814
648813
648811
648810
648719
648718
648807
648805
648804
648803
648802
648801
648799
648798
648797
648796
648795
648794
648793
648753
648751
648707
648700
648791
648790
648789
648788
648787
648786
648785
648784
648754
648702
648752
648783
648782
648750
648705
648781
648780
648704
648779
648778
648777
648775
648774
648773
648772
648771
648770
648769
648768
648767
648764
648763
648761
648760
648759
648758
648757
648756
648755
648709
648701
648749
648748
648747
648746
648745
648744
648743
648742
648741
648740
648739
648738
648710
648737
648735
648734
648733
648732
648706
648729
648728
648727
648726
648725
648683
648686
648723
648722
648721
648685
648684
648716
648715
648714
648628
648713
648712
648711
648708
648703
648699
648696
648695
648692
648694
648693
648690
648689
648688
648687
648682
648681
648679
648678
648677
648676
648675
648674
648673
648672
648671
648670
648669
648668
648665
648664
648662
648661
648659
648658
648657
648655
648654
648653
648652
648651
648650
648649
648648
648647
648646
648645
648644
648643
648641
648640
648638
648636
648635
648634
648633
648631
648630
648629
648627
648620
648619
648590
648589
648587
648586
648584
648583
648582
648581
648580
648578
648577
648576
648574
648573
648572
648571
648570
648569
648568
648567
648566
648565
648564
648563
648562
648561
648560
648559
648557
648556
648555
648553
648552
648551
648547
648546
648545
648544
648542
648541
648540
648539
648538
648536
648535
648534
648533
648532
648531
648530
648529
648528
648527
648526
648525
648524
648523
648522
648521
648520
648519
