670835
670831
670807
670833
670830
670839
670832
670808
670838
670865
670866
670874
670873
670872
670836
670834
670871
670870
670849
670848
670847
670859
670858
670857
670856
670855
670854
670576
670709
670711
670716
670741
670743
670745
670766
670769
670792
670883
670902
670901
670900
670899
670898
670895
670894
670893
670892
670891
670890
670888
670887
670886
670885
670884
670882
670881
670880
670879
670878
670877
670876
670574
670875
670869
670868
670867
670864
670863
670862
670861
670860
670853
670852
670851
670850
670846
670845
670844
670843
670842
670841
670840
670837
670829
670828
670827
670826
670825
670824
670823
670822
670821
670820
670819
670818
670817
670816
670815
670814
670813
670812
670811
670810
670809
670806
670805
670804
670803
670802
670801
670800
670799
670798
670797
670796
670795
670794
670793
670791
670790
670577
670789
670788
670787
670786
670785
670784
670783
670782
670781
670780
670778
670777
670776
670775
670774
670773
670772
670771
670770
670768
670767
670765
670764
670763
670762
670761
670760
670759
670758
670757
670756
670755
670754
670753
670752
670751
670750
670749
670748
670747
670746
670744
670742
670740
670739
670738
670737
670736
670735
670734
670733
670732
670731
670729
670728
670726
670725
670724
670723
670722
670721
670720
670719
670717
670715
670714
670713
670712
670710
670708
670706
670705
670704
670703
670702
670701
670700
670699
670698
670697
670696
670695
670694
670693
670692
670691
670690
670635
670658
670664
670674
670689
670688
670687
670686
670685
670684
670683
670682
670681
670680
670679
670678
670677
670676
670675
670673
670672
670671
670670
670669
670668
670666
670665
670663
670662
670661
670660
670657
670656
670655
670654
670653
670652
670651
670650
670648
670647
670645
670644
670643
670642
670641
670640
670639
670638
670637
670636
670634
670633
670632
670631
670630
670629
670628
670627
670626
670624
670623
670622
670621
670619
670618
670581
670616
670617
670615
670614
670613
670612
670611
670610
670609
670608
670607
670606
670605
670604
670603
670602
670601
670600
670599
670598
670597
670592
670593
670594
670595
670596
670591
670590
670589
670588
670587
670586
670585
670584
670583
670582
670580
670579
670578
670575
670573
670572
670571
670570
670569
670568
670567
670566
670565
