614603
614488
614501
614502
614833
614701
614702
614703
614704
614705
614699
614700
614695
614706
614698
614696
614697
614694
614691
614693
614690
614689
614460
614459
614509
614526
614517
614516
614525
614524
614523
614522
614521
614519
614520
614518
614514
614511
614512
614515
614513
614508
614507
614506
614505
614504
614503
614500
614499
614498
614496
614497
614495
614494
614493
614492
614491
614490
614489
614486
614487
614485
614484
614483
614482
614481
614480
614479
614478
614477
614476
614475
614474
614473
614470
614469
614472
614471
614468
614467
614466
614465
614463
614464
614462
614461
614687
614625
614674
614801
614810
614821
614831
614819
614812
614807
614777
614799
614776
614748
614668
614665
614659
614808
614806
614805
614752
614804
614794
614793
614788
614745
614744
614708
614676
614666
614663
614661
614655
614645
614759
614638
614637
614633
614653
614649
614646
614565
614715
614719
614724
614726
614820
614824
614814
614811
614809
614746
614730
614727
614656
614631
614628
614626
614624
614619
614611
614610
614609
614608
614722
614721
614536
614533
614532
614651
614785
614789
614783
614765
614755
614754
614558
614711
614710
614709
614751
614742
614741
614739
614660
614657
614642
614641
614636
614601
614629
614827
614622
614634
614580
614712
614542
614543
614579
614816
614818
614828
614662
614797
614802
614803
614829
614832
614834
614830
614770
614607
614685
614734
614790
614792
614795
614826
614825
614823
614822
614817
614815
614782
614779
614778
614798
614796
614787
614716
614786
614784
614780
614775
614586
614600
614560
614561
614562
614563
614599
614627
614760
614761
614733
614725
614774
614718
614762
614763
614773
614764
614766
614767
614768
614769
614630
614772
614771
614756
614750
614644
614747
614735
614743
614740
614736
614737
614731
614729
614728
614723
614720
614717
614643
614621
614692
614684
614683
614640
614682
614681
614680
614679
614678
614677
614675
614673
614672
614671
614670
614667
614658
614639
614632
614582
614620
614618
614617
614616
614615
614614
614613
614612
614606
614605
614604
614602
614598
614597
614596
614595
614594
614593
614592
614591
614590
614589
614588
614585
614584
614583
614581
614578
614577
614576
614575
614574
614573
614572
614571
614570
614569
614559
614556
614568
614567
614564
614557
614555
614554
614552
614545
614546
614547
614548
614549
614550
614551
614528
614540
614539
614538
614541
614537
614535
614534
614531
614530
614529
614510
614458
