682906
682905
682907
682900
682899
682903
682904
682902
682901
682898
682897
682912
682911
683025
683062
683023
683012
683008
683006
683041
683002
683000
683044
682959
683063
683004
682974
683021
683005
682999
682960
683003
683007
682958
682947
683001
682973
682957
683026
683027
683123
683034
683033
683032
683031
683030
682979
682988
682975
683019
683051
683055
683057
683074
683085
683096
683115
683141
683162
683161
683160
683159
683158
683157
683156
683155
683154
683153
683152
683151
683150
683149
683148
683147
683146
683145
683140
683139
683137
683136
683134
683133
683132
683131
683130
683129
683128
683127
683126
683125
683124
683122
683121
683120
683119
683118
683117
683114
683112
683111
683110
683109
683108
683107
683106
683105
683103
683102
683101
683100
683099
683098
683097
683095
683094
683093
683092
683091
683090
683089
683088
683087
683086
683084
683083
683082
683081
683080
683079
683078
683076
683075
683073
683071
683070
683069
683068
683067
683066
683065
683064
683061
683060
683059
683058
683056
683054
683053
683052
683050
683049
683048
683047
683046
683045
683043
683042
683040
683039
682983
683038
682982
683037
683036
683035
682984
683029
683028
682980
683024
683022
683020
683018
683017
682986
683015
683014
683011
682987
682981
682985
683010
683009
682998
682997
682996
682995
682994
682993
682992
682991
682990
682989
682978
682977
682976
682972
682971
682970
682969
682968
682967
682965
682964
682963
682962
682961
682956
682955
682954
682953
682952
682949
682943
682948
682942
682940
682946
682945
682944
682941
682939
682938
682937
682936
682935
682934
682933
682932
682931
682929
682928
682927
682926
682925
682924
682923
682922
682921
682920
682918
682919
682917
682916
682915
682914
682913
682910
682909
682908
682896
682895
682894
682893
682891
682889
682888
682887
682886
682885
682884
682883
682882
682881
682880
682879
682878
682877
682876
682875
682874
682873
682872
682871
682870
682869
682868
682867
682866
682865
682864
682863
