620446
620401
620381
620463
620442
620439
620434
620441
620435
620437
620433
620431
620432
620429
620428
620427
620402
620407
620404
620436
620398
620397
620400
620399
620396
620360
620347
620332
620333
620501
620500
620499
620498
620497
620514
620505
620503
620494
620509
620504
620464
620461
620458
620457
620502
620496
620472
620443
620417
620418
620425
620426
620386
620493
620492
620491
620416
620391
620380
620460
620379
620377
620369
620368
620366
620365
620364
620415
620450
620448
620445
620354
620355
620356
620352
620353
620406
620372
620370
620405
620373
620362
620371
620411
620413
620414
620412
620410
620409
620408
620403
620482
620477
620475
620476
620481
620480
620478
620474
620518
620519
620479
620484
620483
620485
620486
620487
620488
620489
620517
620342
620343
620344
620345
620346
620349
620348
620337
620341
620350
620339
620338
620340
620516
620515
620513
620512
620511
620510
620508
620507
620506
620495
620375
620462
620455
620456
620473
620471
620470
620469
620468
620467
620466
620465
620393
620392
620367
620394
620438
620452
620451
620459
620440
620444
620449
620453
620447
620423
620422
620421
620420
620419
620388
620395
620390
620389
620387
620385
620383
620382
620378
620376
620374
620363
620359
620358
620335
620334
