638086
638089
638081
638085
638084
638083
638000
637992
637989
637987
637985
638196
638220
638245
638252
637998
637994
637988
637990
637986
638280
638279
638278
638277
638276
638275
638274
638273
638272
638271
638270
638269
638268
638267
638266
638265
638264
638263
638262
638261
638260
638259
638258
638257
638256
638255
638254
638253
638251
638250
638249
638248
638247
638246
638244
638243
638242
638241
638240
638239
638238
638237
638236
638235
638233
638231
638230
638227
638226
638225
638224
638223
638222
638221
638219
638218
638216
638215
638214
638213
638212
638210
638211
638209
638208
638207
638206
638205
638204
638203
638202
638201
638200
638199
638198
638197
638195
638194
638193
638192
638191
638190
638189
638188
638182
638187
638186
638185
638184
638183
637940
638021
638022
638023
638052
638107
638121
638125
638167
638181
638180
638179
638178
638177
638176
638175
638174
638173
638172
638171
638170
638169
638168
638166
638165
638164
638163
638162
638158
638157
638156
638155
638160
638159
638154
638153
638152
638151
638150
638149
638148
638147
638146
638145
638144
638143
638142
638140
638139
638138
638137
638136
638135
638134
638133
638132
638131
638130
638129
638128
638127
638126
638124
638123
638122
638120
638119
638118
638117
638116
638115
638114
638113
638112
638111
638110
638109
638108
638106
638105
638104
638103
638102
638101
638100
638099
638098
638097
638096
638095
638094
638093
638092
638091
638090
638088
638087
638082
638080
638079
638077
638076
638075
638074
638073
638072
638071
638070
638069
638068
638067
638066
638065
638064
638063
638061
638060
638059
638057
638056
638055
638054
638053
638051
638050
638049
638048
638047
638046
638045
638044
638043
638042
638041
638040
638038
638037
638036
638035
638034
638033
638032
638031
638030
638029
638028
638025
638024
638020
638019
638018
638017
638016
638015
638013
638012
638011
638010
638009
638008
638007
638006
638005
638004
638003
638002
638001
637999
637997
637995
637993
637991
637984
637983
637982
637981
637980
637979
637978
637977
637976
637975
637974
637973
637972
637971
637970
637969
637968
637967
637966
637965
637964
637963
637962
637961
637960
637959
637958
637957
637956
637955
637954
637953
637952
637951
637950
637949
637948
637947
637946
637945
637944
637943
637942
637941
637939
637938
637937
637936
637935
637934
637933
