654512
654344
654342
654340
654338
654335
654343
654341
654339
654337
654332
654325
654336
654333
654331
654327
654328
654295
654296
654423
654422
654421
654429
654428
654420
654419
654417
654563
654292
654294
654312
654334
654354
654408
654451
654468
654479
654506
654526
654532
654536
654551
654562
654561
654560
654559
654558
654557
654556
654555
654554
654553
654552
654550
654548
654257
654265
654547
654546
654545
654544
654543
654542
654541
654540
654539
654537
654535
654534
654533
654531
654530
654529
654528
654527
654525
654524
654523
654522
654521
654520
654519
654518
654517
654516
654515
654514
654513
654511
654510
654509
654508
654507
654505
654504
654503
654502
654501
654500
654499
654497
654496
654495
654494
654493
654492
654491
654490
654489
654488
654487
654486
654485
654484
654483
654482
654481
654480
654478
654477
654469
654476
654472
654471
654470
654475
654393
654386
654377
654474
654473
654467
654466
654465
654464
654463
654462
654461
654460
654459
654458
654457
654455
654454
654453
654452
654450
654449
654448
654447
654445
654444
654443
654388
654390
654442
654441
654440
654439
654438
654437
654436
654435
654434
654433
654432
654379
654391
654430
654427
654426
654425
654424
654382
654378
654418
654416
654415
654414
654413
654412
654410
654411
654409
654407
654406
654404
654375
654374
654403
654402
654401
654400
654399
654398
654373
654384
654397
654396
654395
654394
654392
654389
654387
654385
654383
654381
654380
654376
654372
654371
654370
654369
654368
654367
654365
654363
654362
654366
654364
654361
654360
654359
654357
654356
654355
654314
654353
654352
654351
654350
654349
654348
654347
654346
654345
654313
654317
654330
654316
654329
654324
654323
654322
654321
654320
654319
654318
654315
654311
654310
654309
654308
654307
654306
654305
654304
654303
654302
654301
654300
654299
654298
654297
654291
654290
654289
654288
654286
654287
654285
654284
654203
654204
654273
654277
654283
654282
654281
654280
654279
654278
654276
654275
654274
654272
654271
654270
654269
654268
654267
654266
654264
654263
654262
654261
654260
654259
654258
654256
654255
654254
654252
654251
654250
654249
654248
654247
654246
654244
654243
654242
654241
654240
654239
654238
654237
654236
654235
654234
654233
654232
654231
654230
654229
654228
654227
654226
654225
654224
654223
654222
654221
654220
654219
654218
654217
654216
654215
654214
654213
654212
654211
654210
654209
654208
654207
654206
654205
654200
