612591
612718
612734
612733
612732
612731
612730
612729
612728
612727
612725
612724
612723
612722
612720
612681
612657
612592
612590
612589
612665
612588
612587
612819
612789
612786
612787
612784
612603
612713
612760
612769
612766
612710
612712
612703
612689
612688
612686
612685
612772
612750
612742
612726
612721
612719
612717
612716
612715
612600
612599
612598
612596
612601
612594
612593
612684
612788
612617
612615
612610
612621
612806
612737
612736
612608
612606
612586
612568
612802
612800
612798
612748
612745
612735
612683
612682
612679
612677
612675
612667
612664
612654
612673
612666
612797
612649
612639
612815
612690
612618
612697
612774
612817
612813
612812
612801
612803
612632
612775
612776
612799
612796
612804
612816
612818
612701
612700
612699
612696
612693
612814
612811
612810
612808
612807
612795
612805
612572
612624
612791
612793
612571
612794
612628
612627
612778
612771
612759
612758
612756
612755
612764
612765
612773
612780
612781
612782
612783
612779
612777
612754
612744
612741
612768
612763
612762
612761
612740
612757
612753
612752
612751
612749
612747
612746
612669
612739
612714
612707
612711
612706
612709
612708
612704
612705
612702
612698
612695
612694
612692
612691
612680
612678
612676
612674
612671
612670
612668
612662
612661
612660
612656
612659
612658
612655
612646
612653
612648
612644
612642
612641
612636
612635
612634
612633
612631
612630
612629
612604
612619
612626
612625
612623
612622
612620
612616
612614
612613
612612
612611
612609
612607
612605
612585
612584
612583
612582
612581
612580
612579
612578
612577
612576
612575
612574
612573
612569
