663242
663241
663343
663351
663329
663311
663336
663337
663349
663352
663326
663312
663309
663091
663342
663334
663350
663346
663313
663310
663158
663161
663153
663159
663157
663163
663203
663230
663277
663356
663285
663297
663298
663299
663300
663301
663302
663303
663304
663305
663306
663307
663162
663152
663151
663160
663164
663165
663095
663096
663097
663098
663099
663100
663101
663102
663103
663104
663105
663106
663107
663108
663109
663110
663111
663112
663113
663114
663115
663116
663117
663118
663119
663120
663121
663122
663123
663124
663125
663126
663127
663128
663129
663130
663131
663132
663133
663134
663135
663136
663137
663138
663139
663140
663141
663142
663144
663145
663146
663147
663148
663149
663251
663250
663248
663370
663369
663368
663367
663365
663364
663363
663362
663361
663360
663358
663357
663355
663353
663348
663347
663345
663344
663341
663340
663339
663338
663335
663333
663332
663331
663330
663328
663327
663325
663323
663322
663321
663320
663319
663318
663317
663316
663315
663314
663295
663294
663293
663292
663291
663290
663289
663288
663286
663284
663283
663282
663281
663279
663278
663276
663275
663274
663272
663271
663270
663269
663268
663267
663266
663265
663264
663263
663262
663261
663260
663259
663258
663257
663256
663255
663254
663253
663252
663249
663247
663081
663155
663213
663216
663246
663245
663244
663243
663239
663237
663235
663234
663232
663229
663228
663227
663226
663225
663224
663223
663222
663221
663220
663219
663218
663217
663215
663214
663211
663210
663208
663207
663206
663205
663204
663202
663201
663200
663192
663174
663176
663199
663198
663197
663196
663195
663194
663193
663191
663190
663189
663188
663187
663186
663185
663184
663183
663182
663181
663180
663179
663178
663177
663175
663173
663172
663171
663170
663169
663168
663167
663156
663154
663150
663143
663094
663093
663092
663090
663089
663088
663087
663086
663085
663084
663083
663082
663080
663078
663077
663076
663075
663074
663073
663072
663071
663070
663069
663068
663067
663066
663065
663064
663063
663062
663061
663060
663059
663058
663057
663056
663055
663054
663053
663052
663051
663050
663049
663048
663047
663046
663045
