611549
611628
611638
611635
611634
611633
611637
611636
611631
611630
611629
611626
611624
611625
611627
611623
611621
611698
611726
611663
611682
611722
611720
611524
611675
611727
611696
611695
611694
611693
611669
611665
611642
611640
611632
611617
611568
611523
611559
611691
611681
611680
611714
611713
611690
611711
611729
611709
611708
611704
611728
611724
611715
611703
611701
611678
611677
611689
611700
611688
611687
611686
611697
611685
611676
611674
611673
611672
611666
611661
611602
611565
611658
611656
611655
611654
611648
611647
611645
611606
611604
611702
611554
611521
611684
611712
611706
611607
611649
611705
611707
611563
611611
611733
611732
611526
611527
611551
611572
611586
611646
611650
611651
611731
611610
611608
611619
611522
611737
611735
611734
611736
611738
611590
611589
611588
611585
611584
611583
611582
611580
611562
611550
611616
611643
611644
611662
611699
611528
611529
611587
611564
611592
611725
611721
611719
611718
611717
611716
611710
611692
611679
611614
611612
611671
611668
611667
611660
611659
611657
611653
611622
611609
611595
611605
611603
611601
611600
611599
611597
611596
611594
611593
611591
611581
611579
611578
611577
611574
611573
611530
611531
611532
611533
611570
611571
611535
611536
611537
611538
611541
611539
611540
611534
611542
611543
611544
611545
611546
611547
611548
611552
611553
611567
611566
611561
611558
611557
611556
611555
