602945
602992
602994
602993
602991
602988
602990
602989
602987
602983
602969
602876
602875
602873
602872
602869
602868
602865
602922
602864
602978
602977
602975
602973
602934
602882
602881
602880
602877
602874
602871
603001
603000
602859
603003
602960
602936
602947
602954
602957
602956
602955
602953
602952
602948
602949
602950
602951
602850
602998
602937
602847
602846
602845
602844
602843
602842
602841
602840
602839
602838
602837
602836
602835
602834
602833
602832
602831
602830
602829
602828
602827
602826
602824
602823
602822
602821
602820
602819
602818
602817
602816
602863
602911
602912
602856
602854
602855
602857
602910
602909
602908
602907
602851
602852
602853
602986
602985
602984
602995
602883
602963
602968
602980
602979
603008
603007
603006
603004
602999
602997
602996
602982
602981
602976
602974
602972
602971
602970
602967
602966
602965
602958
602939
602938
602940
602942
602941
602964
602926
602927
602962
602921
602919
602961
602918
602917
602916
602959
602944
602943
602935
602933
602932
602930
602929
602928
602924
602920
602915
602914
602913
602906
602905
602904
602903
602902
602901
602899
602898
602896
602884
602885
602887
602888
602890
602891
602886
602892
602893
602894
602895
602889
602879
602870
602867
602866
602861
602862
602860
602858
602849
602848
602825
602815
602814
602813
602812
602811
602810
602809
602808
602807
602806
602805
602804
602803
