676097
676052
676038
676036
676035
676033
676031
676050
676040
676029
676098
676088
676027
676039
676015
676037
676268
676262
676096
676014
676016
676237
676034
676030
676005
676003
676162
676164
676204
676205
676231
676232
676238
676239
676241
676276
676277
676278
676026
676305
676304
676303
676302
676301
676300
676299
676298
676297
676296
676295
676294
676293
676292
676291
676290
676289
676288
676287
676286
676285
676284
676283
676282
676281
676280
676279
676275
676274
676273
676272
676271
676270
676267
676248
676265
676264
676263
676261
676250
676260
676259
676258
676249
676257
676256
676255
676253
676252
676251
676247
676246
676245
676244
676243
676242
676240
676236
676165
676235
676234
676233
676230
676229
676228
676227
676226
676224
676223
676222
676221
676220
676219
676218
676217
676216
676215
676214
676212
676211
676210
676209
676208
676207
676206
676203
676202
676201
676200
676199
676198
676197
676196
676195
676194
676193
676192
676191
676190
676189
676188
676187
676186
676185
676184
676183
676182
676181
676180
676179
676178
676177
676176
676174
676173
676172
676163
676171
676170
676169
676168
676167
676166
676161
676160
676159
676158
676157
676156
676155
676154
676153
676152
676151
676064
676150
676149
676010
676121
676148
676147
676146
676145
676144
676143
676142
676141
676140
676139
676138
676137
676136
676135
676134
676133
676132
676131
676129
676128
676125
676126
676127
676066
676065
676124
676123
676122
676120
676119
676118
676117
676116
676115
676114
676113
676112
676111
676110
676109
676108
676107
676105
676104
676103
676102
676101
676100
676099
676060
676059
676094
676093
676092
676091
676068
676069
676070
676071
676072
676074
676075
676076
676077
676078
676079
676080
676081
676082
676083
676084
676085
676086
676087
676089
676063
676062
676073
676067
676061
676058
676057
676056
676055
676054
676053
676051
676049
676048
676047
676046
676045
676044
676043
676042
676041
676032
676028
676025
676024
676023
676022
676021
676020
676019
676018
676017
676013
676012
676011
676009
676008
676007
676006
676004
676002
676001
676000
675999
675998
675996
675995
675994
675993
675992
675991
675990
675989
675987
675986
675985
675984
675982
675981
675980
675979
675978
675977
675976
675975
675973
675972
675971
675970
675969
675968
675967
675966
675965
675964
675963
675962
675961
675960
675959
