681497
681498
681499
681500
681501
681505
681490
681492
681496
681495
681494
681493
681454
681468
681447
681431
681408
681429
681462
681421
681470
681418
681461
681435
681412
681423
681472
681466
681464
681426
681417
681411
681422
681420
681465
681467
681424
681416
681419
681406
681415
681185
681184
681183
681182
681218
681219
681252
681253
681258
681318
681329
681343
681356
681375
681386
681389
681390
681513
681181
681179
681178
681176
681175
681174
681173
681172
681516
681515
681514
681512
681504
681503
681502
681489
681491
681511
681510
681509
681508
681507
681506
681488
681487
681486
681485
681484
681483
681482
681481
681480
681479
681478
681477
681476
681475
681474
681473
681471
681469
681463
681456
681443
681436
681430
681428
681427
681414
681410
681409
681407
681405
681404
681403
681402
681401
681400
681399
681398
681396
681395
681394
681393
681392
681391
681388
681387
681385
681384
681382
681381
681380
681379
681378
681377
681376
681374
681373
681372
681371
681370
681369
681368
681367
681366
681365
681364
681363
681362
681361
681359
681358
681357
681355
681353
681352
681351
681350
681349
681348
681347
681346
681345
681344
681342
681340
681339
681338
681337
681336
681335
681334
681333
681332
681330
681328
681327
681326
681325
681324
681323
681322
681321
681320
681319
681317
681316
681171
681170
681315
681314
681313
681312
681310
681309
681308
681307
681306
681305
681304
681303
681302
681301
681300
681299
681298
681297
681296
681295
681294
681286
681285
681284
681169
681168
681292
681291
681290
681289
681288
681287
681283
681282
681281
681280
681279
681278
681277
681276
681275
681274
681273
681272
681271
681270
681269
681268
681267
681266
681265
681264
681263
681262
681261
681259
681257
681256
681255
681254
681251
681250
681249
681167
681166
681165
681248
681247
681246
681245
681244
681243
681242
681241
681240
681239
681238
681237
681236
681235
681234
681233
681232
681231
681230
681229
681227
681226
681225
681224
681223
681222
681221
681220
681217
681216
681215
681194
681214
681213
681212
681211
681210
681209
681208
681207
681206
681205
681204
681203
681202
681201
681200
681199
681198
681197
681196
681195
681193
681192
681191
681190
681189
681188
681187
681186
681180
681177
681164
681163
681162
681161
681160
681159
681158
681151
681157
681156
681155
681152
681153
681154
