618629
618621
618416
618415
618667
618639
618636
618599
618603
618605
618585
618591
618589
618588
618587
618586
618583
618581
618565
618562
618561
618560
618434
618431
618430
618665
618654
618414
618640
618432
618607
618672
618674
618558
618648
618624
618529
618495
618604
618594
618590
618584
618571
618547
618539
618535
618532
618525
618524
618523
618520
618507
618505
618504
618503
618501
618500
618538
618668
618650
618642
618644
618652
618653
618645
618646
618647
618638
618499
618600
618598
618444
618435
618506
618528
618559
618568
618625
618597
618680
618681
618682
618683
618677
618685
618687
618686
618684
618679
618678
618676
618671
618666
618655
618656
618657
618658
618659
618660
618661
618662
618663
618664
618634
618649
618641
618637
618635
618472
618633
618474
618475
618515
618614
618616
618627
618618
618626
618631
618619
618620
618623
618615
618473
618613
618628
618630
618611
618610
618609
618608
618545
618546
618543
618544
618606
618602
618601
618595
618593
618592
618582
618580
618579
618578
618576
618575
618574
618573
618572
618570
618569
618567
618566
618564
618563
618557
618556
618555
618554
618553
618552
618551
618550
618549
618548
618542
618541
618540
618537
618536
618534
618533
618531
618530
618527
618526
618522
618521
618518
618519
618517
618516
618514
618513
618512
618511
618510
618509
618508
618419
618418
618498
618497
618496
618494
618493
618492
618491
618490
618489
618488
618487
618486
618485
618484
618483
618482
618481
618480
618479
618478
618477
618476
618471
618470
618469
618468
618413
618412
618467
618466
618465
618464
618463
618462
618461
618460
618459
618458
618457
618456
618455
618454
618453
618452
618451
618450
618449
618448
618447
618446
618445
618425
618443
618442
618441
618440
618439
618438
618437
618436
618429
618428
618427
618426
618421
618424
618423
618422
618420
618417
