643865
643860
643857
643855
643849
643976
643999
644004
644006
644029
644028
644027
644026
644025
644024
644023
644021
644020
644019
644018
644017
644016
644015
644014
643989
643998
643994
643990
643996
643992
644013
644012
644011
644010
644009
643963
643962
643961
643960
643958
643957
644008
643991
643997
644005
643993
643995
644003
644002
644000
643986
643985
643984
643983
643982
643981
643980
643979
643978
643977
643975
643974
643973
643972
643971
643885
643889
643887
643970
643969
643968
643967
643965
643964
643959
643879
643903
643918
643937
643953
643956
643955
643954
643952
643951
643950
643949
643948
643947
643946
643945
643944
643895
643888
643942
643941
643939
643938
643936
643935
643934
643932
643931
643930
643929
643928
643926
643925
643923
643922
643920
643919
643917
643916
643915
643914
643913
643912
643911
643910
643909
643908
643907
643906
643905
643904
643886
643896
643900
643902
643901
643899
643898
643897
643894
643893
643892
643891
643890
643884
643883
643882
643881
643880
643878
643877
643876
643875
643784
643819
643832
643833
643839
643864
643874
643873
643872
643871
643870
643869
643868
643867
643866
643863
643862
643861
643859
643858
643856
643854
643852
643851
643850
643848
643847
643846
643845
643844
643843
643842
643841
643840
643838
643837
643836
643835
643834
643831
643814
643816
643812
643830
643829
643828
643827
643826
643815
643813
643825
643824
643823
643822
643821
643820
643818
643817
643811
643810
643809
643808
643807
643806
643805
643804
643803
643802
643801
643800
643799
643798
643797
643796
643795
643794
643792
643791
643790
643789
643788
643787
643786
643785
643783
643782
643781
643780
643779
643778
643777
643776
643775
643774
643773
643772
643771
