632976
632908
632906
632905
632903
633020
632977
632978
632996
632993
632992
633200
633021
632994
633229
633228
633227
633226
633225
633224
633223
633222
633221
633220
633219
633218
633217
633216
632975
632981
632982
632991
633015
633048
633114
633115
633118
633129
633155
633202
633212
633215
633214
633213
633211
633210
633209
633208
633207
633206
633205
633204
633203
633201
633199
633193
633194
633195
633196
633198
633192
633191
633190
633189
633188
633187
633174
633175
633177
633178
633179
633180
633181
633182
633183
633184
633185
633186
633176
633173
633172
633171
633170
633169
633168
633167
633166
633165
633164
633163
633162
633161
633160
633159
633158
633157
633156
633154
633153
633152
633151
633150
633149
633148
633147
633146
633145
633144
633143
633142
633141
633140
633139
633138
633137
633136
633135
633134
633133
633132
633131
633130
633128
633127
633126
633125
633124
633123
633122
633121
633120
633119
633117
633116
633113
633112
633110
633109
633108
633107
633106
633105
633104
633103
633102
633101
633100
633099
633098
633097
633096
633095
633094
633093
633092
633091
633090
633089
633088
633087
633086
633085
633084
633083
633082
633081
633080
633079
633078
633077
633076
633075
633074
633073
633072
633071
633070
633069
633068
633066
633065
633064
633062
633061
633060
633059
633058
633056
633055
633054
633053
633052
633051
633050
633049
633047
633046
633045
633043
633042
633041
633040
633039
633038
633037
633036
633035
633034
633033
633032
633030
633029
633028
633027
633026
633025
633024
633023
633022
633019
633018
633017
633016
633014
633013
633011
633010
633009
633008
633007
633006
633005
633003
633002
633001
633000
632999
632998
632997
632995
632990
632989
632987
632986
632985
632984
632983
632979
632974
632973
632972
632971
632970
632969
632967
632968
632966
632965
632964
632963
632962
632961
632960
632959
632958
632956
632955
632953
632952
632948
632946
632943
632942
632941
632940
632922
632923
632924
632925
632926
632927
632929
632931
632934
632937
632939
632938
632936
632935
632932
632930
632928
632921
632920
632919
632918
632917
632916
632915
632914
632913
632862
632900
632910
632911
632909
632907
632904
632902
632901
632899
632898
632897
632859
632867
632874
632876
632877
632878
632896
632895
632893
632892
632891
632890
632889
632888
632887
632886
632885
632884
632883
632882
632881
632880
632879
632873
632872
632870
632869
632868
632866
632865
632864
632861
632860
632858
632857
632856
