653552
653546
653515
653516
653512
653509
653507
653553
653503
653498
653548
653505
653550
653511
653510
653502
653497
653494
653453
653514
653506
653508
653499
653504
653495
653496
653500
653493
653480
653535
653543
653544
653549
653575
653591
653621
653625
653626
653651
653665
653668
653720
653563
653717
653719
653603
653604
653605
653606
653607
653734
653733
653730
653729
653727
653725
653724
653723
653722
653659
653721
653718
653716
653715
653714
653713
653712
653711
653710
653709
653708
653707
653706
653705
653704
653703
653702
653701
653700
653699
653698
653697
653696
653695
653694
653693
653692
653690
653689
653688
653687
653685
653684
653683
653682
653681
653679
653678
653680
653677
653676
653675
653674
653673
653672
653671
653670
653669
653666
653667
653617
653618
653619
653620
653622
653640
653643
653646
653648
653664
653663
653662
653661
653660
653657
653655
653654
653653
653652
653650
653649
653647
653645
653644
653642
653641
653639
653638
653637
653636
653635
653634
653633
653632
653631
653630
653629
653628
653627
653624
653623
653616
653615
653614
653613
653612
653611
653610
653609
653608
653602
653601
653600
653599
653598
653597
653596
653595
653594
653593
653592
653590
653588
653587
653586
653585
653584
653583
653582
653581
653579
653578
653577
653576
653574
653573
653572
653571
653570
653569
653568
653567
653566
653565
653564
653561
653559
653558
653557
653556
653555
653554
653551
653547
653545
653542
653541
653540
653539
653538
653537
653536
653534
653533
653532
653531
653530
653529
653528
653527
653526
653525
653524
653523
653522
653518
653517
653513
653492
653491
653490
653489
653488
653487
653486
653485
653484
653483
653482
653481
653479
653478
653477
653476
653475
653474
653473
653472
653471
653470
653469
653468
653467
653466
653465
653464
653463
653462
653461
653460
653459
653458
653457
653456
653455
653454
653452
653450
653449
653448
653447
653446
653445
653444
653443
653442
653441
653440
653439
653438
653437
653436
653435
653434
653433
653432
653431
653430
653429
653428
653427
653426
653425
653424
653423
653422
653420
