626464
626471
626472
626454
626453
626366
626363
626362
626361
626360
626359
626357
626355
626466
626465
626463
626462
626460
626459
626458
626457
626455
626486
626485
626484
626483
626440
626401
626386
626382
626344
626346
626345
626315
626293
626241
626240
626235
626480
626479
626477
626476
626475
626474
626473
626470
626468
626451
626450
626410
626424
626427
626421
626420
626419
626418
626416
626414
626413
626412
626411
626409
626396
626394
626393
626383
626379
626378
626375
626374
626372
626354
626353
626352
626351
626350
626349
626348
626347
626335
626333
626332
626331
626330
626329
626328
626327
626326
626325
626324
626323
626322
626320
626314
626313
626308
626307
626303
626302
626301
626300
626299
626298
626292
626291
626290
626289
626288
626287
626281
626280
626274
626248
626243
626239
626238
626233
626478
626449
626448
626447
626446
626445
626444
626442
626439
626437
626436
626435
626433
626432
626431
626430
626428
626388
626399
626425
626356
626426
626423
626422
626417
626395
626415
626407
626408
626406
626405
626402
626403
626404
626400
626398
626282
626305
626306
626380
626381
626384
626389
626390
626387
626377
626376
626373
626370
626371
626369
626368
626367
626365
626364
626358
626270
626272
626273
626254
626253
626252
626251
626250
626269
626268
626267
626266
626265
626263
626264
626343
626340
626342
626341
626339
626338
626337
626336
626334
626321
626319
626317
626318
626316
626312
626309
626304
626297
626296
626295
626275
626276
626277
626278
626279
626286
626285
626284
626283
626257
626255
626256
626258
626259
626260
626261
626271
626262
626249
626247
626245
626244
626224
626237
626234
626232
626230
626229
626227
626225
626226
