650792
650794
650784
650789
650785
650787
650795
650803
651122
650781
650779
651123
650918
650775
650796
650774
650772
650915
650777
650783
650791
650993
650916
650958
650959
650960
650964
650965
650967
650968
650970
650972
650974
650975
650976
650978
650979
650980
650982
650983
650985
650986
650987
650988
650989
650990
650992
650994
651017
651018
651019
651020
651021
651022
651023
651024
651025
651026
651027
651028
651029
651030
651031
651032
651033
651034
651035
651036
651037
651038
651039
651040
651041
651042
651043
650917
650786
650788
650913
650780
650793
650782
650790
650797
650914
650778
650776
650807
650808
650888
650891
650953
650961
650962
650858
651048
650753
650899
651056
650859
650738
650739
651133
651181
650773
651182
650991
650984
650933
650932
651180
651177
651176
651175
651173
651172
651171
651170
651169
651168
651167
651166
651165
651164
651163
651162
651161
651160
651159
651158
651157
651156
651155
651154
651153
651152
651151
651150
651149
651148
651147
651146
651145
651144
651143
651142
651141
651140
651139
651138
651137
651136
651135
651134
651132
651131
651130
651129
651127
651125
651124
651121
651120
651119
651118
651110
651111
651112
651115
651114
651113
651109
651108
651107
651106
651105
651104
651103
651102
651101
651100
651099
651098
651097
651096
651095
651094
651093
651092
651091
651090
651089
651088
651087
651086
651085
651084
651083
651082
651081
651080
651079
651078
651077
651076
651075
651074
651073
651072
651071
651070
651069
651068
651067
651066
651065
651064
651063
651062
651061
651060
651059
651058
651057
651055
651054
651053
651052
651051
651050
651049
651047
651045
651044
651007
651005
651004
651003
651002
650999
651000
651001
651016
651015
651014
651013
651012
651011
651010
651009
651008
651006
650998
650997
650996
650995
650929
650931
650981
650977
650973
650971
650969
650963
650957
650956
650955
650954
650952
650951
650949
650948
650947
650946
650771
650945
650944
650943
650942
650941
650940
650939
650938
650937
650930
650928
650927
650936
650935
650934
650926
650925
650924
650921
650920
650911
650910
650909
650908
650907
650906
650905
650904
650903
650902
650901
650900
650898
650897
650896
650895
650894
650893
650892
650890
650886
650887
650889
650885
650884
650883
650882
650881
650871
650872
650873
650874
650875
650879
650880
650878
650877
650876
650870
650869
650862
650863
650864
650865
650868
650867
650866
650861
650860
650857
650856
650855
650854
650853
650852
650851
650850
650849
650848
650847
650846
650845
650844
650843
650842
650841
650840
650839
650838
650837
650835
650834
650833
650832
650830
650828
650827
650826
650825
650824
650822
650821
650819
650818
650817
650815
650814
650813
650812
650811
650810
650809
650806
650805
650804
650763
650762
650802
650800
650798
650770
650769
650768
650767
650766
650765
650764
650759
650758
650757
650756
650755
650754
650751
650750
650749
650748
650747
650746
650745
650744
650743
650742
650741
650740
650737
650736
