639687
639689
639688
639551
639549
639540
639555
639539
639554
639553
639548
639480
639492
639428
639440
639505
639530
639541
639542
639561
639577
639582
639656
639705
639757
639817
639914
639691
639692
639628
639634
639631
639627
639919
639918
639917
639916
639915
639913
639912
639911
639910
639909
639908
639907
639906
639905
639904
639903
639902
639901
639900
639899
639898
639897
639896
639895
639894
639893
639892
639891
639890
639889
639888
639887
639886
639883
639882
639879
639878
639877
639875
639873
639870
639868
639867
639864
639863
639862
639861
639860
639859
639857
639858
639856
639855
639825
639826
639827
639828
639829
639830
639831
639832
639833
639835
639836
639838
639839
639840
639841
639842
639843
639846
639854
639853
639852
639851
639850
639849
639848
639847
639844
639837
639824
639823
639822
639821
639820
639786
639780
639778
639818
639776
639775
639816
639810
639808
639807
639809
639814
639812
639811
639805
639806
639815
639813
639804
639802
639801
639800
639799
639798
639797
639796
639795
639794
639793
639792
639791
639790
639789
639788
639787
639785
639784
639783
639782
639781
639779
639777
639774
639773
639772
639771
639770
639769
639768
639766
639765
639764
639763
639762
639761
639760
639759
639758
639756
639755
639754
639753
639751
639750
639749
639748
639747
639746
639745
639744
639743
639742
639741
639740
639739
639738
639737
639736
639735
639734
639733
639732
639731
639730
639729
639728
639727
639726
639724
639723
639720
639719
639718
639717
639716
639715
639714
639713
639712
639711
639710
639709
639708
639707
639706
639704
639703
639702
639701
639700
639699
639698
639696
639695
639694
639693
639690
639686
639685
639684
639683
639682
639681
639680
639679
639678
639677
639675
639674
639673
639672
639671
639670
639669
639668
639667
639666
639665
639664
639663
639662
639661
639660
639659
639657
639654
639653
639652
639651
639650
639649
639648
639647
639646
639645
639644
639643
639642
639641
639640
639638
639637
639636
639633
639632
639630
639629
639626
639625
639624
639623
639622
639621
639620
639619
639618
639617
639616
639614
639613
639612
639611
639610
639609
639608
639607
639606
639605
639604
639603
639602
639601
639600
639599
639598
639597
639596
639595
639594
639593
639592
639591
639590
639589
639588
639587
639586
639585
639584
639583
639581
639580
639579
639578
639576
639575
639574
639573
639572
639571
639570
639569
639568
639567
639566
639565
639564
639563
639562
639560
639559
639558
639557
639556
639552
639550
639547
639546
639545
639544
639543
639538
639537
639536
639535
639534
639532
639529
639528
639527
639526
639525
639524
639523
639522
639521
639520
639518
639517
639516
639515
639514
639513
639512
639511
639510
639509
639508
639507
639506
639504
639503
639502
639501
639500
639499
639498
639497
639496
639495
639494
639491
639490
639489
639488
639487
639486
639485
639484
639483
639482
639481
639479
639478
639477
639476
639475
639474
639473
639472
639471
639470
639469
639468
639467
639466
639465
639464
639463
639462
639461
639460
639459
639458
639457
639456
639455
639454
639453
639452
639451
639450
639449
639448
639447
639446
639445
639444
639443
639442
639441
639439
639438
639437
639436
639435
639434
639433
639432
639431
639430
639429
639427
639426
639424
639423
