611248
611247
611246
611245
611244
611243
611242
611241
611239
611238
611237
611236
611235
611234
611233
611232
611231
611227
611226
611225
611224
611223
611222
611221
611220
611219
611218
611216
611215
611214
611213
611212
611211
611210
611207
611206
611205
611204
611202
611201
611200
611199
611198
611196
611195
611194
611193
611192
611188
611187
611185
611184
611183
611182
611179
611178
611175
611174
611173
611172
611171
611170
611169
611168
611167
611165
611163
611162
611161
611160
611159
611158
611157
611156
611155
611154
611153
611152
611151
611150
611144
611142
611141
611281
611264
611262
611181
611177
611258
611255
611078
611208
611127
611126
611302
611294
611267
611252
611249
611228
611189
611134
611032
611031
611030
611029
611260
611089
611087
611259
611254
611280
611055
611105
611108
611176
611186
611028
611279
611270
611230
611149
611143
611113
611111
611098
611057
611047
611033
611257
611145
611140
611136
611253
611251
611286
611287
611288
611289
611180
611049
611050
611096
611095
611093
611292
611291
611290
611285
611283
611197
611060
611063
611064
611097
611121
611123
611124
611139
611148
611271
611120
611137
611300
611299
611040
611301
611298
611297
611296
611045
611044
611043
611295
611293
611284
611282
611278
611277
611276
611275
611274
611273
611272
611265
611261
611217
611203
611101
611125
611164
611133
611132
611166
611119
611117
611114
611116
611115
611110
611109
611107
611056
611051
611118
611128
611130
611131
611129
611053
611052
611146
611138
611135
611122
611112
611106
611104
611103
611102
611100
611099
611094
611092
611091
611090
611086
611085
611084
611083
611082
611081
611080
611079
611069
611077
611076
611075
611074
611073
611072
611070
611068
611067
611066
611065
611062
611061
611059
611058
611054
611048
611046
611042
611041
611039
611037
611036
611035
611034
611027
