633903
633901
633914
633935
633933
633915
633916
633917
633910
633913
633908
633912
633919
633930
633934
633927
633931
633923
633926
633924
633925
633929
633928
633922
633909
633879
633906
633904
633900
633899
633898
633884
633893
633895
633894
633892
633891
633888
633889
633890
633886
633885
633882
633881
633880
633878
633911
633867
633875
633876
633869
633874
633871
633877
633873
633872
633719
633848
633849
633852
633861
633862
633863
633865
633864
633859
633850
633860
633858
633857
633854
633856
633851
633847
633853
633855
633846
633845
633948
633953
633961
633957
633672
633937
633938
633958
633950
633945
633941
633942
633939
633954
633959
633960
633956
633955
633952
633951
633949
633947
633946
633944
633943
633940
633936
633839
633841
633683
633676
633674
633678
633684
633679
633680
633682
633681
633677
633675
633713
633712
633710
633711
633709
633707
633704
633701
633708
633706
633705
633702
633703
633700
633727
633726
633725
633724
633723
633722
633721
633720
633716
633717
633718
633715
633714
633698
633697
633696
633695
633694
633693
633692
633691
633690
633689
633688
633687
633686
633699
633685
633797
633790
633789
633755
633967
633837
633838
633836
633835
633834
633965
633588
633621
633883
633902
633541
633660
633734
633805
633640
633757
633756
633833
633592
633831
633585
633584
633583
633832
633758
633579
633578
633580
633586
633573
633973
633972
633971
633970
633969
633968
633966
633963
633962
633932
633921
633920
633918
633907
633905
633897
633896
633887
633870
633868
633866
633844
633843
633830
633811
633814
633819
633823
633829
633828
633827
633826
633825
633824
633822
633821
633820
633818
633817
633816
633815
633813
633812
633810
633809
633808
633807
633806
633803
633802
633801
633800
633799
633798
633796
633795
633794
633793
633792
633791
633788
633778
633779
633780
633781
633782
633783
633784
633775
633773
633760
633761
633762
633763
633764
633766
633767
633769
633765
633759
633754
633752
633751
633750
633749
633748
633747
633746
633745
633744
633743
633742
633741
633740
633739
633737
633736
633735
633733
633732
633731
633730
633729
633728
633673
633671
633670
633667
633666
633665
633664
633663
633662
633661
633659
633658
633657
633655
633654
633653
633652
633651
633649
633648
633647
633646
633645
633644
633643
633642
633641
633637
633636
633635
633634
633633
633632
633631
633630
633629
633628
633627
633626
633625
633624
633623
633622
633620
633619
633618
633617
633616
633615
633614
633613
633612
633610
633609
633608
633607
633606
633605
633604
633602
633601
633600
633599
633598
633597
633596
633595
633594
633593
633591
633590
633589
633587
633582
633581
633577
633576
633574
633572
633571
633570
633569
633568
633567
633566
633565
633563
633562
633561
633560
633559
633558
633557
633556
633555
633554
633553
633552
633551
633550
633549
633548
633547
633546
633545
633544
633543
633542
633540
633539
633538
633537
633536
633535
633534
633533
633532
633531
633530
633529
633528
633527
633526
633525
633522
