615900
616036
616037
615955
615903
615902
615808
615943
615912
615918
615920
615910
615913
615921
615916
615915
615911
615908
615880
616018
616017
616016
615931
615928
615927
615926
615925
615924
615923
615936
616015
615942
616057
616046
616025
616011
616000
615813
615797
615777
615778
615811
615790
615771
615773
616030
615966
615848
615875
615814
615779
616029
616028
615774
615776
616033
616045
616004
616002
615998
615995
615971
615992
615963
615944
616043
615901
615892
615889
615886
616051
615941
615873
615871
615870
615869
615867
615866
615864
615863
615862
615861
615860
615856
615854
615991
615964
616007
615950
615945
615785
615784
615782
615781
615934
615930
615760
615736
615764
616047
616044
615735
615897
615956
615754
615750
615749
616010
615893
616042
615938
615762
615732
615986
615865
615904
615972
615981
615877
616061
615868
615970
615948
616066
616065
616064
616062
616063
616060
616059
616058
616056
616055
616054
616053
616052
616050
616049
616048
616041
616040
616039
616038
616035
616032
616031
616027
616026
616024
616022
616023
616021
616020
616014
616012
615968
616009
615965
615961
615959
615958
615952
616006
616003
616001
615999
615810
615997
615996
615993
615994
615947
615949
615898
615899
615906
615989
615988
615987
615984
615983
615982
615980
615977
615973
615978
615990
615985
615979
615976
615975
615974
615969
615954
615960
615957
615940
615883
615888
615939
615882
615907
615896
615895
615894
615891
615890
615885
615909
615919
615881
615933
615878
615876
615932
615887
615929
615914
615922
615917
615847
615850
615884
615821
615807
615804
615803
615801
615800
615799
615798
615796
615795
615794
615793
615792
615874
615872
615855
615859
615858
615857
615853
615852
615851
615817
615819
615849
615846
615845
615844
615843
615842
615841
615840
615839
615838
615837
615836
615835
615834
615833
615831
615830
615829
615828
615827
615826
615825
615824
615823
615822
615820
615818
615816
615815
615734
615809
615805
615806
615802
615791
615789
615788
615743
615742
615787
615786
615783
615767
615763
615757
615748
615747
615753
615752
615756
615758
615751
615759
615755
615745
615744
615741
615740
615738
615737
