603326
603400
603399
603418
603401
603396
603394
603382
603378
603377
603261
603253
603392
603390
603236
603248
603250
603252
603255
603347
603300
603294
603289
603284
603283
603282
603271
603266
603265
603264
603263
603259
603238
603374
603373
603371
603260
603276
603257
603256
603251
603247
603246
603244
603243
603242
603269
603240
603333
603332
603334
603335
603325
603331
603316
603317
603320
603313
603314
603315
603318
603319
603308
603306
603305
603311
603312
603309
603310
603307
603304
603303
603262
603258
603417
603324
603296
603297
603403
603408
603338
603342
603329
603225
603348
603416
603414
603413
603412
603411
603410
603215
603220
603275
603407
603406
603405
603404
603398
603397
603393
603389
603388
603387
603386
603385
603384
603381
603380
603323
603328
603224
603376
603234
603322
603235
603226
603321
603330
603336
603337
603341
603339
603375
603327
603223
603372
603370
603369
603368
603367
603366
603365
603364
603363
603362
603361
603360
603359
603358
603357
603356
603355
603354
603353
603351
603349
603345
603344
603343
603340
603222
603302
603301
603299
603298
603295
603292
603291
603290
603287
603286
603285
603281
603280
603279
603278
603277
603274
603273
603272
603270
603268
603241
603233
603232
603231
603230
603229
603228
603227
603221
603219
603218
603217
603216
603214
