684358
684351
684350
684338
684353
684334
684355
684344
684340
684333
684331
684330
684320
684341
684329
684326
684324
684325
684345
684342
684328
684349
684322
684348
684346
684343
684321
684327
684192
684193
684194
684225
684403
684402
684401
684400
684399
684398
684397
684396
684395
684394
684393
684392
684391
684390
684389
684388
684387
684386
684385
684384
684383
684382
684380
684379
684378
684377
684376
684375
684374
684373
684372
684371
684370
684369
684368
684367
684366
684365
684364
684363
684362
684360
684359
684357
684354
684352
684347
684339
684337
684336
684335
684332
684323
684319
684318
684317
684316
684315
684314
684313
684312
684311
684310
684309
684308
684307
684306
684305
684304
684302
684301
684299
684298
684297
684295
684294
684293
684292
684291
684290
684289
684288
684287
684285
684284
684282
684281
684280
684279
684278
684277
684276
684274
684273
684272
684271
684270
684269
684268
684266
684265
684264
684263
684262
684261
684260
684150
684152
684259
684258
684257
684254
684252
684251
684250
684249
684248
684247
684246
684244
684243
684241
684240
684239
684238
684237
684236
684235
684234
684233
684232
684231
684230
684229
684226
684224
684223
684222
684221
684220
684219
684218
684217
684216
684215
684214
684213
684212
684211
684210
684209
684208
684207
684206
684205
684204
684203
684202
684201
684200
684199
684198
684197
684196
684195
684191
684190
684189
684188
684187
684186
684185
684184
684183
684170
684171
684172
684182
684181
684180
684179
684178
684177
684176
684175
684174
684173
684166
684165
684164
684163
684162
684161
684160
684159
684158
684157
684156
684155
684154
684153
684151
684149
684148
684146
684145
684144
684143
684142
684141
684140
684138
684137
684136
684135
684134
684133
684131
684130
684129
684128
