666207
666201
666200
666199
666198
666196
666195
666194
666193
666205
666203
666204
666359
666155
666445
666444
666443
666442
666441
666440
666439
666438
666437
666436
666435
666434
666433
666432
666431
666430
666429
666428
666427
666426
666425
666424
666423
666422
666421
666420
666419
666418
666417
666416
666415
666414
666413
666412
666411
666410
666409
666408
666407
666406
666405
666404
666403
666402
666401
666400
666399
666398
666397
666396
666395
666394
666393
666392
666391
666390
666389
666388
666387
666386
666385
666384
666383
666382
666381
666380
666379
666378
666377
666376
666375
666374
666373
666372
666371
666370
666369
666368
666367
666366
666365
666362
666361
666360
666358
666357
666356
666355
666354
666353
666352
666351
666350
666349
666348
666347
666346
666345
666344
666343
666339
666341
666340
666338
666337
666336
666335
666334
666333
666332
666331
666324
666330
666329
666328
666327
666082
666101
666129
666156
666158
666169
666173
666229
666234
666236
666257
666259
666277
666318
666326
666325
666323
666322
666321
666320
666317
666315
666314
666313
666312
666310
666309
666308
666307
666306
666305
666304
666303
666302
666301
666300
666299
666298
666297
666295
666296
666294
666293
666292
666291
666290
666289
666288
666287
666286
666284
666283
666281
666280
666279
666278
666276
666275
666274
666273
666272
666271
666270
666269
666268
666267
666266
666265
666264
666262
666261
666260
666258
666256
666253
666255
666254
666252
666251
666250
666249
666248
666247
666245
666244
666243
666242
666241
666240
666239
666238
666237
666235
666233
666232
666231
666230
666228
666227
666226
666225
666224
666223
666222
666221
666220
666219
666218
666217
666216
666215
666213
666212
666211
666210
666209
666208
666202
666192
666191
666190
666189
666185
666184
666183
666182
666188
666187
666186
666181
666180
666179
666178
666176
666175
666174
666172
666171
666170
666168
666167
666166
666165
666164
666163
666162
666161
666160
666159
666157
666154
666153
666152
666150
666149
666148
666147
666146
666145
666144
666143
666142
666141
666140
666139
666138
666137
666136
666135
666134
666133
666132
666131
666130
666128
666127
666126
666125
666124
666123
666122
666121
666120
666119
666118
666117
666116
666115
666114
666113
666112
666111
666110
666109
666108
666107
666106
666105
666104
666103
666102
666100
666099
666098
666096
666095
666094
666093
666092
666091
666090
666088
666087
666086
666085
666084
666083
666081
666080
666079
666078
666077
666076
666075
666074
666073
666072
666071
666070
666069
666068
666067
666066
666065
666064
