624705
624706
624619
624605
624634
624592
624589
624595
624630
624624
624623
624716
624712
624711
624710
624687
624684
624683
624680
624653
624652
624650
624645
624640
624638
624632
624629
624628
624567
624564
624563
624714
624604
624658
624562
624559
624558
624557
624555
624621
624660
624651
624649
624615
624614
624612
624690
624606
624560
624553
624554
624552
624543
624646
624522
624546
624532
624531
624530
624703
624707
624528
624524
624523
624514
624515
624516
624517
624681
624682
624677
624521
624685
624686
624620
624717
624704
624610
624637
624719
624718
624715
624713
624708
624702
624701
624700
624699
624698
624697
624696
624695
624694
624693
624692
624691
624689
624688
624679
624678
624676
624625
624593
624661
624662
624663
624664
624665
624666
624667
624668
624669
624670
624671
624672
624673
624675
624674
624659
624657
624656
624655
624654
624627
624626
624596
624618
624642
624644
624643
624641
624639
624636
624635
624633
624622
624631
624617
624616
624613
624609
624608
624607
624598
624601
624602
624600
624599
624603
624597
624590
624594
624591
624588
624587
624586
624585
624584
624583
624582
624581
624580
624579
624577
624576
624575
624574
624573
624572
624571
624570
624569
624568
624565
624561
624549
624556
624551
624550
624548
624547
624545
624544
624540
624542
624541
624539
624538
624537
624536
624535
624534
624533
624529
624527
624520
624518
624519
624511
624513
624505
624512
624510
624509
624508
624507
624504
624503
