655724
655708
655706
655703
655697
655696
655704
655693
655686
655688
655685
655700
655684
655679
655658
655707
655702
655691
655682
655681
655699
655695
655687
655683
655661
655654
655480
655481
655656
655569
655568
655488
655501
655534
655551
655552
655556
655602
655620
655627
655637
655645
655713
655477
655476
655547
655746
655745
655744
655743
655742
655741
655740
655739
655738
655737
655736
655735
655734
655733
655732
655731
655730
655729
655728
655727
655726
655725
655723
655720
655719
655718
655714
655712
655711
655710
655672
655676
655674
655673
655705
655671
655670
655701
655698
655669
655668
655667
655694
655692
655690
655689
655680
655678
655677
655675
655666
655665
655664
655462
655472
655485
655490
655491
655493
655663
655659
655657
655655
655653
655652
655651
655650
655464
655649
655648
655647
655646
655644
655643
655642
655641
655639
655636
655635
655634
655633
655631
655630
655629
655628
655626
655625
655624
655623
655622
655621
655619
655617
655616
655615
655614
655613
655612
655611
655610
655608
655607
655606
655605
655604
655603
655601
655600
655599
655598
655597
655596
655595
655594
655593
655592
655591
655590
655589
655588
655587
655586
655585
655584
655583
655582
655581
655580
655579
655578
655577
655576
655575
655574
655573
655572
655571
655570
655567
655566
655565
655564
655563
655562
655561
655560
655559
655558
655557
655555
655554
655553
655536
655537
655550
655549
655548
655546
655545
655544
655543
655542
655540
655541
655539
655538
655535
655533
655532
655531
655530
655529
655528
655527
655525
655524
655523
655522
655521
655520
655518
655517
655516
655515
655514
655512
655511
655510
655509
655508
655507
655506
655505
655504
655503
655502
655500
655499
655498
655497
655496
655495
655494
655492
655489
655487
655486
655482
655479
655478
655475
655474
655473
655471
655470
655469
655468
655467
655466
655465
655463
