677774
677773
677772
677771
677770
677769
677768
677766
677767
677765
677764
677763
677975
677938
677935
677939
677973
677934
677937
677762
677761
677760
677759
677758
677757
677756
677755
678163
678153
678164
678154
678167
678165
678152
678155
678156
677778
677911
677965
677995
678036
678046
678047
678048
678091
678092
678106
678113
678118
678157
678210
677890
677895
677896
677905
677910
677912
677913
677914
677915
677916
678009
678011
678013
678015
678022
678024
678027
678029
678031
678184
678183
678182
678181
678180
678179
678178
678177
678176
678175
678174
678173
678172
678171
678215
678214
678213
678212
678211
678209
678208
678207
678206
678205
678204
678203
678202
678201
678200
678199
678198
678197
678196
678195
678193
678192
678191
678190
678189
678188
678187
678186
678170
678169
678168
678166
678161
678162
678160
678159
678158
678151
678150
678149
678148
678147
678146
678145
678144
678143
678142
678141
678139
678138
678137
678136
678135
678134
678133
678132
678131
678129
678128
678127
678126
678125
678123
678122
678121
678120
678119
678117
678116
678115
678114
678112
678111
678110
678109
678108
678107
678105
678104
678103
678102
678101
678100
678099
678098
678096
678095
678094
678093
678090
678089
678088
678087
678086
678085
678084
678083
678082
678081
678080
678079
678078
678077
678076
678075
678073
678072
678071
678070
678069
678068
678067
678066
678065
678064
678063
678062
678061
678060
678059
678058
678057
678056
678055
678054
678052
678051
678050
678049
678045
678044
678043
678041
678040
678039
678037
678035
678034
678033
678032
678030
678028
678026
678025
678023
678021
678020
678019
678018
678017
678016
678014
678012
678010
678008
678007
678006
678005
678004
678003
678002
678001
678000
677999
677998
677997
677996
677994
677993
677992
677991
677990
677989
677988
677987
677986
677985
677984
677983
677982
677981
677980
677979
677978
677977
677976
677974
677972
677971
677970
677969
677968
677967
677966
677964
677963
677962
677961
677960
677959
677958
677957
677955
677954
677953
677950
677949
677948
677947
677946
677945
677944
677943
677942
677941
677940
677933
677932
677931
677930
677929
677928
677927
677926
677925
677924
677923
677922
677921
677920
677919
677918
677917
677909
677908
677907
677906
677904
677903
677902
677901
677900
677899
677898
677897
677894
677893
677892
677891
677889
677888
677887
677886
677885
677884
677883
677882
677881
677880
677879
677878
677877
677876
677875
677874
677873
677872
677871
677870
677869
677867
677866
677865
677864
677863
677862
677861
677860
677859
677858
677857
677856
677855
677854
677853
677852
677851
677850
677849
677848
677847
677846
677845
677844
677843
677842
677841
677840
677839
677838
677837
677836
677835
677834
677833
677832
677831
677830
677829
677828
677827
677826
677825
677824
677823
677822
677821
677820
677819
677818
677817
677816
677815
677813
677812
677811
677810
677809
677808
677807
677806
677805
677804
677803
677802
677801
677800
677799
677798
677797
677796
677795
677794
677793
677792
677791
677790
677789
677788
677787
677786
677785
677784
677783
677782
677780
677779
677777
677776
677754
677753
677752
677751
677750
677749
677748
677747
677746
677745
677744
677743
677742
677741
677740
677739
677738
677737
677736
677735
677734
677733
677732
677730
677729
677728
677727
677726
677725
677723
677722
677721
677720
677719
677718
677717
677716
677715
677714
