669247
669246
669245
669244
669243
669242
669239
669238
669237
669236
669235
669234
669233
669232
669231
669230
669229
669228
669227
669226
669225
669224
669223
669222
669221
669220
669218
669217
669213
669212
669209
669208
669205
669204
669203
669202
669201
669200
669198
669197
669195
669194
669193
669192
669191
669190
669189
669188
669187
669186
669137
669126
669122
669106
669085
669081
669077
669136
669128
669121
669084
669075
669129
669079
669002
669120
669087
669083
669074
669072
669082
669078
669073
668993
669296
669295
669294
669293
669292
669291
669290
669289
669288
669287
669286
669285
669284
669283
669282
669281
669280
669279
669278
669277
669274
669272
669271
669270
669269
669268
669267
669266
669265
669264
669263
669262
669259
669258
669257
669256
669255
669254
669249
669248
669034
669037
669039
669040
669041
669080
669130
669133
669144
669350
669351
669367
669370
669376
669387
669405
669406
669423
669445
669456
669459
669461
669460
669458
669457
669455
669454
669453
669452
669451
669450
669449
669448
669447
669446
669444
669443
669442
669441
669439
669438
669437
669436
669435
669434
669433
669432
669431
669430
669429
669428
669427
669426
669425
669424
669422
669421
669420
669419
669418
669416
669417
669414
669412
669409
669408
669411
669410
669407
669404
669403
669402
669401
669399
669398
669397
669396
669392
669391
669390
669388
669386
669385
669384
669383
669382
669381
669380
669378
669377
669375
669374
669373
669372
669371
669369
669368
669366
669363
669362
669361
669360
669359
669358
669357
669356
669355
669354
669353
669352
669349
669348
669347
669346
669345
669344
669342
669341
669339
669338
669337
669336
669335
669334
669333
669332
669331
669330
669328
669327
669326
669325
669324
669323
669322
669321
669320
669319
669318
669317
669316
669185
669184
669183
669182
669179
669178
669177
669176
669175
669174
669173
669172
669171
669170
669169
669168
669167
669315
669314
669313
669312
669311
669308
669307
669305
669310
669309
669304
669303
669302
669299
669297
669273
669219
669216
669199
669196
669165
669164
669163
669162
669161
669160
669159
669155
669154
669150
669149
669148
669146
669145
669143
669142
669141
669140
669139
669138
669135
669134
669132
669131
669127
669125
669124
669123
669119
669118
669117
669116
669115
669114
669113
669112
669111
669110
669109
669108
669107
669105
669104
669103
669102
669101
669100
669099
669098
669097
669096
669095
669094
669093
669092
669091
669090
669089
669088
669086
669076
669071
669070
669069
669068
669067
669066
669065
669064
669063
669062
669061
669060
669059
669058
669057
669056
669055
669054
669053
669052
669051
669050
669049
669048
669047
669046
669044
669043
669042
669038
669036
669035
669033
669032
669031
669029
669028
669027
669026
669025
669024
669023
669021
669022
669020
669019
669018
669017
669016
669015
669014
669013
669012
669011
669010
669009
669008
669007
669006
669005
669004
669003
669001
669000
668999
668998
668997
668996
668994
668992
668991
668990
668989
668988
668987
668986
