656473
656501
656503
656506
656507
656293
656524
656586
656492
656523
656494
656496
656481
656514
656509
656508
656502
656188
656239
656441
656444
656402
656362
656429
656434
656448
656259
656355
656485
656500
656517
656338
656325
656522
656328
656322
656299
656288
656285
656311
656283
656274
656324
656296
656273
656290
656337
656326
656280
656298
656271
656587
656589
656600
656287
656289
656584
656583
656582
656581
656580
656578
656579
656577
656576
656575
656574
656573
656572
656571
656570
656568
656567
656566
656565
656564
656563
656562
656561
656560
656559
656558
656557
656556
656555
656269
656291
656292
656286
656414
656415
656416
656417
656418
656419
656420
656421
656422
656428
656294
656284
656275
656487
656521
656484
656310
656518
656282
656554
656553
656552
656551
656550
656549
656548
656547
656546
656545
656544
656543
656542
656541
656540
656539
656538
656537
656536
656535
656534
656533
656532
656531
656530
656529
656528
656527
656526
656314
656315
656316
656317
656318
656321
656327
656329
656330
656335
656336
656599
656598
656597
656596
656595
656594
656593
656592
656591
656590
656585
656569
656525
656520
656519
656516
656515
656513
656512
656511
656510
656505
656504
656499
656498
656497
656495
656493
656491
656490
656488
656486
656483
656480
656479
656478
656477
656476
656475
656474
656472
656471
656470
656469
656468
656467
656466
656465
656464
656463
656462
656461
656460
656459
656458
656457
656456
656455
656454
656453
656452
656451
656450
656449
656447
656446
656445
656443
656442
656440
656439
656438
656437
656435
656433
656223
656432
656431
656430
656427
656426
656424
656423
656425
656413
656412
656411
656410
656409
656408
656407
656406
656405
656404
656403
656401
656400
656399
656398
656397
656396
656395
656394
656393
656386
656385
656392
656391
656390
656388
656387
656384
656383
656382
656381
656380
656379
656378
656377
656375
656374
656373
656372
656371
656370
656369
656368
656367
656366
656365
656364
656363
656361
656360
656359
656358
656357
656356
656354
656353
656352
656351
656350
656349
656348
656347
656346
656345
656344
656343
656342
656341
656339
656334
656333
656332
656331
656323
656320
656319
656313
656312
656309
656308
656307
656306
656305
656304
656303
656302
656301
656300
656203
656204
656205
656297
656295
656281
656279
656278
656277
656276
656272
656268
656267
656266
656265
656264
656263
656261
656258
656256
656255
656254
656253
656252
656251
656250
656249
656248
656247
656246
656245
656244
656243
656242
656241
656240
656238
656237
656236
656235
656233
656232
656227
656231
656230
656229
656226
656225
656224
656222
656221
656220
656219
656218
656217
656216
656215
656214
656213
656212
656211
656210
656209
656208
656207
656206
656202
656201
656200
656199
656198
656197
656196
656195
656194
656193
656192
656191
656190
656189
656187
656186
656185
656184
656183
656182
656181
656180
656179
656178
656177
656176
656175
656174
656173
656172
656171
656170
656168
656169
656167
656166
656165
656164
