660252
660267
660268
660269
660270
660271
660272
660273
660274
660275
660276
660277
660279
660280
660329
660312
660287
660310
660308
660309
660307
660306
660305
660304
660288
660551
660549
660547
660548
660546
660292
660289
660286
660254
660257
660266
660264
660263
660265
660262
660260
660259
660261
660258
660256
660255
660253
660244
660245
660246
660248
660420
660421
660424
660434
660435
660472
660474
660497
660499
660554
660555
660556
660558
660283
660278
660488
660483
660481
660602
660601
660600
660599
660598
660597
660596
660595
660594
660593
660592
660591
660590
660589
660588
660587
660586
660585
660584
660583
660582
660581
660580
660579
660578
660577
660576
660575
660574
660573
660572
660571
660570
660569
660568
660567
660566
660565
660564
660563
660562
660561
660560
660553
660552
660550
660545
660544
660543
660542
660541
660540
660539
660533
660532
660531
660530
660528
660527
660526
660524
660522
660521
660520
660519
660518
660517
660516
660515
660514
660513
660512
660511
660510
660509
660508
660507
660506
660505
660504
660503
660502
660500
660498
660496
660495
660494
660493
660492
660491
660490
660489
660487
660486
660485
660484
660482
660480
660479
660478
660477
660476
660475
660473
660471
660470
660469
660466
660465
660464
660463
660462
660461
660460
660459
660458
660457
660456
660455
660452
660451
660450
660449
660448
660447
660446
660444
660443
660442
660441
660440
660439
660438
660437
660436
660433
660432
660431
660430
660429
660428
660427
660426
660425
660423
660422
660419
660418
660417
660416
660415
660414
660413
660412
660411
660410
660409
660408
660407
660406
660405
660404
660403
660402
660400
660399
660398
660397
660396
660395
660394
660393
660392
660391
660390
660389
660388
660387
660386
660385
660384
660383
660382
660381
660380
660379
660378
660375
660376
660377
660374
660373
660372
660371
660370
660369
660368
660361
660362
660363
660365
660367
660366
660364
660360
660359
660358
660357
660356
660355
660354
660353
660352
660351
660349
660348
660346
660345
660344
660343
660342
660341
660340
660339
660338
660337
660336
660335
660334
660333
660332
660295
660296
660297
660298
660299
660300
660301
660302
660303
660331
660330
660328
660327
660326
660324
660322
660321
660320
660319
660318
660317
660316
660315
660314
660313
660311
660294
660293
660291
660290
660285
660284
660282
660281
660251
660250
660249
660247
660242
660241
660240
660239
660238
660237
660236
660235
660234
660233
660232
660231
