647136
647133
647132
647144
647143
647142
647139
647141
647138
647137
647135
647134
647131
647129
647155
647161
647158
647159
647160
647154
647156
647157
647153
647169
647194
647189
647190
647191
647192
647188
647186
647185
647183
647182
647180
647179
647178
647177
647176
647175
647174
647173
647171
646951
646960
646955
646949
646945
646946
646939
646903
647257
647256
647255
647254
647253
647252
647251
647250
647249
647248
647247
647246
647245
647244
647243
647242
647241
647240
647239
647238
647237
647236
647235
647234
646950
646943
646940
646938
646947
646942
646953
646965
646944
646900
647338
646990
647233
647232
647231
647230
647229
647228
647227
647226
647225
647224
647223
647222
647221
647220
647219
647216
647215
647214
647213
647212
647211
647210
646992
646993
647005
647049
647095
647097
647202
647204
647327
646989
646987
647339
647337
647336
647335
647334
647333
647332
647331
647330
647329
647328
647326
647325
647321
647324
647323
647322
647320
647319
647318
647317
647316
647315
647314
647313
647312
647311
647310
647309
647308
647306
647305
647304
647303
647302
647300
647295
647259
647260
647261
647262
647263
647264
647265
647266
647267
647268
647269
647270
647271
647272
647273
647274
647275
647276
647277
647278
647279
647280
647281
647282
647283
647284
647285
647286
647287
647288
647289
647290
647291
647294
647293
647292
647218
647217
647208
647207
647206
647205
647203
647201
647200
647199
647198
647197
647196
647195
647193
647187
647181
647172
647168
647167
647166
647165
647164
647163
647162
647151
647150
647149
647148
647147
647146
647145
647130
647116
647115
647114
647127
647128
647126
647125
647124
647123
647122
647121
647120
647119
647118
647117
647113
647112
647111
647110
647109
647108
647107
647106
647105
647104
647103
647102
647101
647100
647099
647098
647096
647094
647091
647090
647089
647088
647087
647086
647085
647084
647083
647082
647081
647080
647079
647078
647076
647075
647074
647073
647071
647070
647069
647067
647066
647065
647064
647063
647062
647061
647060
647059
647058
647057
647056
647055
647054
647053
647052
647051
647050
647048
647047
647046
647045
647044
647043
647042
647041
647040
647039
647038
647037
647036
647035
647034
647032
647031
647030
647029
647027
647026
647025
647023
647022
647021
647020
647019
647018
647017
647015
647014
647013
647012
647011
647010
647009
647008
647007
647006
647004
647003
647002
647001
647000
646999
646998
646997
646996
646995
646986
646988
646994
646991
646985
646984
646983
646982
646981
646980
646979
646978
646977
646976
646975
646974
646973
646972
646971
646970
646969
646968
646967
646966
646964
646963
646962
646961
646959
646958
646957
646956
646954
646952
646941
646911
646908
646907
646905
646897
646896
646895
646936
646899
646935
646934
646933
646931
646930
646929
646928
646927
646926
646925
646924
646923
646922
646921
646920
646919
646918
646917
646916
646915
646914
646913
646912
646910
646909
646906
646904
646902
646901
646898
646894
646893
646892
646891
646890
646889
646888
