685096
685051
685052
685061
685066
685064
685059
685063
685060
685062
685058
685055
685056
685057
685053
685054
685049
685084
685094
685082
685065
685050
685048
685144
685276
685290
685295
685147
685155
685149
685153
685146
685151
685274
685275
685069
685071
685076
685090
685115
685124
685131
685157
685158
685159
685165
685186
685200
685203
685247
685251
685315
685326
685334
685383
685387
685389
685394
685068
685081
685145
685150
685292
685287
685284
685154
685148
685152
685266
685265
685400
685399
685398
685397
685396
685395
685393
685392
685391
685388
685386
685385
685384
685365
685362
685382
685381
685269
685267
685380
685379
685378
685377
685376
685375
685373
685372
685371
685272
685271
685370
685369
685368
685367
685366
685364
685363
685361
685360
685359
685358
685357
685356
685355
685354
685353
685351
685350
685349
685348
685347
685346
685345
685344
685343
685342
685341
685340
685339
685338
685337
685336
685335
685333
685332
685331
685330
685328
685327
685325
685324
685320
685319
685318
685317
685316
685314
685313
685312
685311
685310
685308
685307
685306
685305
685304
685303
685302
685301
685300
685299
685294
685293
685291
685289
685288
685286
685285
685283
685282
685281
685280
685279
685278
685277
685252
685250
685249
685273
685270
685268
685264
685263
685262
685261
685260
685259
685258
685257
685256
685255
685254
685253
685248
685245
685244
685243
685242
685241
685240
685239
685238
685237
685236
685235
685234
685232
685231
685230
685229
685228
685227
685226
685225
685224
685223
685222
685221
685220
685219
685218
685217
685216
685215
685214
685213
685212
685211
685210
685209
685208
685207
685206
685205
685204
685202
685201
685199
685198
685197
685196
685195
685194
685193
685192
685191
685190
685189
685188
685187
685185
685184
685182
685183
685181
685180
685179
685178
685177
685176
685175
685174
685173
685172
685171
685170
685169
685168
685167
685166
685164
685163
685162
685161
685160
685156
685143
685141
685140
685139
685137
685136
685135
685134
685133
685132
685130
685129
685128
685127
685126
685125
685123
685122
685121
685120
685119
685118
685117
685116
685114
685113
685112
685111
685110
685109
685108
685107
685106
685105
685104
685103
685101
685086
685100
685098
685097
685095
685093
685092
685091
685089
685088
685087
685085
685083
685080
685079
685078
685077
685075
685074
685073
685072
685070
685067
685047
685046
685045
685044
685041
685039
