618070
618241
618385
618347
618337
618309
618300
618297
618293
618290
618285
618279
618276
618275
618274
618273
618268
618243
618240
618239
618237
618235
618071
618068
618369
618354
618120
618333
618110
618107
618109
618118
618117
618116
618115
618114
618325
618323
618351
618350
618318
618142
618127
618105
618076
618074
618073
618069
618400
618388
618342
618328
618312
618282
618266
618261
618250
618248
618246
618180
618158
618140
618132
618139
618131
618149
618148
618394
618396
618393
618392
618391
618380
618381
618382
618383
618384
618078
618113
618126
618321
618338
618377
618326
618374
618373
618335
618311
618310
618320
618319
618357
618283
618292
618299
618298
618302
618143
618075
618341
618307
618306
618284
618286
618271
618280
618181
618176
618173
618172
618171
618159
618161
618160
618162
618153
618152
618151
618150
618147
618144
618146
618145
618168
618072
618229
618228
618227
618226
618225
618224
618223
618222
618221
618220
618219
618218
618217
618216
618215
618214
618213
618212
618211
618210
618209
618208
618207
618206
618205
618204
618203
618202
618201
618200
618199
618198
618197
618196
618195
618194
618193
618192
618191
618190
618189
618188
618187
618186
618185
618242
618129
618353
618291
618371
618370
618372
618397
618329
618407
618411
618405
618404
618403
618402
618401
618336
618395
618390
618389
618387
618386
618378
618376
618375
618368
618367
618366
618365
618364
618363
618362
618361
618360
618359
618358
618356
618352
618340
618343
618344
618345
618339
618330
618136
618135
618134
618349
618348
618106
618079
618346
618244
618245
618334
618332
618331
618305
618327
618322
618278
618270
618316
618315
618314
618313
618304
618303
618301
618296
618295
618294
618289
618288
618287
618281
618277
618272
618269
618247
618249
618251
618253
618254
618255
618256
618267
618265
618264
618263
618262
618260
618259
618258
618257
618252
618238
618236
618234
618233
618232
618231
618230
618184
618183
618182
618179
618177
618175
618174
618170
618169
618166
618165
618164
618163
618156
618155
618154
618138
618137
618130
618128
618125
618124
618123
618122
618119
618112
618111
618108
618104
618103
618102
618101
618100
618099
618098
618097
618096
618095
618094
618093
618092
618091
618090
618089
618088
618087
618086
618085
618084
618081
618083
618082
618080
618065
618066
618067
618064
