614445
614370
614372
614371
614351
614355
614368
614363
614364
614362
614359
614361
614365
614356
614353
614348
614320
614319
614317
614388
614433
614431
614425
614417
614231
614083
614154
614156
614289
614441
614439
614436
614443
614352
614347
614346
614342
614340
614455
614452
614451
614450
614394
614391
614152
614404
614402
614401
614400
614211
614390
614376
614375
614369
614338
614337
614233
614232
614227
614358
614213
614339
614225
614330
614304
614296
614262
614234
614221
614220
614212
614191
614187
614186
614185
614230
614335
614316
614307
614302
614273
614271
614403
614399
614398
614397
614395
614310
614268
614242
614239
614237
614236
614235
614127
614126
614106
614382
614374
614377
614378
614380
614381
614383
614183
614448
614267
614265
614245
614180
614178
614168
614373
614166
614164
614163
614190
614162
614246
614244
614241
614240
614223
614329
614326
614312
614298
614210
614216
614274
614182
614181
614076
614075
614131
614132
614120
614119
614118
614117
614115
614113
614114
614112
614110
614111
614218
614109
614108
614184
614325
614324
614248
614269
614303
614318
614321
614301
614311
614078
614080
614135
614288
614290
614292
614385
614387
614435
614238
614249
614229
614293
614314
614457
614456
614454
614453
614449
614447
614446
614336
614389
614360
614357
614349
614343
614393
614367
614334
614332
614322
614313
614287
614286
614285
614284
614282
614280
614279
614278
614275
614444
614438
614437
614430
614429
614428
614427
614426
614424
614423
614422
614421
614420
614419
614414
614413
614412
614411
614410
614409
614408
614407
614406
614405
614379
614354
614350
614345
614344
614341
614308
614306
614219
614222
614226
614228
614300
614299
614297
614283
614281
614277
614276
614272
614270
614263
614261
614258
614256
614247
614255
614254
614243
614251
614224
614217
614215
614214
614209
614208
614207
614206
614205
614204
614203
614202
614201
614200
614199
614198
614197
614196
614195
614194
614193
614192
614189
614188
614179
614177
614176
614175
614174
614173
614171
614170
614169
614153
614161
614160
614159
614158
614157
614151
614150
614149
614148
614146
614145
614144
614143
614142
614141
614140
614139
614138
614137
614136
614134
614133
614130
614129
614123
614128
614125
614124
614122
614121
614090
614107
614102
614104
614101
614100
614099
614098
614097
614096
614095
614094
614093
614089
614103
614091
614088
614087
614085
614082
614081
614079
614077
614073
614072
614071
