659139
659138
659137
659279
659280
659281
659284
659136
659129
659128
659126
659121
659071
659070
659069
659057
659066
659140
659134
659060
659124
659067
659122
659061
659073
659065
659058
659030
659051
659075
659095
659114
659118
659171
659209
659212
659219
659226
659299
659125
659120
659059
659056
658950
658951
658957
658959
658961
658962
659081
659064
659303
659301
659048
659046
659044
659042
659309
659306
659305
659302
659298
659297
659296
658971
658980
658979
658967
658970
658973
658978
658975
658974
658969
658984
659295
659294
659293
659291
659290
659289
659288
659287
659286
659285
659283
659282
659278
659277
659276
659275
659274
659273
659272
659271
659270
659269
659268
659267
659266
659265
659264
659263
659262
659261
659260
659259
659256
659257
659258
659255
659254
659253
659252
659251
659250
659249
659248
659247
659246
659245
659244
659243
659242
659241
659240
659239
659238
659237
659236
659235
659234
659233
659232
659231
659230
659229
659228
659227
659224
659223
659222
659221
659220
659218
659217
659216
659215
659213
659211
659208
659207
659206
659205
659204
659203
659202
659201
659200
659199
659198
659197
659196
659195
659194
659193
659192
659191
659190
659189
659188
659187
659186
659185
659184
659183
659182
659181
659180
659179
659178
659177
659176
659175
659174
659173
659172
659170
659169
659168
659167
659166
659163
659164
659160
659159
659158
659157
659106
659156
659155
659153
659152
659151
659150
659149
659148
659147
659146
659145
659144
659143
659142
659141
659135
659110
659109
659133
659132
659131
659130
659127
659123
659119
659112
659111
659116
659115
659113
659108
659107
659105
659104
659103
659102
659101
659100
659097
659096
659094
659093
659092
659091
659090
659089
659088
659087
659086
659085
659084
659083
659080
659079
659078
659077
659076
659074
659072
659068
659063
659062
659055
659054
659053
659052
659050
659049
659047
659045
659043
659041
659040
659039
659038
659037
659035
659034
659032
659031
659029
659028
659027
659026
659025
659024
659023
659022
659021
659020
659018
659015
659014
659010
659009
659008
658998
659000
659001
659007
659006
659005
659004
658997
658996
659003
659002
658995
658994
658993
658992
658991
658990
658989
658988
658987
658986
658985
658983
658982
658981
658977
658976
658972
658966
658965
658964
658963
658960
658958
658956
658955
658954
658953
658952
658949
658948
658947
658946
658945
658944
658943
658942
658941
658940
658939
658938
658937
658936
658935
658934
658933
658932
658931
658929
658930
658928
658927
658926
658923
658925
658924
658922
658921
658920
658919
658918
658917
658916
658915
658914
658913
658912
658911
658910
658909
658908
658907
658906
658905
658904
658903
658902
658901
658900
658899
658898
658897
658896
658895
658894
658893
658892
658891
658890
658889
658888
658887
658886
658885
658884
658883
658882
658881
658880
658879
658878
658876
658875
658874
658873
658872
658871
658870
658869
658868
658867
658865
658862
658861
658860
658859
658858
658857
658856
658855
658854
658853
658852
658851
658850
658849
