671963
671890
671900
671640
671670
671637
671969
671666
671659
671896
671654
671645
671634
671893
671643
671950
671891
671680
671657
671644
671642
671663
671632
671790
671639
671912
671911
671910
671909
671828
671824
671822
671658
671966
671965
671664
671652
671812
671811
671810
671903
671902
671901
671987
671638
671882
671881
671985
671984
671979
671978
671839
671837
671679
671678
671676
671793
671792
671994
671993
671995
671973
671924
671977
671971
671661
671655
671915
671913
671933
671931
671930
671986
671922
671923
671899
671898
671816
671815
671814
671813
671921
671920
671803
671801
671800
671596
671599
671700
671703
671704
671710
671717
671745
671757
671844
671849
671916
671919
671956
671970
672006
672005
672004
672003
672002
672001
672000
671999
671998
671996
671992
671991
671990
671989
671988
671983
671982
671981
671980
671976
671975
671974
671972
671968
671967
671964
671962
671961
671960
671959
671958
671957
671955
671954
671953
671952
671951
671949
671948
671947
671946
671945
671944
671943
671942
671941
671940
671939
671937
671936
671935
671934
671932
671929
671928
671927
671926
671925
671918
671917
671914
671908
671907
671906
671905
671904
671897
671895
671894
671889
671888
671887
671886
671885
671884
671883
671880
671879
671878
671877
671876
671875
671874
671873
671872
671871
671870
671868
671867
671866
671865
671864
671863
671862
671861
671859
671858
671857
671856
671855
671854
671853
671852
671851
671850
671848
671847
671846
671845
671843
671842
671841
671840
671838
671836
671835
671834
671833
671832
671831
671830
671829
671827
671826
671825
671821
671819
671818
671817
671809
671808
671807
671805
671804
671802
671799
671795
671794
671789
671788
671787
671786
671785
671784
671783
671744
671742
671782
671781
671780
671778
671777
671776
671774
671773
671772
671771
671770
671769
671768
671767
671766
671765
671764
671763
671762
671761
671760
671759
671758
671681
671741
671756
671755
671754
671753
671752
671751
671750
671743
671749
671748
671746
671747
671739
671738
671737
671736
671735
671734
671733
671732
671731
671730
671729
671728
671727
671726
671725
671724
671723
671722
671721
671720
671719
671718
671716
671715
671714
671713
671712
671711
671709
671677
671675
671708
671707
671706
671705
671702
671701
671699
671698
671697
671696
671695
671694
671693
671691
671690
671689
671688
671687
671686
671692
671685
671682
671674
671673
671672
671671
671668
671662
671660
671656
671653
671651
671650
671649
671648
671647
671646
671641
671635
671633
671631
671630
671629
671628
671627
671626
671625
671624
671623
671622
671621
671620
671619
671618
671617
671616
671615
671614
671613
671612
671611
671608
671607
671606
671605
671604
671603
671602
671601
671600
671598
671597
671595
671594
671593
671592
671590
671589
671588
671587
671586
671585
671584
671583
671582
671581
671580
671579
671578
671577
671576
671575
