603644
603569
603570
603572
603625
603647
603641
603635
603630
603621
603619
603575
603561
603538
603531
603530
603523
603420
603600
603521
603422
603519
603515
603462
603601
603577
603518
603509
603607
603596
603574
603573
603571
603568
603474
603473
603506
603503
603497
603496
603495
603494
603493
603492
603491
603488
603486
603590
603584
603593
603594
603595
603589
603586
603587
603588
603585
603582
603583
603581
603580
603540
603485
603484
603481
603480
603479
603498
603450
603565
603564
603560
603551
603550
603549
603548
603547
603546
603544
603545
603543
603542
603541
603640
603639
603638
603637
603504
603421
603631
603428
603470
603471
603552
603651
603648
603650
603645
603643
603610
603454
603468
603536
603469
603533
603534
603555
603597
603535
603537
603557
603558
603579
603633
603629
603628
603624
603623
603622
603617
603616
603615
603614
603612
603611
603609
603608
603604
603603
603602
603599
603598
603461
603592
603591
603578
603567
603566
603563
603556
603554
603553
603529
603528
603527
603526
603525
603522
603517
603514
603513
603512
603510
603511
603508
603507
603505
603502
603501
603500
603499
603490
603489
603487
603483
603482
603478
603475
603472
603467
603466
603465
603464
603463
603460
603459
603458
603457
603456
603455
603453
603452
603451
603449
603448
603447
603446
603445
603444
603443
603442
603441
603440
603439
603438
603437
603436
603435
603434
603433
603432
603427
603425
603426
603431
603430
603424
603419
