676444
676450
676500
676492
676495
676487
676496
676499
676493
676490
676497
676400
676486
676494
676405
676399
676580
676484
676407
676491
676404
676489
676382
676408
676485
676403
676381
676380
676401
676579
676379
676743
676742
676741
676732
676731
676730
676729
676728
676726
676725
676724
676723
676722
676721
676720
676719
676718
676717
676740
676739
676738
676737
676736
676735
676734
676733
676716
676715
676714
676713
676712
676711
676710
676709
676708
676707
676706
676705
676704
676703
676702
676701
676700
676699
676697
676696
676695
676694
676693
676689
676660
676658
676657
676337
676335
676315
676431
676479
676488
676529
676566
676568
676574
676577
676581
676631
676761
676648
676650
676651
676652
676653
676654
676655
676339
676331
676332
676333
676334
676768
676767
676766
676765
676764
676763
676762
676759
676758
676757
676756
676755
676754
676753
676752
676751
676750
676749
676748
676747
676746
676745
676744
676727
676698
676692
676691
676690
676688
676656
676687
676686
676685
676684
676683
676682
676681
676680
676679
676329
676328
676678
676677
676676
676675
676674
676673
676672
676671
676670
676669
676668
676667
676666
676665
676664
676663
676662
676661
676659
676649
676647
676553
676646
676645
676644
676643
676642
676641
676640
676639
676638
676637
676550
676636
676635
676634
676633
676632
676630
676629
676628
676551
676627
676626
676625
676624
676623
676622
676552
676621
676620
676619
676618
676617
676556
676616
676615
676614
676613
676612
676611
676610
676609
676608
676607
676606
676605
676604
676603
676602
676601
676600
676599
676598
676597
676596
676595
676594
676593
676592
676591
676590
676589
676588
676587
676586
676585
676584
676549
676583
676582
676575
676573
676572
676548
676571
676570
676569
676564
676563
676562
676561
676560
676559
676555
676558
676557
676554
676547
676546
676545
676544
676543
676542
676541
676540
676538
676537
676536
676535
676534
676533
676532
676531
676530
676528
676527
676526
676525
676524
676523
676522
676521
676520
676519
676518
676517
676516
676515
676514
676513
676512
676511
676510
676509
676508
676507
676506
676505
676504
676503
676502
676501
676498
676483
676482
676481
676480
676478
676477
676476
676475
676474
676472
676471
676469
676468
676467
676466
676465
676464
676463
676462
676461
676460
676459
676458
676457
676456
676455
676454
676453
676452
676451
676449
676448
676447
676446
676445
676443
676442
676441
676439
676437
676436
676388
676396
676435
676434
676433
676432
676430
676429
676428
676427
676425
676393
676390
676424
676423
676422
676421
676397
676392
676420
676419
676418
676417
676416
676415
676414
676413
676394
676412
676411
676410
676409
676391
676389
676402
676398
676387
676395
676386
676385
676384
676383
676378
676377
676376
676375
676374
676373
676372
676371
676370
676369
676348
676349
676350
676351
676352
676353
676354
676355
676356
676357
676359
676360
676361
676362
676363
676364
676365
676368
676367
676366
676358
676347
676346
676345
676344
676343
676342
676341
676340
676338
676336
676330
676327
676325
676324
676323
676322
676321
676320
676319
676318
676317
676316
676314
676313
676312
676311
676310
676308
676307
676306
