620224
620061
620230
620109
620108
620063
620144
620246
620251
620248
620250
620253
620254
620255
620249
620245
620264
620188
620244
620240
620241
620243
620237
620242
620236
620235
620239
620238
620313
620305
620307
620308
620309
620314
620306
620299
620298
620297
620295
620300
620301
620302
620303
620304
620052
620276
620311
620282
620296
620294
620293
620262
620092
620292
620283
620289
620287
620285
620259
620026
620327
620328
620214
620114
620113
620087
620085
620269
620256
620252
620234
620233
620205
620201
620196
620192
620190
620175
620173
620158
620150
620279
620280
620149
620146
620278
620168
620177
620277
620268
620142
620126
620125
620124
620159
620162
620152
620157
620151
620145
620120
620121
620123
620088
620084
620271
620266
620263
620076
620077
620019
620018
620017
620229
620183
620194
620200
620195
620184
620331
620330
620329
620326
620325
620324
620323
620322
620321
620320
620319
620318
620317
620316
620315
620178
620291
620275
620273
620272
620068
620067
620212
620261
620260
620258
620257
620094
620096
620186
620189
620198
620222
620247
620215
620227
620217
620199
620187
620179
620213
620182
620181
620228
620180
620098
620197
620232
620226
620223
620221
620220
620219
620218
620216
620209
620208
620207
620206
620204
620203
620193
620191
620185
620176
620174
620172
620170
620169
620167
620164
620163
620161
620160
620156
620155
620154
620153
620148
620147
620101
620112
620143
620141
620139
620138
620137
620136
620135
620134
620133
620132
620131
620130
620129
620128
620127
620122
620119
620118
620117
620111
620075
620110
620107
620106
620105
620104
620103
620102
620100
620099
620097
620095
620093
620091
620090
620089
620083
620082
620081
620080
620079
620078
620074
620073
620072
620071
620070
620069
620066
620065
620064
620062
620060
620059
620058
620057
620054
620053
620051
620050
620049
620048
620047
620046
620045
620044
620043
620042
620041
620040
620039
620038
620037
620036
620035
620020
620024
620023
620022
620030
620034
620033
620032
620031
620029
620028
620027
620025
620021
