673964
673963
673962
673961
673960
673959
673958
673957
673956
673955
673954
673953
673952
673951
673950
673949
673948
673947
673946
673945
673944
673943
673942
673941
673940
673939
673938
673937
673936
673935
673934
673933
673932
673931
673930
673929
673928
673927
673926
673925
673924
673923
673922
673921
673920
673919
673918
673917
673553
673552
673916
673915
673914
673913
673912
673911
673910
673909
673908
673907
673906
673905
673904
673903
673902
673901
673900
673899
673898
673897
673896
673895
673894
673893
673892
673891
673890
673889
673888
673887
673551
673550
673886
673885
673884
673883
673882
673881
673880
673879
673878
673877
673876
673875
673874
673873
673872
673871
673870
673869
673868
673867
673866
673865
673526
673524
673527
673480
673476
673474
673525
673478
673523
673864
673863
673862
673861
673860
673859
673858
673857
673856
673855
673854
673853
673852
673851
673849
673848
673847
673846
673845
673844
673843
673842
673841
673840
673839
673837
673836
673835
673825
673824
673823
673822
673821
673820
673479
673475
673834
673833
673832
673831
673830
673829
673828
673826
673819
673818
673817
673816
673815
673814
673813
673812
673811
673810
673809
673808
673807
673806
673805
673804
673803
673802
673801
673799
673798
673797
673796
673795
673794
673793
673792
673791
673790
673789
673788
673787
673786
673785
673784
673783
673782
673781
673780
673779
673778
673777
673776
673775
673774
673773
673473
673565
673564
673548
673477
673472
673558
673557
673555
673559
673547
673536
673560
673619
673683
673682
673681
673671
673670
673665
673664
673772
673771
673770
673769
673768
673767
673766
673765
673764
673763
673762
673761
673760
673419
673418
673543
673544
673545
673546
673554
673618
673429
673465
673487
673491
673500
673501
673529
673578
673597
673609
673686
673759
673758
673757
673756
673755
673754
673753
673752
673751
673750
673749
673748
673747
673746
673745
673744
673743
673742
673741
673969
673967
673966
673740
673739
673738
673737
673736
673735
673734
673733
673732
673731
673730
673729
673728
673965
673850
673838
673827
673800
673727
673726
673725
673724
673723
673722
673721
673720
673719
673718
673717
673716
673715
673714
673713
673712
673711
673710
673709
673708
673707
673706
673705
673704
673703
673702
673701
673700
673699
673698
673697
673696
673695
673694
673693
673692
673691
673690
673689
673688
673687
673685
673684
673680
673679
673678
673677
673676
673675
673674
673673
673672
673669
673668
673667
673666
673663
673662
673661
673658
673657
673660
673655
673659
673656
673654
673653
673652
673651
673650
673649
673648
673647
673646
673645
673644
673643
673642
673641
673640
673636
673639
673637
673638
673635
673634
673633
673632
673631
673630
673629
673627
673626
673625
673624
673622
673621
673620
673617
673616
673615
673614
673613
673612
673611
673610
673603
673604
673607
673605
673602
673601
673600
673599
673598
673596
673595
673594
673593
673592
673591
673590
673589
673588
673587
673586
673585
673584
673583
673582
673580
673579
673577
673576
673575
673574
673573
673572
673571
673570
673569
673568
673567
673566
673563
673562
673561
673556
673542
673541
673540
673539
673538
673537
673535
673534
673533
673532
673531
673530
673528
673522
673521
673520
673519
673518
673517
673516
673515
673514
673513
673512
673511
673510
673509
673508
673507
673506
673505
673504
673503
673502
673499
673498
673497
673496
673495
673494
673493
673492
673490
673489
673488
673486
673485
673484
673483
673482
673481
673471
673470
673469
673468
673467
673466
673464
673463
673462
673461
673460
673459
673458
673438
673439
673440
673441
673442
673443
673444
673445
673447
673448
673449
673450
673451
673452
673453
673454
673455
673457
673456
673446
673437
673436
673435
673434
673433
673432
673431
673430
673428
673427
673426
673424
673423
673422
673421
673420
673417
673416
673415
673414
673413
673412
673411
673410
673409
673407
673406
673405
673404
673403
673402
673401
673400
673399
673398
