645707
645757
645774
645777
645776
645775
645773
645772
645771
645770
645769
645768
645766
645763
645765
645764
645762
645761
645760
645759
645758
645755
645753
645751
645748
645746
645744
645742
645741
645739
645737
645720
645715
645736
645735
645733
645734
645732
645730
645728
645727
645726
645724
645723
645721
645718
645717
645714
645713
645711
645709
645708
645706
645415
645416
645418
645420
645421
645441
645447
645440
645442
645443
645444
645445
645439
645438
645437
645436
645446
645435
645414
645453
645460
645459
645458
645457
645455
645454
645456
645451
645452
645450
645449
645448
645430
645426
645434
645433
645432
645431
645429
645428
645427
645424
645423
645425
645422
645419
645417
645672
645670
645674
645673
645663
645665
645667
645662
645661
645885
645884
645879
645878
645874
645779
645877
645873
645780
645872
645782
645781
645871
645789
645778
645870
645876
645788
645783
645880
645642
645785
645784
645786
645787
645643
645790
645602
645641
645888
645889
645898
645899
645900
645901
645902
645928
645927
645926
645925
645924
645923
645922
645921
645920
645919
645918
645917
645916
645915
645914
645913
645912
645911
645910
645909
645908
645907
645906
645905
645904
645903
645897
645896
645895
645894
645893
645892
645891
645890
645487
645842
645825
645683
645829
645505
645507
645626
645702
645803
645806
645833
645836
645837
645846
645887
645886
645883
645882
645881
645875
645869
645868
645867
645866
645865
645864
645863
645862
645861
645860
645859
645858
645857
645856
645855
645854
645853
645852
645851
645850
645668
645696
645695
645694
645693
645692
645691
645849
645848
645847
645845
645844
645795
645841
645840
645839
645838
645835
645834
645831
645830
645828
645794
645793
645827
645826
645824
645822
645819
645817
645816
645815
645814
645813
645812
645811
645808
645807
645805
645804
645802
645801
645800
645799
645798
645797
645796
645792
645791
645767
645756
645754
645752
645750
645749
645747
645745
645743
645740
645738
645731
645729
645725
645722
645719
645716
645712
645710
645705
645704
645703
645701
645700
645699
645698
645697
645690
645689
645688
645687
645686
645685
645684
645681
645680
645679
645678
645677
645676
645675
645671
645669
645666
645664
645660
645659
645658
645657
645656
645655
645654
645653
645652
645651
645650
645649
645648
645647
645646
645645
645644
645640
645639
645638
645637
645636
645635
645634
645633
645632
645631
645629
645627
645625
645624
645623
645622
645619
645617
645615
645614
645613
645612
645611
645610
645609
645608
645607
645606
645605
645603
645601
645600
645599
645598
645597
645596
645595
645594
645593
645592
645591
645590
645589
645588
645587
645586
645585
645583
645581
645580
645578
645577
645576
645575
645574
645573
645572
645571
645570
645569
645568
645567
645566
645565
645564
645563
645562
645561
645560
645558
645557
645556
645555
645554
645553
645552
645551
645550
645549
645548
645547
645546
645545
645544
645543
645542
645541
645540
645515
645516
645517
645518
645519
645520
645521
645522
645523
645524
645525
645526
645528
645529
645530
645531
645532
645533
645534
645535
645536
645537
645538
645539
645527
645514
645513
645512
645511
645510
645509
645508
645506
645504
645503
645502
645501
645500
645499
645498
645497
645496
645495
645494
645493
645492
645491
645490
645489
645488
645486
645485
645484
645483
645482
645481
645480
645479
645478
645477
645476
645475
645474
645473
645471
645470
645469
645468
645467
645466
645465
645464
645463
645462
645461
