672087
672073
672085
672083
672082
672081
672080
672079
672078
672077
672076
672075
672072
672374
672365
672321
672358
672355
672362
672213
672131
672364
672210
672354
672359
672122
672120
672067
672357
672127
672130
672125
672118
672353
672206
672086
672089
672090
672074
672363
672128
672123
672064
672121
672410
672409
672408
672406
672405
672404
672403
672396
672394
672387
672383
672382
672379
672373
672372
672370
672351
672350
672349
672066
672342
672341
672340
672329
672328
672327
672361
672360
672326
672324
672323
672119
672117
672211
672209
672208
672207
672205
672204
672203
672320
672317
672316
672315
672314
672313
672041
672042
672044
672084
672179
672258
672273
672279
672286
672311
672319
672348
672356
672487
672532
672561
672560
672559
672557
672366
672367
672368
672369
672371
672375
672376
672378
672380
672381
672384
672388
672389
672390
672391
672392
672393
672398
672399
672400
672423
672424
672425
672426
672427
672428
672429
672430
672431
672432
672434
672435
672436
672437
672438
672439
672440
672441
672442
672443
672444
672445
672446
672447
672448
672449
672450
672451
672452
672453
672455
672456
672457
672458
672459
672462
672463
672465
672468
672469
672470
672471
672480
672481
672482
672483
672484
672485
672486
672490
672491
672492
672493
672494
672495
672496
672499
672500
672501
672502
672503
672504
672505
672506
672507
672508
672509
672510
672511
672512
672513
672514
672515
672516
672517
672518
672519
672520
672521
672522
672523
672524
672525
672526
672533
672534
672535
672536
672537
672538
672539
672540
672541
672542
672543
672544
672545
672546
672547
672548
672549
672550
672551
672552
672553
672554
672555
672556
672531
672530
672529
672528
672527
672498
672489
672488
672479
672478
672477
672476
672475
672474
672473
672472
672467
672466
672464
672461
672460
672454
672433
672422
672421
672420
672419
672418
672416
672415
672414
672413
672412
672411
672407
672402
672401
672397
672395
672386
672385
672377
672352
672347
672346
672345
672344
672343
672339
672338
672337
672336
672335
672334
672333
672332
672331
672330
672325
672322
672318
672312
672310
672309
672308
672307
672306
672305
672303
672302
672301
672300
672299
672298
672297
672296
672295
672294
672293
672292
672291
672290
672289
672288
672287
672285
672284
672283
672282
672281
672280
672278
672277
672275
672274
672272
672271
672270
672269
672268
672267
672266
672265
672264
672263
672262
672261
672260
672259
672257
672256
672255
672254
672253
672251
672250
672249
672248
672247
672246
672245
672244
672243
672242
672241
672240
672239
672238
672237
672236
672235
672234
672233
672232
672231
672230
672229
672228
672227
672226
672225
672224
672223
672222
672221
672220
672219
672218
672217
672216
672215
672212
672202
672200
672198
672197
672196
672195
672194
672193
672192
672191
672190
672189
672188
672187
672186
672185
672184
672183
672182
672181
672180
672178
672177
672176
672175
672174
672173
672172
672171
672170
672168
672167
672165
672166
672164
672163
672162
672161
672160
672159
672158
672157
672156
672155
672154
672153
672152
672151
672150
672149
672148
672146
672145
672144
672143
672142
672141
672140
672139
672138
672137
672136
672135
672134
672133
672132
672129
672126
672124
672116
672114
672113
672112
672111
672110
672109
672108
672107
672106
672105
672104
672103
672102
672101
672100
672099
672098
672097
672096
672095
672094
672093
672092
672091
672088
672071
672070
672069
672068
672065
672063
672062
672061
672060
672059
672058
672057
672056
672055
672054
672053
672052
672051
672050
672049
672047
672046
672040
672039
672029
672038
672037
672036
672035
672034
672033
672032
672031
672030
672027
672026
672025
672024
672023
672022
672021
672020
672019
672018
672017
672016
672015
672014
672013
672012
672011
672010
672009
672007
