616211
616230
616319
616321
616329
616328
616327
616326
616325
616323
616322
616324
616316
616300
616301
616303
616307
616306
616308
616305
616304
616299
616244
616245
616249
616250
616252
616251
616248
616247
616292
616289
616290
616314
616291
616294
616276
616280
616282
616285
616275
616287
616293
616288
616286
616279
616311
616273
616256
616355
616173
616265
616428
616229
616418
616357
616358
616424
616348
616347
616346
616344
616343
616337
616334
616317
616315
616309
616296
616271
616272
616373
616350
616345
616295
616278
616270
616260
616259
616246
616419
616378
616243
616236
616376
616235
616364
616234
616233
616232
616341
616340
616339
616264
616263
616267
616242
616241
616240
616137
616119
616385
616374
616354
616353
616352
616231
616368
616298
616228
616225
616223
616216
616365
616118
616094
616092
616076
616075
616068
616381
616215
616377
616209
616208
616362
616204
616375
616201
616199
616196
616195
616194
616351
616283
616183
616179
616124
616407
616410
616393
616396
616390
616389
616386
616387
616107
616108
616123
616122
616100
616091
616080
616168
616169
616164
616165
616163
616162
616161
616160
616158
616157
616156
616155
616154
616153
616152
616151
616150
616149
616148
616146
616145
616144
616143
616142
616141
616140
616139
616098
616097
616099
616095
616388
616200
616069
616070
616088
616085
616084
616134
616082
616083
616073
616071
616372
616193
616133
616130
616129
616363
616226
616116
616380
616367
616147
616429
616262
616132
616131
616227
616170
616411
616382
616383
616127
616105
616432
616430
616331
616427
616423
616408
616402
616401
616177
616178
616397
616422
616087
616421
616420
616417
616416
616392
616406
616403
616404
616415
616412
616414
616394
616399
616398
616413
616409
616405
616400
616395
616391
616384
616379
616369
616366
616361
616360
616356
616349
616338
616336
616335
616333
616330
616320
616318
616266
616313
616310
616302
616268
616297
616269
616261
616213
616258
616257
616174
616253
616239
616238
616237
616224
616221
616212
616192
616191
616190
616188
616187
616255
616186
616185
616184
616254
616172
616171
616222
616220
616219
616218
616217
616214
616207
616206
616203
616135
616136
616202
616197
616189
616182
616181
616176
616175
616159
616126
616121
616120
616117
616115
616114
616104
616103
616102
616101
616096
616093
616090
616077
616067
