612046
612069
612059
612058
612057
612056
612054
612053
612052
612051
612050
612049
611949
611954
612014
612106
612101
612097
612096
612095
612091
612089
612084
612083
612135
612074
612072
612047
612045
612043
612000
611997
611996
611995
611992
611951
612039
612105
612093
612060
612061
612062
612063
612065
612118
612005
612048
612109
612108
612100
611970
611969
611968
611967
611966
611963
611956
612085
612002
612076
612107
612001
612032
612117
611999
612038
612119
612136
612126
612104
612092
611978
611976
612134
612133
612132
611981
611982
612017
612025
612044
612018
611993
611991
611990
611989
612140
612139
612114
612041
612116
612138
612137
612130
612122
612129
612128
612125
612127
612124
612080
612031
612021
612022
611958
612028
612023
612024
612020
612026
612027
612029
612030
612033
612034
612035
612037
612042
612068
612115
612112
612110
612103
612102
612099
612098
612094
612090
612088
612087
612086
612082
612081
612079
612078
612077
612075
612073
612071
612067
612066
612055
612036
612019
612016
611987
611988
612015
612008
612009
612010
612011
612013
612012
612007
612006
612004
612003
611998
611986
611984
611983
611980
611979
611977
611975
611974
611973
611971
611972
611965
611964
611962
611961
611960
611957
611959
611953
611952
611950
611948
611945
611947
611946
