630905
630904
630903
631035
630872
630871
630836
630849
630833
630825
630870
630832
630889
630891
630900
631028
631027
631030
631029
631064
631063
630949
630950
630951
630953
630954
630963
631062
631060
631059
631058
631055
631054
631053
631052
631051
631050
631049
631048
631046
631045
631044
631043
631042
631041
631040
631039
631038
631037
631036
631034
631033
631032
631026
631025
631023
631022
631021
631020
631019
631018
631017
631016
631015
631014
631013
631012
631011
631010
631009
631008
631007
631006
631005
631004
631003
631002
631001
631000
630999
630998
630997
630996
630995
630994
630993
630992
630991
630990
630989
630988
630987
630986
630985
630983
630984
630982
630981
630980
630979
630978
630977
630976
630975
630974
630972
630971
630956
630958
630957
630959
630960
630970
630969
630968
630967
630966
630964
630961
630955
630952
630948
630947
630946
630945
630944
630943
630942
630940
630939
630938
630937
630936
630935
630934
630933
630932
630931
630930
630929
630928
630927
630926
630925
630924
630923
630922
630921
630920
630919
630918
630917
630915
630914
630913
630912
630911
630910
630908
630907
630906
630902
630901
630899
630898
630772
630773
630774
630775
630776
630795
630796
630897
630896
630895
630894
630893
630892
630890
630888
630887
630886
630885
630884
630883
630882
630881
630880
630879
630878
630877
630876
630875
630874
630873
630869
630868
630867
630866
630865
630864
630860
630857
630856
630855
630854
630851
630850
630848
630847
630846
630845
630844
630843
630842
630841
630840
630839
630835
630834
630831
630830
630829
630828
630827
630826
630824
630823
630822
630821
630820
630819
630818
630817
630815
630814
630813
630812
630811
630810
630809
630808
630807
630806
630805
630804
630803
630802
630801
630800
630799
630798
630797
630794
630793
630792
630791
630790
630789
630788
630787
630786
630785
630784
630783
630780
630779
630778
630777
630771
630770
630769
630768
630767
630766
630765
630764
630763
630762
