663026
663005
662817
662924
662926
662974
662975
663006
663027
663007
663004
662957
662903
662875
662912
662940
662953
662917
662830
663009
663044
663043
663041
663040
663038
663037
663036
663035
663034
663033
663032
663031
663030
663029
663028
663025
663023
663022
663021
663020
663019
663018
663017
663016
663015
663014
663013
663012
663011
663010
663008
663003
663002
663001
663000
662999
662997
662998
662996
662995
662994
662993
662992
662991
662990
662989
662988
662987
662986
662985
662984
662982
662981
662980
662978
662977
662973
662972
662971
662970
662969
662967
662966
662965
662964
662963
662962
662961
662960
662959
662958
662955
662954
662952
662951
662950
662949
662948
662947
662946
662945
662944
662943
662942
662941
662939
662938
662937
662936
662935
662934
662933
662932
662931
662930
662929
662928
662927
662925
662923
662922
662921
662920
662919
662918
662916
662915
662914
662913
662911
662910
662909
662908
662907
662906
662905
662904
662902
662901
662898
662897
662896
662895
662894
662893
662892
662891
662890
662889
662888
662887
662885
662884
662883
662882
662881
662879
662878
662877
662876
662874
662873
662872
662871
662870
662869
662868
662867
662866
662865
662864
662863
662862
662861
662860
662859
662858
662857
662856
662855
662854
662853
662852
662851
662849
662848
662847
662846
662845
662844
662843
662841
662840
662839
662838
662837
662836
662835
662834
662833
662832
662831
662829
662828
662827
662826
662825
662824
662823
662822
662821
662820
662819
662818
662816
662815
