601029
601031
600999
601001
601004
601016
601014
601085
601087
601088
601083
601010
601057
601071
601066
600987
600983
601082
600975
600969
601028
601097
600967
600965
601074
601073
600963
600957
601081
601078
601079
601075
601056
601077
601070
601069
601060
601055
601047
601046
601045
601043
601041
601038
600990
601017
601018
601058
601101
600932
600933
601099
601059
600930
601035
601036
601098
601100
601104
601103
601102
601096
601095
601094
601093
601092
601090
601080
601076
601068
601065
601064
601063
601062
601061
601054
601052
601051
601050
601049
601048
601044
600956
600958
601042
601040
601039
601037
601009
601022
601033
601034
601032
601023
601020
601027
601026
601025
601024
601013
601015
601008
601011
600931
601012
601007
601006
601005
601003
601002
601000
600998
600997
600996
600995
600994
600993
600992
600991
600989
600988
600986
600985
600984
600982
600981
600980
600979
600978
600977
600974
600973
600972
600971
600961
600960
600959
600955
600954
600952
600951
600950
600949
600948
600947
600946
600945
600944
600943
600942
600941
600939
600938
600937
600936
600935
600934
600929
