617745
617665
617664
617663
617662
617661
617660
617658
617653
617687
617692
617727
617668
617733
617732
617731
617741
617565
617504
617670
617674
617673
617524
617536
617505
617542
617543
617506
617507
617762
617763
617766
617767
617768
617769
617770
617771
617765
617764
617601
617761
617757
617756
617754
617753
617751
617725
617696
617502
617500
617569
617576
617577
617579
617580
617693
617677
617561
617560
617552
617551
617550
617520
617519
617760
617749
617666
617655
617651
617636
617635
617603
617602
617605
617604
617599
617598
617597
617596
617592
617590
617583
617747
617582
617581
617570
617568
617746
617566
617730
617748
617729
617728
617710
617690
617689
617684
617678
617593
617555
617554
617541
617546
617545
617540
617533
617530
617600
617509
617511
617782
617781
617780
617779
617778
617777
617776
617775
617774
617773
617772
617759
617556
617539
617758
617755
617752
617750
617683
617740
617739
617738
617736
617735
617734
617742
617743
617737
617726
617724
617723
617722
617720
617719
617717
617716
617715
617714
617713
617712
617695
617706
617705
617704
617703
617702
617701
617700
617699
617698
617697
617694
617680
617681
617676
617675
617672
617671
617669
617667
617659
617657
617656
617654
617652
617650
617649
617648
617647
617646
617645
617644
617643
617642
617641
617640
617639
617638
617637
617634
617633
617632
617631
617630
617629
617628
617627
617626
617625
617624
617623
617622
617621
617620
617619
617618
617617
617616
617615
617614
617613
617612
617611
617610
617609
617608
617607
617606
617567
617595
617512
617516
617510
617594
617591
617589
617588
617587
617586
617585
617584
617575
617574
617573
617571
617564
617563
617562
617559
617558
617557
617553
617549
617548
617538
617537
617531
617535
617534
617529
617528
617527
617526
617525
617523
617522
617521
617518
617517
617515
617514
617513
617508
