604590
604618
604659
604523
604660
604511
604506
604504
604496
604551
604592
604583
604623
604494
604493
604492
604651
604642
604641
604640
604637
604650
604648
604647
604634
604631
604633
604646
604644
604643
604636
604622
604617
604616
604615
604585
604612
604611
604608
604606
604604
604603
604602
604601
604576
604567
604566
604557
604619
604552
604550
604549
604548
604609
604625
604627
604632
604638
604649
604652
604545
604543
604542
604578
604582
604580
604581
604579
604577
604575
604571
604572
604573
604574
604570
604569
604568
604595
604594
604547
604599
604540
604610
604613
604544
604537
604614
604495
604591
604639
604630
604628
604600
604624
604546
604514
604553
604554
604593
604528
604664
604663
604662
604661
604656
604655
604654
604653
604645
604635
604589
604621
604527
604526
604605
604533
604534
604588
604598
604530
604629
604500
604607
604561
604597
604529
604596
604531
604587
604586
604584
604564
604563
604562
604560
604559
604558
604556
604536
604513
604535
604532
604541
604525
604538
604524
604522
604521
604520
604519
604517
604516
604515
604512
604510
604508
604509
604503
604502
604501
604499
604498
