602322
602194
602175
602138
602304
602305
602193
602303
602301
602292
602284
602277
602262
602210
602208
602168
602221
602233
602235
602234
602232
602231
602228
602229
602230
602227
602225
602226
602224
602223
602222
602219
602311
602310
602216
602214
602156
602155
602153
602152
602146
602144
602151
602139
602137
602148
602130
602149
602145
602293
602294
602295
602296
602297
602213
602117
602116
602115
602147
602259
602258
602256
602268
602269
602270
602257
602265
602266
602267
602264
602263
602261
602255
602260
602163
602165
602300
602249
602252
602253
602198
602200
602201
602204
602199
602218
602207
602215
602114
602113
602240
602243
602246
602254
602197
602209
602205
602291
602176
602182
602289
602287
602184
602191
602325
602327
602179
602326
602324
602177
602164
602186
602187
602298
602299
602313
602314
602315
602316
602317
602318
602319
602320
602321
602288
602286
602285
602192
602190
602189
602188
602180
602181
602169
602312
602309
602308
602307
602306
602302
602290
602283
602282
602281
602280
602279
602278
602276
602275
602274
602273
602272
602251
602248
602247
602245
602244
602242
602241
602239
602238
602237
602236
602220
602217
602212
602211
602195
602159
602160
602161
602171
602172
602173
602174
602185
602183
602178
602162
602166
602170
602167
602158
602157
602154
602150
602142
602141
602140
602134
602135
602133
602136
602131
602129
602127
602125
602124
602123
602121
602122
602120
602119
602112
602111
602110
602109
602108
602107
602106
602105
602104
602103
602102
602101
602100
602099
602098
602097
