612287
612199
612198
612214
612206
612407
612406
612405
612404
612403
612402
612401
612400
612399
612398
612397
612396
612395
612394
612235
612234
612233
612232
612230
612229
612228
612227
612226
612225
612224
612223
612222
612221
612220
612219
612197
612166
612426
612425
612424
612422
612421
612423
612420
612419
612418
612417
612414
612415
612416
612411
612410
612409
612408
612213
612212
612203
612176
612175
612174
612173
612172
612171
612170
612169
612168
612167
612165
612164
612163
612162
612161
612160
612159
612195
612477
612481
612479
612476
612474
612472
612470
612464
612149
612148
612524
612451
612494
612442
612445
612527
612463
612446
612440
612439
612438
612437
612529
612528
612245
612154
612276
612434
612432
612431
612430
612429
612428
612393
612387
612177
612454
612523
612296
612334
612508
612565
612564
612344
612566
612458
612468
612469
612483
612515
612534
612500
612490
612310
612486
612466
612441
612498
612435
612433
612307
612378
612377
612366
612339
612507
612364
612331
612304
612322
612207
612208
612456
612465
612455
612321
612309
612283
612280
612275
612278
612311
612306
612303
612279
612204
612484
612548
612532
612143
612333
612391
612392
612563
612562
612561
612538
612539
612540
612541
612542
612543
612544
612545
612546
612547
612549
612550
612551
612552
612554
612555
612390
612388
612178
612567
612560
612559
612558
612557
612553
612537
612536
612535
612533
612531
612530
612526
612525
612522
612521
612520
612519
612518
612517
612516
612514
612513
612512
612511
612510
612509
612501
612502
612505
612506
612436
612504
612503
612499
612496
612495
612485
612487
612488
612489
612492
612493
612491
612210
612211
612209
612453
612450
612452
612457
612460
612461
612462
612467
612478
612459
612449
612447
612448
612444
612427
612413
612412
612389
612386
612385
612384
612383
612382
612381
612380
612379
612376
612375
612374
612373
612372
612371
612370
612369
612368
612367
612365
612363
612362
612361
612360
612359
612358
612357
612356
612355
612354
612353
612352
612351
612350
612349
612348
612346
612343
612342
612341
612340
612338
612337
612336
612335
612332
612330
612329
612328
612327
612326
612325
612324
612323
612319
612313
612320
612318
612316
612314
612312
612308
612305
612302
612301
612300
612299
612298
612274
612273
612297
612202
612290
612295
612294
612284
612285
612288
612292
612267
612266
612260
612268
612291
612289
612286
612282
612281
612200
612239
612277
612262
612272
612271
612270
612269
612264
612263
612261
612259
612258
612257
612256
612255
612254
612253
612252
612251
612249
612248
612247
612244
612243
612242
612241
612240
612218
612217
612216
612215
612205
612155
612194
612150
612152
612153
612156
612157
612192
612191
612193
612151
612146
612145
612144
612158
612141
