607853
607761
607911
607912
607769
607916
607788
607814
607815
607880
607914
607872
607790
607768
607775
607774
607772
607870
607861
607855
607854
607779
607777
607730
607851
607844
607843
607833
607826
607812
607811
607809
607807
607806
607744
607743
607742
607737
607840
607842
607837
607834
607836
607839
607835
607838
607825
607821
607819
607820
607822
607818
607816
607817
607739
607726
607910
607908
607862
607868
607869
607850
607830
607849
607746
607747
607801
607828
607867
607865
607796
607795
607776
607767
607784
607783
607874
607789
607903
607766
607877
607728
607918
607917
607905
607906
607913
607875
607909
607907
607902
607901
607900
607899
607898
607897
607896
607895
607894
607893
607892
607891
607890
607889
607888
607887
607886
607885
607884
607883
607882
607881
607873
607876
607871
607866
607864
607863
607755
607832
607859
607858
607857
607856
607791
607792
607793
607802
607753
607754
607771
607829
607750
607831
607787
607748
607749
607752
607757
607797
607803
607848
607852
607823
607841
607824
607810
607808
607805
607804
607799
607798
607782
607781
607765
607764
607763
607762
607760
607759
607758
607756
607751
607745
607741
607740
607738
607735
607736
607734
607733
607731
607729
