600226
600514
600528
600473
600475
600543
600522
600237
600239
600246
600247
600248
600249
600250
600251
600252
600253
600254
600255
600256
600257
600258
600259
600260
600304
600308
600310
600311
600312
600313
600314
600315
600316
600317
600318
600319
600320
600321
600322
600323
600324
600325
600326
600327
600328
600329
600330
600331
600332
600333
600334
600335
600336
600337
600338
600339
600340
600341
600342
600343
600344
600345
600346
600347
600348
600349
600350
600351
600352
600353
600354
600355
600356
600357
600358
600359
600360
600361
600362
600363
600364
600365
600366
600367
600368
600369
600370
600371
600498
600507
600518
600523
600521
600445
600441
600437
600225
600223
600542
600540
600537
600470
600448
600438
600436
600221
600431
600430
600428
600426
600425
600416
600410
600409
600406
600405
600400
600399
600420
600419
600529
600263
600500
600502
600504
600512
600524
600525
600432
600413
600414
600396
600444
600440
600424
600452
600456
600451
600423
600220
600286
600289
600288
600287
600285
600284
600290
600283
600282
600281
600279
600278
600291
600277
600421
600262
600439
600433
600449
600447
600450
600453
600261
600515
600571
600570
600569
600568
600566
600565
600564
600561
600560
600559
600555
600557
600554
600553
600552
600551
600549
600550
600548
600547
600546
600544
600541
600539
600538
600536
600535
600534
600533
600532
600531
600530
600527
600526
600520
600517
600516
600513
600417
600429
600443
600510
600509
600508
600506
600505
600503
600501
600499
600454
600484
600401
600485
600488
600458
600455
600243
600496
600489
600460
600461
600490
600459
600474
600483
600493
600495
600477
600486
600487
600494
600468
600457
600491
600482
600481
600480
600479
600476
600472
600471
600467
600466
600465
600464
600463
600446
600435
600427
600418
600415
600411
600408
600407
600404
600402
600381
600382
600383
600384
600385
600386
600387
600388
600389
600390
600391
600392
600393
600394
600395
600397
600398
600380
600379
600378
600377
600376
600375
600374
600373
600372
600309
600307
600306
600305
600303
600302
600301
600300
600299
600298
600297
600296
600295
600294
600293
600292
600280
600276
600275
600274
600273
600272
600271
600270
600269
600268
600267
600266
600265
600245
600244
600242
600241
600240
600238
600236
600235
600234
600233
600232
600230
600229
600228
600227
600222
