641606
641605
641602
641603
641604
641601
641599
641600
641598
641597
641596
641595
641593
641592
641591
641590
641589
641588
641587
641586
641585
641584
641583
641582
641581
641580
641579
641578
641577
641575
641574
641573
641571
641572
641570
641569
641699
641697
641696
641694
641695
641692
641698
641693
641715
641917
641916
641915
641914
641913
641912
641911
641630
641631
641628
641629
642020
642018
642017
642016
642015
641614
641635
641670
641674
641690
641733
641737
641756
641778
641870
641875
641880
641894
641901
641909
641921
641986
642014
641979
641977
641975
641972
641969
641968
642013
642012
642011
642010
642008
642007
642006
642005
642004
642003
642002
642001
642000
641998
641997
641995
641994
641992
641991
641990
641967
641962
641961
641960
641959
641965
641966
641970
641971
641973
641974
641976
641978
641982
641983
641984
641985
641981
641980
641964
641963
641958
641957
641956
641955
641954
641953
641952
641951
641950
641949
641948
641947
641945
641944
641942
641941
641940
641939
641938
641937
641936
641923
641925
641926
641927
641928
641929
641931
641932
641933
641934
641930
641922
641920
641919
641918
641910
641908
641907
641906
641905
641904
641903
641902
641900
641899
641898
641840
641843
641841
641895
641893
641892
641891
641890
641888
641887
641886
641842
641839
641838
641885
641884
641883
641882
641881
641879
641878
641876
641873
641872
641871
641869
641868
641867
641866
641865
641864
641863
641862
641861
641860
641859
641858
641857
641856
641854
641853
641852
641851
641850
641828
641849
641848
641847
641845
641844
641837
641836
641834
641830
641829
641833
641832
641831
641827
641826
641825
641824
641823
641822
641821
641820
641819
641818
641817
641816
641815
641814
641813
641812
641811
641810
641809
641808
641807
641805
641804
641803
641802
641801
641800
641799
641798
641797
641796
641795
641794
641793
641792
641782
641779
641791
641790
641789
641788
641787
641786
641785
641784
641783
641781
641780
641777
641776
641775
641774
641773
641772
641770
641769
641768
641767
641766
641765
641764
641763
641761
641760
641759
641758
641757
641755
641754
641753
641752
641751
641750
641749
641748
641747
641746
641745
641744
641743
641741
641740
641739
641738
641736
641735
641734
641730
641728
641727
641726
641725
641724
641723
641722
641721
641720
641719
641718
641717
641716
641713
641714
641712
641711
641709
641708
641706
641705
641704
641703
641702
641701
641700
641688
641686
641685
641689
641687
641683
641682
641681
641680
641679
641678
641677
641676
641675
641673
641672
641671
641669
641633
641668
641667
641666
641665
641664
641663
641662
641661
641660
641659
641658
641657
641656
641655
641654
641653
641652
641651
641650
641649
641648
641647
641646
641645
641644
641643
641642
641641
641640
641634
641627
641626
641632
641625
641624
641623
641622
641621
641620
641619
641618
641617
641616
641615
641613
641612
641611
641609
641608
641607
641594
641576
641568
641567
641566
641565
641564
641563
