660630
660629
660898
660890
660887
660885
660883
660886
660914
660911
660882
660881
660873
660870
660916
660868
660845
660819
660884
660814
660812
660880
660811
660810
660807
660804
660901
660803
660802
660913
660888
660801
660800
660799
660798
660872
660796
660795
660794
660893
660879
660793
660792
660813
660797
660869
660871
660642
660641
660634
660633
660649
660648
660643
660632
660939
660938
660937
660936
660935
660934
660933
660932
660931
660930
660929
660928
660927
660926
660925
660924
660923
660922
660921
660920
660774
660773
660771
660770
660769
660768
660902
660903
660904
660910
660899
660919
660918
660917
660909
660906
660905
660912
660908
660907
660900
660897
660896
660895
660894
660892
660891
660889
660878
660877
660716
660717
660722
660724
660726
660746
660760
660809
660826
660828
660833
660847
660876
660875
660874
660867
660866
660865
660864
660863
660861
660860
660859
660858
660857
660856
660855
660686
660687
660688
660689
660691
660854
660853
660852
660851
660850
660849
660848
660844
660843
660842
660841
660840
660839
660838
660837
660836
660835
660832
660831
660830
660827
660825
660824
660823
660822
660821
660820
660818
660817
660816
660815
660808
660806
660805
660791
660790
660789
660788
660786
660785
660782
660781
660780
660779
660778
660777
660776
660772
660767
660766
660765
660764
660763
660762
660761
660759
660758
660757
660756
660755
660754
660753
660752
660751
660750
660749
660748
660747
660745
660744
660743
660742
660741
660740
660739
660738
660737
660736
660735
660734
660733
660732
660731
660730
660729
660728
660727
660725
660723
660721
660720
660719
660718
660715
660714
660713
660712
660711
660710
660709
660708
660707
660706
660705
660704
660703
660702
660701
660700
660699
660698
660697
660696
660695
660694
660693
660692
660690
660685
660684
660683
660682
660679
660678
660677
660676
660675
660674
660673
660672
660671
660670
660669
660668
660667
660666
660665
660664
660663
660662
660661
660660
660659
660658
660657
660656
660655
660654
660653
660652
660651
660650
660646
660647
660645
660644
660640
660639
660638
660637
660636
660635
660631
660628
660627
660626
660625
660624
660623
660622
660621
660620
660619
660618
660617
660616
660615
660614
660613
660612
660611
660610
660609
660608
660607
660606
660605
660604
660603
