658417
658419
658599
658595
658525
658523
658503
658499
658495
658594
658433
658435
658493
658539
658501
658530
658549
658604
658524
658500
658490
658504
658505
658506
658507
658508
658510
658511
658533
658598
658502
658522
658520
658386
658385
658497
658492
658498
658494
658593
658387
658411
658496
658538
658526
658434
658528
658535
658580
658564
658462
658556
658559
658509
658516
658515
658514
658513
658512
658637
658636
658635
658634
658633
658632
658631
658630
658629
658628
658627
658626
658625
658624
658623
658622
658621
658620
658619
658618
658617
658616
658615
658614
658613
658612
658611
658610
658609
658608
658607
658605
658603
658602
658601
658600
658597
658596
658592
658591
658590
658589
658588
658587
658586
658585
658584
658583
658582
658581
658579
658578
658577
658576
658575
658574
658573
658572
658571
658570
658569
658568
658567
658566
658565
658563
658562
658561
658560
658558
658557
658555
658554
658553
658552
658550
658548
658547
658546
658545
658544
658543
658542
658537
658536
658534
658532
658531
658529
658527
658521
658519
658518
658517
658491
658489
658488
658487
658486
658485
658483
658482
658481
658480
658479
658478
658477
658476
658475
658474
658473
658472
658471
658470
658469
658468
658467
658466
658465
658464
658463
658461
658460
658459
658458
658457
658456
658455
658454
658453
658452
658451
658450
658449
658448
658447
658446
658444
658443
658442
658441
658440
658438
658437
658436
658432
658431
658430
658429
658427
658425
658424
658423
658422
658421
658418
658416
658415
658414
658413
658412
658410
658409
658408
658407
658406
658405
658404
658403
658402
658400
658398
658397
658396
658394
658393
658392
658391
658390
658389
658388
658384
658383
658382
