665630
665624
665622
665478
665678
665623
665621
665525
665524
665523
665522
665528
665527
665676
665687
665483
665481
665664
665680
665690
665685
665479
665682
665670
665667
665556
665555
665521
665520
665519
665482
665671
665669
665488
665486
665668
665537
665539
665673
665666
665681
665684
665686
665689
665688
665674
665541
665484
665683
665679
665675
665672
665677
665665
665441
665535
665540
665480
665487
665694
665693
665703
665718
665720
665719
665717
665716
665715
665712
665711
665710
665709
665708
665707
665706
665705
665704
665702
665701
665700
665698
665697
665696
665695
665692
665691
665663
665662
665661
665660
665659
665658
665657
665656
665655
665653
665650
665649
665648
665647
665646
665644
665643
665641
665640
665639
665638
665637
665636
665635
665634
665633
665632
665631
665629
665628
665626
665625
665620
665619
665618
665617
665616
665601
665614
665475
665553
665558
665581
665592
665613
665612
665611
665610
665609
665608
665607
665606
665604
665603
665602
665600
665599
665598
665597
665596
665595
665594
665593
665591
665590
665589
665588
665587
665586
665584
665583
665582
665580
665578
665577
665576
665575
665574
665573
665570
665569
665568
665567
665566
665564
665563
665562
665561
665560
665559
665557
665554
665552
665551
665550
665549
665548
665547
665546
665545
665544
665543
665542
665536
665538
665534
665533
665532
665531
665530
665526
665518
665517
665516
665515
665514
665513
665511
665509
665508
665507
665506
665505
665504
665503
665502
665501
665500
665499
665498
665497
665496
665495
665494
665493
665492
665491
665490
665485
665477
665476
665474
665473
665472
665471
665470
665469
665468
665467
665466
665465
665464
665463
665462
665460
665459
665458
665457
665456
665455
665454
665453
665451
665450
665449
665448
665447
665446
665445
665444
665443
665438
665437
665436
665435
665434
665433
665432
665431
665429
665428
665427
665426
665423
665422
665421
665420
665419
665418
665417
665416
665415
665413
665412
665411
665410
665409
665408
665407
665406
665405
665404
665403
665402
665401
