678742
678741
678740
678739
678737
678678
678668
678689
678660
678653
678641
678636
678384
678381
678736
678387
678683
678382
678674
678650
678642
678479
678476
678405
678383
678684
678675
678673
678672
678676
678677
678685
678687
678686
678688
678692
678682
678679
678680
678428
678691
678426
678379
678377
678664
678657
678386
678738
678671
678375
678478
678645
678388
678373
678389
678376
678640
678404
678374
678385
678380
678378
678670
678652
678669
678667
678666
678665
678663
678662
678661
678468
678469
678470
678473
678545
678587
678588
678715
678836
678690
678659
678658
678656
678655
678651
678646
678649
678644
678643
678639
678637
678422
678420
678419
678417
678415
678413
678412
678411
678499
678500
678564
678558
678330
678331
678332
678333
678334
678447
678448
678449
678451
678455
678459
678837
678835
678834
678833
678832
678831
678830
678829
678828
678827
678825
678824
678823
678822
678821
678820
678819
678818
678817
678816
678815
678814
678813
678812
678811
678810
678808
678807
678806
678805
678804
678803
678802
678801
678800
678799
678798
678797
678796
678795
678794
678767
678766
678764
678765
678792
678791
678790
678789
678788
678787
678786
678785
678784
678783
678782
678781
678779
678778
678777
678776
678775
678774
678773
678772
678771
678770
678761
678762
678763
678760
678769
678768
678759
678758
678757
678756
678755
678754
678753
678752
678751
678750
678749
678748
678747
678746
678745
678744
678743
678735
678734
678733
678732
678731
678729
678727
678725
678726
678724
678723
678722
678721
678720
678719
678718
678717
678716
678714
678713
678712
678711
678710
678709
678708
678707
678706
678705
678704
678703
678702
678701
678700
678699
678698
678697
678696
678695
678694
678693
678681
678654
678647
678638
678635
678634
678633
678632
678631
678630
678629
678628
678627
678626
678625
678624
678623
678622
678621
678620
678619
678618
678617
678616
678615
678614
678613
678612
678611
678610
678609
678608
678607
678606
678605
678604
678603
678602
678601
678600
678599
678598
678597
678596
678595
678594
678593
678592
678591
678590
678589
678586
678585
678584
678582
678581
678580
678579
678578
678577
678576
678575
678574
678573
678572
678571
678570
678569
678568
678567
678566
678565
678563
678562
678560
678559
678557
678556
678555
678554
678553
678552
678551
678550
678549
678546
678544
678543
678542
678541
678539
678538
678537
678536
678535
678534
678533
678532
678531
678530
678529
678527
678525
678524
678523
678522
678521
678520
678519
678518
678517
678515
678514
678513
678512
678511
678509
678508
678507
678506
678505
678504
678503
678501
678498
678497
678496
678495
678494
678493
678492
678490
678489
678488
678487
678486
678485
678484
678483
678482
678481
678480
678475
678474
678472
678463
678467
678471
678465
678464
678462
678461
678460
678458
678457
678456
678454
678453
678452
678450
678446
678445
678444
678253
678262
678263
678264
678270
678314
678350
678443
678442
678440
678439
678438
678437
678436
678435
678434
678433
678432
678431
678430
678429
678427
678423
678421
678418
678416
678414
678410
678409
678408
678407
678406
678403
678402
678401
678400
678399
678398
678397
678396
678395
678394
678393
678392
678391
678390
678372
678371
678370
678369
678368
678367
678366
678365
678364
678362
678361
678360
678359
678358
678357
678356
678355
678354
678353
678352
678351
678349
678348
678347
678346
678345
678344
678343
678342
678341
678340
678339
678338
678337
678336
678329
678328
678327
678326
678325
678324
678323
678322
678320
678319
678318
678317
678316
678315
678313
678312
678311
678310
678302
678303
678304
678305
678306
678307
678308
678309
678301
678300
678299
678298
678297
678296
678295
678294
678293
678292
678291
678290
678289
678288
678287
678286
678285
678284
678283
678282
678281
678280
678279
678278
678277
678276
678275
678274
678273
678272
678271
678269
678268
678267
678266
678265
678261
678260
678259
678258
678257
678256
678255
678252
678251
678250
678249
678248
678247
678246
678245
678244
678243
678242
678241
678240
678238
678237
678236
678235
678234
678233
678232
678231
678230
678229
678228
678227
678226
678225
678224
678223
678222
678221
678220
678219
678218
678217
678216
