607522
607485
607443
607421
607413
607374
607397
607394
607389
607529
607299
607295
607388
607385
607423
607383
607378
607377
607373
607372
607437
607416
607296
607293
607370
607369
607368
607366
607361
607360
607364
607359
607357
607356
607352
607350
607349
607347
607346
607417
607306
607304
607302
607458
607478
607477
607475
607470
607469
607466
607448
607447
607446
607435
607434
607420
607425
607428
607358
607524
607526
607354
607433
607431
607430
607408
607337
607332
607331
607298
607291
607444
607465
607462
607463
607461
607460
607459
607453
607455
607450
607454
607451
607445
607442
607440
607441
607439
607438
607290
607353
607355
607464
607427
607365
607419
607456
607490
607495
607493
607488
607310
607393
607449
607422
607412
607492
607476
607484
607507
607506
607512
607511
607509
607510
607508
607501
607500
607498
607499
607505
607503
607504
607502
607436
607525
607527
607532
607531
607528
607523
607521
607520
607407
607479
607518
607513
607514
607515
607516
607517
607339
607491
607341
607348
607351
607376
607292
607327
607345
607494
607489
607486
607483
607363
607362
607330
607329
607497
607496
607482
607481
607432
607474
607473
607472
607471
607468
607467
607457
607452
607429
607426
607424
607418
607415
607414
607411
607410
607409
607406
607405
607404
607403
607402
607401
607400
607399
607390
607396
607391
607392
607387
607386
607384
607382
607381
607380
607379
607375
607371
607367
607344
607343
607342
607338
607336
607335
607334
607322
607312
607313
607317
607311
607318
607320
607314
607321
607319
607316
607315
607309
607308
607333
607328
607326
607324
607323
607301
607294
607289
607288
