632819
632817
632820
632818
632715
632714
632572
632599
632601
632622
632665
632718
632727
632735
632742
632762
632766
632836
632855
632854
632853
632852
632851
632850
632849
632848
632847
632846
632845
632844
632843
632841
632840
632839
632838
632837
632835
632834
632833
632832
632831
632830
632829
632828
632826
632825
632824
632823
632822
632821
632816
632815
632814
632813
632812
632811
632810
632809
632808
632807
632806
632804
632803
632802
632800
632801
632799
632796
632795
632794
632793
632792
632791
632790
632789
632787
632786
632785
632784
632783
632782
632781
632780
632779
632778
632777
632775
632774
632773
632772
632771
632770
632769
632768
632767
632765
632764
632761
632760
632759
632758
632757
632756
632755
632754
632753
632752
632751
632750
632749
632747
632745
632744
632743
632741
632739
632738
632737
632736
632734
632733
632732
632731
632730
632729
632728
632726
632725
632724
632719
632716
632712
632711
632710
632709
632708
632707
632706
632705
632704
632703
632702
632701
632700
632699
632698
632696
632695
632694
632693
632692
632691
632690
632689
632688
632687
632686
632685
632684
632683
632682
632681
632680
632679
632678
632677
632675
632674
632673
632671
632667
632666
632663
632662
632660
632664
632661
632659
632658
632657
632655
632654
632653
632652
632651
632650
632649
632648
632647
632646
632645
632644
632643
632642
632641
632640
632638
632637
632636
632635
632634
632633
632632
632631
632630
632629
632627
632626
632625
632624
632623
632621
632619
632618
632617
632616
632615
632614
632613
632612
632611
632610
632609
632608
632607
632606
632605
632604
632603
632602
632600
632598
632597
632595
632594
632593
632592
632591
632590
632589
632588
632587
632586
632585
632584
632583
632582
632581
632580
632579
632578
632577
632526
632575
632574
632573
632571
632570
632569
632568
632567
632566
632565
632564
632563
632562
632561
632560
632559
632558
632557
632556
632555
632554
632553
632552
632551
632550
632549
632548
632547
632546
632545
632544
632543
632542
632541
632540
632539
632538
632537
632536
632535
632534
632533
632532
632531
632530
632529
632528
632527
632525
632524
632523
632522
632521
632520
632519
632518
632517
632516
632515
632514
632513
632512
632511
632510
632509
632508
632507
632506
632505
632504
632503
632501
632500
