680628
680627
680591
680579
680559
680572
680588
680555
680546
680545
680534
680626
680562
680561
680592
680533
680532
680589
680571
680560
680548
680747
680503
680509
680506
680512
680513
680511
680508
680505
680515
680745
680514
680504
680510
680507
680668
680672
680708
680710
680711
680712
680756
680768
680767
680766
680765
680764
680763
680762
680758
680757
680755
680754
680753
680752
680751
680750
680749
680748
680746
680476
680475
680744
680743
680742
680741
680740
680739
680738
680737
680736
680735
680734
680733
680732
680731
680730
680729
680728
680727
680726
680725
680724
680723
680722
680721
680720
680719
680718
680717
680716
680715
680714
680713
680709
680707
680706
680705
680703
680702
680701
680700
680699
680698
680697
680696
680695
680694
680693
680692
680691
680690
680689
680688
680687
680686
680685
680684
680683
680682
680681
680680
680679
680678
680677
680676
680675
680674
680673
680671
680669
680667
680666
680665
680664
680663
680662
680661
680660
680659
680658
680657
680656
680655
680654
680653
680652
680447
680462
680570
680599
680651
680650
680649
680647
680646
680645
680644
680643
680642
680641
680640
680639
680638
680637
680636
680635
680634
680633
680632
680631
680630
680629
680617
680625
680624
680623
680622
680616
680621
680620
680618
680619
680615
680614
680613
680612
680611
680610
680609
680608
680607
680605
680604
680603
680602
680601
680600
680598
680597
680596
680595
680594
680593
680590
680587
680586
680585
680584
680583
680581
680580
680578
680577
680576
680575
680574
680573
680569
680568
680563
680567
680566
680565
680564
680558
680557
680556
680554
680553
680552
680551
680550
680549
680547
680544
680543
680542
680541
680540
680539
680538
680537
680536
680535
680531
680530
680529
680528
680527
680526
680525
680524
680523
680522
680521
680520
680519
680518
680517
680516
680502
680501
680500
680499
680498
680497
680496
680495
680494
680493
680492
680491
680490
680489
680488
680487
680486
680485
680484
680483
680482
680481
680480
680479
680478
680474
680473
680472
680471
680470
680469
680468
680467
680466
680465
680463
680461
680460
680459
680458
680457
680456
680455
680454
680453
680452
680451
680449
680448
