640603
640599
640601
640600
640598
640597
640586
640585
640595
640590
640591
640592
640594
640589
640584
640583
640755
640512
640511
640753
640510
640509
640508
640622
640620
640506
640631
640630
640627
640556
640555
640554
640552
640551
640466
640465
640416
640415
640414
640413
640610
640611
640606
640614
640626
640470
640492
640560
640670
640696
640724
640726
640731
640744
640581
640621
640667
640464
640514
640513
640505
640504
640463
640462
640553
640642
640641
640640
640639
640652
640651
640650
640649
640648
640647
640646
640645
640644
640435
640628
640629
640438
640437
640434
640433
640632
640765
640764
640763
640762
640761
640760
640759
640758
640757
640756
640754
640752
640408
640409
640407
640751
640750
640749
640747
640746
640743
640717
640742
640718
640716
640741
640715
640714
640740
640739
640713
640712
640737
640736
640735
640734
640733
640732
640730
640711
640710
640729
640728
640727
640725
640723
640722
640721
640720
640719
640709
640708
640707
640706
640705
640704
640703
640702
640701
640700
640699
640698
640697
640695
640694
640693
640692
640691
640690
640689
640688
640687
640686
640685
640684
640683
640682
640681
640680
640679
640678
640677
640676
640675
640674
640673
640672
640671
640669
640668
640666
640665
640664
640663
640662
640661
640660
640659
640658
640657
640656
640655
640654
640653
640643
640638
640636
640637
640635
640634
640633
640625
640624
640623
640619
640618
640617
640616
640615
640613
640612
640609
640608
640607
640580
640578
640605
640604
640602
640579
640596
640593
640588
640587
640582
640577
640576
640575
640574
640573
640572
640571
640570
640569
640568
640566
640565
640564
640562
640563
640561
640559
640558
640557
640549
640548
640547
640546
640545
640544
640543
640542
640541
640540
640539
640538
640537
640535
640534
640533
640532
640531
640530
640529
640528
640527
640526
640525
640524
640523
640522
640521
640520
640519
640518
640517
640516
640515
640507
640503
640502
640501
640500
640499
640498
640497
640495
640494
640493
640491
640490
640489
640488
640487
640486
640485
640484
640483
640482
640481
640480
640479
640478
640477
640476
640475
640467
640468
640469
640471
640472
640473
640474
640448
640449
640450
640451
640452
640453
640461
640460
640459
640458
640457
640456
640455
640454
640447
640446
640445
640444
640443
640442
640441
640440
640439
640432
640431
640430
640427
640426
640425
640424
640423
640422
640421
640420
640419
640418
640417
640412
640411
640410
640405
640404
640403
640402
640401
640400
640399
640398
