634483
634548
634503
634244
634243
634242
634241
634544
634525
634545
634526
634528
634529
634524
634516
634546
634523
634514
634513
634512
634511
634510
634509
634507
634506
634505
634504
634502
634501
634500
634499
634498
634497
634492
634493
634496
634495
634494
634491
634490
634233
634232
634231
634536
634535
634534
634593
634594
634595
634596
634591
634592
634367
634363
634331
634328
634299
634300
634301
634364
634238
634407
634456
634470
634543
634290
634558
634561
634237
634330
634450
634451
634448
634284
634276
634590
634589
634588
634586
634585
634584
634583
634582
634581
634580
634579
634578
634577
634576
634575
634574
634573
634572
634571
634570
634569
634568
634567
634566
634565
634564
634562
634557
634559
634560
634556
634555
634366
634554
634553
634552
634551
634550
634549
634547
634542
634541
634540
634538
634533
634532
634531
634530
634522
634520
634518
634517
634515
634508
634489
634488
634487
634486
634485
634484
634482
634481
634480
634479
634478
634477
634476
634475
634474
634473
634472
634471
634469
634468
634467
634466
634465
634464
634463
634462
634460
634459
634458
634457
634455
634454
634453
634452
634449
634447
634446
634445
634444
634443
634442
634441
634440
634439
634438
634437
634436
634435
634433
634432
634431
634430
634429
634428
634427
634426
634425
634424
634423
634422
634421
634420
634419
634418
634417
634416
634415
634414
634413
634411
634410
634408
634400
634406
634405
634404
634403
634402
634401
634399
634398
634397
634396
634395
634394
634393
634392
634391
634390
634389
634388
634387
634386
634385
634384
634383
634382
634381
634380
634379
634378
634377
634376
634375
634374
634373
634372
634371
634370
634369
634368
634365
634362
634361
634360
634359
634358
634357
634356
634355
634354
634353
634352
634351
634350
634349
634348
634347
634346
634345
634344
634343
634342
634341
634340
634339
634338
634337
634336
634335
634334
634333
634332
634327
634329
634326
634310
634312
634314
634316
634318
634319
634320
634321
634323
634324
634322
634317
634315
634313
634311
634309
634308
634307
634306
634305
634303
634302
634298
634297
634296
634295
634294
634293
634292
634291
634289
634288
634287
634286
634285
634283
634282
634281
634280
634279
634278
634277
634275
634274
634273
634272
634271
634270
634269
634268
634266
634265
634264
634263
634262
634260
634258
634253
634252
634251
634250
634249
634248
634247
634246
634245
634240
634239
634236
634235
634234
