600035
600034
600112
600179
600218
600211
600158
600209
600207
600151
600149
600192
600182
600109
600116
600108
600110
600189
600134
600175
600120
600172
600170
600163
600148
600146
600208
600145
600143
600137
600133
600121
600113
600107
600138
600139
600202
600201
600200
600199
600198
600130
600129
600114
600115
600105
600097
600095
600094
600077
600073
600215
600142
600197
600196
600195
600185
600180
600177
600052
600051
600050
600136
600160
600030
600117
600119
600125
600032
600173
600135
600058
600059
600167
600165
600219
600217
600214
600213
600212
600210
600206
600204
600029
600203
600194
600193
600191
600190
600188
600187
600186
600184
600181
600178
600176
600031
600101
600102
600162
600164
600169
600174
600171
600144
600168
600166
600161
600159
600157
600156
600154
600153
600152
600150
600147
600140
600141
600123
600132
600131
600124
600047
600111
600106
600104
600103
600126
600127
600128
600122
600118
600100
600099
600098
600096
600093
600092
600091
600090
600089
600088
600087
600086
600085
600084
600083
600082
600081
600080
600079
600078
600076
600075
600074
600072
600071
600070
600069
600068
600067
600066
600065
600064
600063
600062
600061
600060
600057
600056
600055
600053
600049
600048
600046
600045
600044
600036
600043
600042
600041
600040
600039
600038
600037
600033
600027
600028
600026
