647658
647579
647526
647522
647455
647460
647524
647457
647523
647519
647657
647580
647722
647721
647719
647718
647717
647716
647715
647714
647713
647712
647711
647710
647709
647708
647707
647706
647705
647704
647703
647702
647701
647700
647699
647698
647697
647696
647695
647694
647693
647692
647691
647690
647689
647688
647687
647686
647685
647684
647683
647682
647681
647680
647679
647678
647677
647676
647675
647674
647673
647672
647671
647670
647638
647654
647668
647669
647667
647561
647659
647656
647655
647653
647651
647649
647650
647648
647647
647646
647645
647644
647643
647642
647641
647640
647639
647637
647636
647635
647634
647633
647632
647631
647630
647629
647628
647565
647559
647626
647625
647624
647623
647620
647443
647458
647502
647510
647512
647514
647534
647548
647553
647574
647599
647358
647374
647618
647617
647616
647615
647563
647614
647613
647612
647611
647610
647609
647564
647608
647607
647606
647605
647604
647603
647602
647601
647600
647598
647597
647596
647595
647594
647593
647592
647591
647560
647590
647589
647588
647587
647586
647585
647584
647583
647582
647581
647578
647577
647576
647573
647572
647571
647570
647569
647568
647567
647566
647430
647428
647562
647558
647557
647556
647555
647554
647552
647551
647550
647549
647547
647546
647545
647544
647543
647542
647541
647540
647538
647537
647536
647535
647533
647532
647531
647530
647529
647528
647527
647525
647521
647520
647518
647517
647516
647515
647511
647509
647508
647507
647506
647505
647504
647503
647501
647500
647499
647498
647497
647496
647495
647494
647493
647492
647491
647490
647489
647488
647487
647486
647485
647484
647483
647481
647480
647479
647478
647477
647474
647473
647471
647470
647469
647468
647467
647427
647429
647465
647464
647463
647462
647461
647459
647456
647454
647453
647452
647451
647449
647448
647447
647446
647445
647444
647442
647441
647440
647439
647438
647436
647435
647434
647433
647432
647431
647426
647425
647424
647423
647422
647421
647420
647419
647418
647417
647416
647415
647414
647413
647412
647411
647409
647408
647407
647406
647405
647403
647402
647401
647400
647399
647398
647397
647396
647395
647394
647393
647392
647391
647390
647389
647388
647387
647386
647385
647384
647383
647382
647381
647380
647379
647378
647376
647375
647372
647371
647370
647369
647368
647367
647366
647365
647364
647363
647362
647361
647360
647359
647357
647356
647355
647354
647353
647352
647351
647350
647349
647348
647347
647346
647345
647344
647343
647342
647341
647340
