625133
625144
625140
625121
625004
625003
625002
625001
625000
624999
624998
624997
624996
625109
625126
625138
625141
625188
625187
625186
625185
625159
625189
625192
625196
625203
625204
625205
625211
625210
625209
625208
625207
625206
625212
625213
625218
625219
624980
625006
625005
624979
624978
624977
624976
625038
625034
625012
625009
625008
625007
625039
625044
625045
625046
625050
625052
625111
625083
625082
625080
625079
625076
625116
625117
625118
625120
625124
624975
624974
624973
624972
624971
624968
624965
624963
624961
624957
624956
624941
624940
624939
625125
625091
625059
625037
625103
625042
625053
625043
625054
625035
625032
625031
625025
625020
625097
625094
625014
625093
625010
625013
625060
625011
625102
625030
625096
625099
625107
625101
625098
625100
625129
625132
625135
625108
625119
625137
625160
625095
625104
625092
625028
625041
625152
625155
625156
625158
625216
625168
625171
625177
625180
625157
625215
625214
625200
625198
625197
625164
625166
625169
625172
625173
625194
625193
625191
625190
625184
625163
625161
625165
625151
625153
625154
625162
625183
625167
625174
625175
625176
625179
625181
625182
625170
625178
625148
625150
625029
625145
625136
625134
625143
625130
625036
625033
625016
625015
625040
625131
625123
625128
625127
625139
625122
625110
625115
625113
625106
625105
625090
625089
625088
625087
625086
625057
625056
625055
625058
625066
625085
625084
625081
624962
624964
625078
625077
625068
625069
625070
625071
625072
625074
625075
625073
625067
625065
625064
625063
625062
625061
625051
625049
625048
625047
625027
625026
625024
625023
625022
625021
625019
625018
625017
624995
624994
624993
624992
624991
624990
624989
624988
624987
624943
624945
624985
624984
624983
624982
624981
624970
624969
624967
624966
624960
624959
624958
624955
624954
624953
624952
624951
624950
624949
624948
624946
624944
624942
624938
