652292
652293
652297
652298
652299
652300
652301
652302
652303
652304
652305
652306
652309
652310
652311
652312
652313
652314
652315
652318
652319
652321
652230
652244
652320
652291
652209
652208
652207
652206
652226
652225
652224
652223
652222
652221
652220
652219
652218
652216
652217
652215
652214
652213
652211
652212
652210
652185
652182
652181
652179
652180
652186
652187
652184
652183
652177
652176
652175
652188
652189
652173
652153
652172
652125
652120
652142
652048
652060
652124
652132
652270
652273
652280
652283
652330
652331
652340
652341
652343
652380
652398
652403
652104
652118
652121
652350
652351
652352
652117
652145
652429
652428
652427
652425
652424
652423
652422
652421
652420
652419
652418
652417
652416
652415
652414
652412
652411
652410
652409
652408
652407
652406
652405
652404
652402
652401
652397
652396
652395
652394
652393
652392
652391
652390
652389
652388
652387
652386
652385
652384
652383
652382
652381
652379
652378
652377
652376
652375
652374
652373
652372
652371
652370
652369
652368
652367
652366
652365
652364
652363
652362
652361
652359
652357
652269
652267
652356
652355
652354
652268
652265
652353
652349
652348
652347
652346
652264
652345
652344
652342
652339
652338
652337
652336
652335
652334
652333
652332
652263
652329
652328
652327
652325
652324
652323
652322
652317
652316
652308
652307
652296
652295
652294
652290
652289
652288
652287
652286
652285
652284
652282
652281
652279
652277
652276
652275
652272
652271
652262
652261
652257
652258
652260
652259
652256
652255
652254
652253
652252
652251
652250
652249
652248
652247
652246
652245
652243
652242
652241
652240
652239
652238
652237
652236
652235
652234
652233
652232
652231
652229
652228
652141
652140
652204
652203
652202
652201
652199
652139
652198
652197
652196
652195
652194
652193
652192
652191
652190
652178
652174
652171
652167
652166
652165
652162
652161
652158
652156
652155
652151
652143
652138
652137
652136
652135
652133
652131
652130
652129
652127
652126
652123
652122
652115
652114
652113
652112
652110
652111
652109
652108
652107
652106
652105
652103
652102
652101
652100
652099
652098
652097
652096
652095
652094
652093
652090
652089
652085
652084
652083
652082
652081
652080
652078
652077
652076
652075
652074
652073
652072
652071
652070
652069
652068
652067
652066
652065
652064
652063
652062
652061
652059
652058
652057
652056
652054
652053
652052
652051
652050
652049
652047
