620861
620859
620851
620853
620860
620871
620712
620721
620869
620919
620920
620715
620716
620717
620710
620748
620745
620867
620838
620837
620836
620835
620832
620829
620830
620831
620864
620863
620862
620824
620818
620815
620813
620811
620810
620904
620903
620897
620890
620868
620842
620798
620874
620765
620766
620764
620763
620761
620760
620796
620896
620910
620809
620808
620807
620806
620726
620785
620887
620780
620778
620866
620777
620776
620773
620771
620843
620756
620755
620754
620753
620894
620752
620886
620801
620885
620827
620812
620770
620769
620789
620751
620865
620784
620797
620768
620767
620758
620750
620720
620825
620826
620805
620713
620847
620854
620709
620711
620799
620844
620870
620733
620898
620918
620917
620916
620915
620914
620899
620913
620912
620909
620908
620907
620906
620905
620902
620901
620900
620895
620893
620892
620891
620889
620888
620884
620883
620882
620880
620877
620876
620875
620879
620878
620790
620772
620872
620849
620850
620856
620858
620857
620855
620852
620848
620846
620845
620841
620840
620839
620834
620833
620775
620774
620823
620822
620821
620820
620819
620816
620814
620804
620802
620800
620794
620792
620788
620787
620786
620782
620779
620762
620759
620757
620747
620734
620735
620736
620737
620738
620739
620740
620741
620743
620744
620742
620732
620727
620725
620724
620723
620722
620718
620714
