677709
677710
677707
677708
677684
677685
677688
677706
677705
677704
677703
677702
677701
677694
677695
677696
677697
677687
677690
677699
677698
677693
677692
677691
677689
677686
677683
677682
677681
677678
677677
677676
677679
677658
677675
677674
677673
677672
677671
677670
677669
677666
677668
677664
677665
677663
677662
677661
677660
677659
677657
677656
677655
677650
677649
677648
677647
677646
677645
677644
677643
677642
677641
677639
677628
677638
677635
677634
677633
677631
677632
677630
677627
677626
677625
677619
677620
677621
677624
677618
677617
677616
677615
677607
677605
677602
677600
677613
677614
677612
677609
677608
677606
677604
677601
677599
677598
677597
677515
677504
677507
677522
677513
677319
677510
677311
677521
677314
677283
677514
677508
677594
677593
677592
677591
677590
677583
677589
677588
677587
677586
677584
677579
677580
677582
677578
677575
677577
677574
677573
677572
677549
677569
677562
677561
677555
677571
677570
677567
677565
677568
677564
677563
677558
677557
677556
677560
677559
677554
677553
677552
677551
677550
677548
677547
677546
677544
677543
677542
677541
677540
677539
677538
677460
677461
677464
677465
677466
677474
677475
677476
677477
677478
677483
677484
677486
677459
677458
677455
677454
677453
677452
677451
677450
677447
677446
677445
677444
677443
677441
677440
677439
677438
677437
677436
677435
677434
677433
677432
677431
677430
677429
677427
677426
677425
677423
677518
677512
677511
677509
677281
677422
677421
677419
677418
677417
677416
677415
677409
677408
677407
677405
677403
677402
677400
677399
677398
677396
677394
677393
677392
677391
677390
677389
677386
677385
677384
677383
677382
677379
677378
677377
677373
677371
677370
677368
677365
677364
677362
677361
677349
677348
677347
677346
677345
677344
677343
677341
677340
677339
677338
677337
677336
677335
677334
677333
677332
677331
677330
677328
677325
677488
677527
677623
677654
677310
677500
677713
677712
677711
677700
677680
677667
677653
677652
677651
677640
677637
677636
677629
677499
677622
677611
677610
677603
677596
677595
677585
677581
677576
677566
677545
677537
677536
677535
677534
677533
677532
677530
677529
677528
677526
677525
677524
677523
677520
677519
677517
677516
677506
677505
677503
677502
677501
677498
677497
677496
677495
677494
677493
677492
677491
677490
677489
677487
677485
677482
677481
677480
677479
677196
677203
677210
677211
677216
677263
677266
677288
677292
677293
677296
677317
677372
677374
677473
677472
677471
677470
677469
677468
677467
677463
677462
677457
677449
677448
677442
677424
677420
677414
677412
677411
677410
677406
677404
677366
677401
677397
677395
677388
677387
677381
677380
677375
677369
677363
677360
677359
677358
677357
677356
677355
677354
677353
677352
677351
677350
677342
677329
677324
677323
677322
677321
677320
677318
677316
677315
677313
677312
677309
677308
677307
677306
677305
677304
677303
677302
677301
677300
677299
677298
677297
677295
677294
677291
677290
677289
677287
677286
677284
677282
677280
677279
677278
677277
677276
677275
677274
677273
677272
677271
677270
677269
677268
677267
677265
677264
677262
677261
677260
677259
677258
677257
677256
677255
677254
677253
677252
677251
677250
677249
677248
677247
677246
677245
677244
677243
677242
677241
677240
677239
677238
677237
677236
677235
677234
677233
677232
677231
677230
677229
677228
677227
677226
677225
677224
677223
677222
677221
677219
677218
677217
677215
677214
677213
677212
677209
677208
677207
677206
677204
677202
677201
677200
677199
677198
677197
677195
677194
677193
677192
677191
677190
677189
677188
677187
677186
677185
677184
677183
677182
677181
677180
677179
677178
677177
677176
677175
677174
677173
677172
677171
677169
677168
677167
677166
677165
677164
677163
677162
677161
677160
677159
