715481
715482
715329
715497
715492
715490
715496
715486
715348
715342
715340
715335
715332
715489
715346
715351
715343
715324
715321
715345
715487
715339
715317
715312
715326
715331
715491
715320
715309
715488
715334
715316
715311
715347
715338
715323
715325
715307
715273
715225
715226
715227
715344
715322
715341
715328
715333
715315
715319
715224
715223
715330
715310
715308
715372
715213
715215
715220
715221
715237
715247
715253
715257
715286
715292
715297
715371
715425
715430
715480
715501
715362
715360
715240
715510
715509
715508
715507
715506
715505
715504
715503
715502
715500
715498
715495
715493
715485
715484
715483
715479
715478
715477
715476
715475
715474
715473
715472
715471
715470
715469
715468
715467
715466
715465
715464
715463
715462
715461
715460
715459
715458
715457
715456
715455
715454
715453
715452
715451
715450
715449
715448
715447
715446
715445
715444
715443
715442
715441
715440
715439
715438
715437
715436
715435
715434
715433
715432
715431
715429
715428
715427
715426
715424
715423
715422
715421
715420
715419
715417
715416
715415
715414
715413
715412
715411
715410
715409
715408
715407
715405
715404
715403
715402
715401
715400
715399
715398
715397
715396
715395
715394
715393
715392
715391
715390
715389
715388
715387
715386
715385
715384
715383
715382
715381
715380
715379
715378
715377
715376
715375
715374
715373
715370
715369
715368
715367
715366
715365
715364
715363
715361
715359
715358
715357
715356
715355
715354
715353
715352
715349
715337
715336
715327
715318
715314
715313
715306
715305
715304
715303
715302
715301
715300
715299
715298
715296
715295
715294
715293
715291
715290
715289
715287
715285
715284
715283
715282
715281
715280
715279
715278
715277
715276
715275
715274
715272
715271
715270
715269
715268
715267
715266
715265
715264
715263
715262
715261
715260
715259
715258
715256
715255
715254
715252
715251
715250
715249
715248
715246
715245
715244
715243
715242
715241
715239
715238
715236
715234
715233
715232
715231
715230
715229
715228
715222
715219
715218
715216
715214
715212
715211
715210
715209
715208
715207
715205
715204
715203
715202
715201
715200
715199
715198
715197
715196
715195
