695399
695397
695395
695396
695392
695393
695390
695389
695388
695386
695385
695226
695225
695324
695227
695301
695298
695297
695383
695382
695380
695326
695302
695228
695233
695245
695246
695292
695332
695400
695401
695413
695421
695423
695462
695463
695467
695512
695294
695515
695513
695511
695510
695509
695491
695489
695508
695488
695507
695506
695503
695502
695501
695500
695499
695498
695497
695496
695495
695494
695493
695490
695486
695485
695484
695483
695482
695481
695480
695479
695478
695477
695476
695475
695474
695473
695472
695471
695299
695295
695470
695469
695468
695466
695465
695464
695461
695296
695460
695458
695457
695456
695455
695454
695453
695452
695451
695450
695449
695448
695447
695446
695445
695444
695443
695442
695441
695439
695437
695436
695435
695434
695433
695432
695431
695430
695429
695427
695425
695300
695422
695420
695419
695418
695417
695416
695415
695414
695411
695303
695407
695406
695405
695404
695398
695394
695391
695387
695384
695381
695379
695378
695377
695376
695375
695374
695373
695372
695371
695370
695369
695368
695367
695366
695365
695364
695363
695362
695361
695360
695359
695358
695357
695356
695355
695354
695353
695352
695351
695350
695349
695348
695347
695346
695345
695343
695342
695341
695340
695339
695338
695337
695336
695335
695333
695331
695330
695329
695328
695327
695325
695323
695322
695321
695320
695319
695318
695317
695316
695315
695314
695313
695312
695311
695310
695309
695308
695307
695306
695305
695304
695293
695291
695290
695289
695288
695287
695286
695285
695284
695283
695282
695281
695280
695279
695278
695277
695276
695275
695273
695272
695271
695270
695269
695268
695267
695266
695265
695264
695263
695262
695261
695260
695259
695258
695256
695255
695254
695253
695252
695250
695249
695247
695244
695243
695242
695241
695240
695238
695237
695236
695235
695232
695231
695230
695229
695224
695223
695222
695221
695220
695219
695218
695217
695216
695215
695213
695212
