713747
713996
714012
713997
713995
714007
714003
714001
714009
713915
714010
714006
713999
713998
714011
714005
714000
714002
714008
714004
713914
713785
713852
713969
713988
714075
714076
714078
713990
713991
713993
713989
713992
714019
714018
714021
714020
714080
714079
714077
714073
714071
714070
714069
714068
714067
714066
713864
713868
714063
714062
714061
714060
714059
714058
714057
714056
714065
714064
713866
713869
714055
714054
714053
714052
714051
714050
714049
714048
713876
713878
713877
713874
714033
714032
714047
714046
714045
714044
714043
714042
714041
714040
714039
714038
714036
714035
714034
713875
714031
714030
714029
714028
714027
714026
714025
714024
714023
714017
714016
714015
714014
714013
713994
713987
713986
713985
713984
713983
713982
713981
713979
713978
713977
713976
713975
713974
713973
713972
713971
713970
713968
713967
713966
713965
713964
713963
713962
713961
713960
713959
713958
713957
713955
713954
713953
713951
713950
713949
713948
713947
713946
713945
713944
713941
713940
713939
713938
713937
713936
713935
713934
713933
713932
713931
713930
713929
713928
713927
713926
713925
713924
713923
713922
713921
713920
713919
713918
713917
713916
713913
713912
713911
713910
713909
713908
713907
713906
713905
713904
713903
713902
713901
713900
713899
713898
713897
713896
713895
713894
713893
713892
713891
713890
713889
713888
713887
713886
713885
713884
713883
713881
713880
713879
713873
713872
713871
713870
713867
713865
713863
713862
713861
713860
713859
713858
713856
713855
713854
713853
713851
713850
713848
713847
713846
713845
713844
713843
713842
713841
713840
713839
713838
713837
713836
713835
713834
713833
713832
713831
713830
713829
713828
713827
713826
713825
713824
713823
713822
713821
713820
713819
713818
713817
713816
713815
713814
713813
713812
713811
713810
713809
713808
713807
713804
713803
713802
713801
713800
713799
713798
713797
713796
713795
713794
713793
713792
713790
713789
713788
713787
713784
713783
713782
713781
713780
713779
713778
713777
713776
713775
713774
713773
713772
713771
713770
713769
713768
713767
713766
713765
713764
713763
713762
713761
713760
713759
713758
713757
713756
713755
713754
713753
713752
713751
713750
713749
713748
713746
713745
713744
713741
713738
713737
713736
713735
