699834
699833
699835
699637
699627
699625
699832
699584
699594
699593
699592
699580
699577
699581
699667
699684
699666
699686
699692
699694
699695
699845
699602
699603
699610
699636
699699
699705
699801
699812
699824
699844
699855
699857
699867
699871
699689
699662
699654
699653
699665
699846
699848
699571
699576
699579
699575
699578
699572
699573
699569
699570
699568
699722
699721
699720
699718
699715
699714
699685
699661
699658
699664
699656
699687
699691
699851
699660
699657
699849
699850
699655
699847
699693
699892
699891
699890
699889
699888
699887
699886
699885
699884
699883
699882
699881
699880
699879
699878
699877
699876
699875
699874
699873
699872
699870
699869
699868
699866
699865
699864
699863
699862
699861
699860
699859
699858
699856
699854
699853
699852
699843
699842
699841
699840
699839
699838
699837
699836
699831
699830
699829
699828
699827
699826
699825
699823
699822
699821
699820
699819
699818
699817
699816
699815
699807
699808
699809
699810
699811
699813
699814
699806
699805
699804
699803
699802
699800
699799
699797
699796
699795
699794
699793
699792
699791
699788
699787
699786
699785
699784
699783
699782
699781
699780
699779
699778
699777
699776
699774
699773
699772
699771
699770
699769
699768
699767
699766
699765
699764
699763
699762
699761
699760
699759
699758
699757
699756
699755
699754
699753
699752
699751
699750
699749
699748
699747
699746
699745
699744
699743
699742
699741
699740
699739
699738
699737
699736
699735
699734
699732
699731
699730
699729
699728
699726
699725
699724
699723
699719
699717
699716
699713
699712
699711
699710
699709
699707
699704
699703
699702
699701
699700
699697
699690
699688
699683
699682
699681
699680
699679
699678
699677
699676
699675
699674
699673
699672
699671
699670
699669
699668
699663
699659
699652
699651
699650
699649
699648
699646
699645
699644
699643
699642
699641
699639
699638
699635
699634
699633
699632
699631
699629
699628
699626
699624
699623
699622
699621
699620
699619
699618
699617
699616
699615
699614
699613
699612
699611
699609
699608
699607
699606
699605
699604
699601
699600
699560
699561
699563
699565
699567
699599
699598
699597
699596
699585
699586
699587
699588
699589
699590
699591
699595
699582
699574
699566
699564
699562
699559
699558
699557
699556
699554
699553
699552
