716611
716604
716602
716598
716612
716605
716603
716599
716450
716443
716439
716457
716452
716446
716610
716456
716463
716601
716597
716455
716448
716444
716438
716423
716422
716609
716596
716451
716453
716447
716445
716441
716436
716468
716469
716470
716471
716472
716473
716474
716475
716476
716477
716478
716479
716480
716481
716482
716581
716584
716588
716585
716583
716580
716486
716487
716488
716529
716539
716629
716628
716627
716626
716625
716623
716622
716621
716620
716619
716618
716586
716579
716578
716577
716617
716616
716615
716614
716613
716607
716606
716600
716595
716594
716593
716592
716591
716590
716589
716582
716576
716575
716574
716506
716573
716572
716571
716570
716569
716568
716567
716566
716565
716564
716563
716562
716561
716558
716557
716556
716555
716554
716553
716552
716551
716550
716548
716547
716546
716545
716544
716543
716542
716541
716540
716505
716503
716502
716538
716537
716536
716535
716534
716533
716532
716531
716501
716530
716528
716527
716525
716524
716523
716522
716520
716519
716518
716517
716500
716516
716515
716514
716513
716512
716511
716499
716510
716509
716508
716507
716504
716498
716497
716496
716495
716494
716493
716492
716491
716490
716489
716485
716484
716483
716467
716466
716465
716464
716462
716461
716460
716442
716440
716437
716435
716434
716433
716432
716431
716430
716429
716428
716427
716426
716425
716424
716421
716420
716419
716418
716417
716416
716415
716414
716413
716412
716411
716410
716409
716408
716407
716406
716405
716404
716403
716402
716401
716400
716399
716398
716397
716396
716395
716394
716393
716392
716390
716388
716387
716386
716385
716384
716383
716382
716381
716380
716379
