714662
714663
714898
714899
714900
714893
714876
714874
714705
714713
714756
714758
714755
714754
714894
714892
714706
714712
714672
714673
714883
714891
714875
714675
714671
714710
714674
714873
714711
714677
714847
714849
714810
714801
714888
714846
714848
714814
714851
714845
714808
714816
714912
714910
714909
714908
714907
714906
714905
714904
714903
714902
714901
714897
714896
714895
714889
714887
714886
714885
714884
714661
714882
714881
714880
714879
714878
714877
714815
714850
714872
714871
714870
714804
714869
714868
714867
714866
714865
714864
714863
714862
714861
714860
714859
714857
714856
714855
714799
714854
714853
714852
714844
714843
714842
714841
714840
714839
714838
714837
714836
714835
714834
714833
714831
714830
714829
714828
714827
714826
714825
714824
714823
714822
714821
714820
714819
714818
714817
714812
714809
714807
714806
714805
714803
714802
714800
714798
714796
714795
714794
714793
714792
714791
714790
714789
714788
714787
714786
714785
714784
714783
714782
714781
714780
714779
714778
714777
714776
714775
714774
714773
714772
714771
714770
714769
714768
714767
714766
714765
714764
714762
714760
714759
714753
714752
714751
714749
714748
714747
714746
714745
714744
714743
714742
714741
714740
714739
714738
714737
714736
714735
714733
714732
714731
714730
714729
714728
714727
714726
714725
714724
714723
714722
714721
714720
714719
714718
714717
714716
714715
714714
714709
714708
714707
714704
714703
714702
714701
714700
714699
714698
714697
714695
714694
714693
714692
714691
714690
714689
714688
714687
714686
714685
714684
714683
714682
714681
714680
714679
714678
714676
714670
714669
714668
714667
714666
714665
714664
714660
714659
714658
714657
714656
714655
714654
714653
714652
714651
714650
714649
714648
714647
714646
714645
714644
714643
714642
714641
714640
714639
714638
714637
714636
714635
714634
714633
714631
714630
714629
714628
714627
714626
714625
