699171
699183
699189
699190
699193
699236
699302
699296
699290
699288
699170
699202
699301
699298
699293
699517
699300
699294
699291
699273
699516
699226
699224
699264
699303
699263
699265
699259
699222
699220
699237
699306
699307
699309
699311
699515
699261
699225
699221
699274
699260
699524
699520
699519
699207
699196
699201
699223
699382
699386
699376
699375
699182
699181
699180
699179
699178
699385
699522
699393
699447
699204
699203
699442
699446
699441
699440
699439
699438
699437
699436
699435
699434
699433
699431
699430
699429
699428
699427
699426
699425
699424
699423
699419
699418
699417
699416
699415
699414
699413
699412
699411
699452
699381
699523
699383
699451
699449
699389
699448
699206
699205
699450
699390
699392
699384
699380
699315
699332
699164
699227
699337
699347
699368
699477
699507
699532
699551
699550
699549
699548
699547
699546
699545
699544
699543
699542
699541
699540
699539
699538
699536
699535
699534
699533
699531
699530
699528
699529
699527
699526
699525
699333
699328
699317
699521
699518
699514
699513
699512
699511
699510
699509
699506
699505
699504
699503
699502
699501
699500
699499
699498
699497
699496
699495
699494
699493
699492
699491
699490
699489
699488
699487
699486
699485
699484
699482
699481
699478
699476
699474
699475
699473
699471
699470
699469
699468
699467
699466
699464
699463
699462
699461
699460
699459
699458
699457
699456
699455
699454
699453
699445
699444
699443
699408
699407
699406
699405
699432
699422
699421
699420
699410
699409
699404
699403
699402
699401
699400
699399
699398
699397
699396
699395
699394
699387
699330
699316
699379
699378
699377
699374
699373
699372
699371
699370
699369
699367
699366
699365
699364
699363
699362
699361
699360
699359
699358
699357
699356
699355
699354
699352
699351
699350
699349
699348
699346
699345
699344
699343
699342
699341
699340
699339
699338
699336
699335
699334
699331
699329
699327
699326
699325
699324
699323
699322
699321
699320
699319
699318
699314
699313
699312
699310
699308
699305
699304
699299
699297
699295
699292
699289
699287
699286
699285
699284
699283
699282
699281
699280
699279
699278
699277
699276
699275
699272
699271
699270
699269
699268
699267
699266
699262
699258
699257
699256
699255
699254
699253
699251
699250
699249
699248
699247
699246
699245
699244
699243
699242
699241
699240
699239
699238
699235
699234
699232
699231
699230
699229
699228
699219
699218
699216
699215
699214
699213
699212
699211
699210
699209
699208
699197
699198
699199
699200
699195
699192
699191
699188
699187
699186
699185
699184
699177
699175
699174
699169
699168
699167
699166
699165
699163
699162
699161
699160
