717598
717709
717600
717599
717799
717798
717803
717795
717789
717744
717809
717739
717698
717690
717657
717654
717801
717804
717787
717808
717793
717734
717785
717784
717736
717753
717796
717656
717653
717624
717752
717745
717655
717652
717788
717689
717623
717737
717807
717800
717791
717738
717735
717748
717746
717552
717566
717567
717568
717569
717570
717633
717712
717715
717719
717761
717762
717802
717837
717842
717843
717767
717768
717769
717770
717864
717863
717858
717862
717860
717859
717857
717855
717854
717853
717852
717851
717850
717849
717848
717847
717846
717845
717844
717861
717856
717841
717840
717839
717838
717836
717835
717834
717833
717832
717831
717830
717829
717828
717827
717826
717825
717824
717823
717822
717821
717820
717819
717818
717817
717816
717815
717814
717813
717812
717811
717810
717806
717805
717797
717794
717792
717790
717786
717782
717781
717780
717779
717778
717777
717776
717775
717774
717773
717772
717771
717766
717765
717764
717763
717760
717759
717758
717757
717756
717754
717749
717750
717747
717743
717742
717741
717733
717732
717731
717730
717729
717728
717727
717726
717725
717724
717723
717722
717717
717716
717713
717710
717708
717707
717706
717705
717704
717703
717702
717701
717700
717699
717697
717696
717695
717694
717693
717692
717691
717688
717687
717685
717684
717682
717681
717680
717679
717678
717677
717676
717675
717674
717673
717672
717669
717668
717667
717666
717665
717664
717663
717662
717661
717660
717659
717658
717651
717650
717648
717647
717646
717645
717644
717643
717642
717641
717640
717639
717638
717637
717636
717635
717634
717632
717631
717630
717629
717628
717627
717626
717625
717622
717621
717620
717619
717618
717617
717616
717615
717614
717613
717612
717611
717610
717609
717608
717607
717605
717604
717603
717602
717601
717597
717596
717595
717594
717593
717592
717591
717590
717589
717588
717587
717586
717585
717583
717582
717581
717580
717579
717578
717577
717576
717575
717574
717573
717572
717571
717565
717564
717563
717562
717561
717560
717559
717558
717557
717555
717554
717553
717551
717550
717549
717548
717547
717546
717545
717544
717543
717542
717541
717539
717538
717537
717536
717535
717534
717533
717532
717531
717530
717529
717528
717527
717526
717525
717524
717523
717522
717521
717520
717519
717518
717517
717516
717515
717514
717513
717512
717484
717489
717491
717492
717511
717510
717509
717508
717507
717505
717504
717503
717502
717501
717500
717498
717497
717496
717495
717494
717493
717490
717488
717487
717486
717485
717472
717483
717482
717481
717480
717479
717478
717477
717476
717475
717474
717473
717471
717470
717469
717468
717467
717466
