714316
714317
714318
714319
714320
714321
714322
714323
714324
714325
714326
714327
714328
714329
714330
714331
714332
714334
714337
714346
714345
714344
714608
714423
714393
714389
714380
714388
714374
714424
714379
714391
714390
714378
714373
714422
714358
714363
714362
714359
714357
714355
714377
714342
714341
714572
714591
714395
714477
714478
714516
714588
714601
714623
714571
714570
714569
714568
714564
714563
714562
714561
714566
714565
714560
714559
714567
714624
714622
714621
714620
714619
714557
714556
714555
714554
714553
714552
714618
714617
714616
714615
714614
714612
714611
714610
714577
714609
714607
714606
714605
714604
714603
714602
714600
714599
714598
714597
714590
714596
714595
714594
714593
714592
714589
714574
714587
714586
714585
714584
714583
714582
714581
714580
714579
714578
714576
714575
714546
714551
714550
714549
714547
714545
714544
714541
714540
714539
714538
714536
714543
714542
714573
714558
714548
714537
714535
714534
714533
714532
714531
714530
714529
714528
714527
714526
714525
714524
714523
714522
714521
714520
714519
714518
714517
714515
714514
714513
714512
714511
714510
714509
714508
714507
714506
714505
714504
714503
714502
714501
714500
714499
714498
714497
714496
714495
714494
714493
714492
714491
714489
714488
714487
714486
714485
714484
714482
714481
714480
714479
714416
714476
714475
714474
714473
714472
714471
714470
714469
714468
714467
714466
714465
714464
714459
714460
714463
714462
714461
714457
714458
714456
714455
714454
714453
714452
714451
714450
714449
714448
714447
714446
714445
714444
714412
714443
714440
714439
714409
714407
714406
714438
714437
714436
714435
714434
714433
714432
714431
714430
714429
714428
714427
714426
714425
714421
714420
714419
714418
714408
714417
714415
714414
714413
714411
714410
714405
714404
714403
714402
714401
714400
714399
714398
714397
714396
714394
714392
714387
714385
714384
714383
714382
714376
714375
714372
714371
714370
714369
714368
714367
714366
714364
714361
714356
714354
714353
714352
714351
714350
714349
714348
714347
714343
714340
714339
714338
714335
