721566
721620
721583
721579
721578
721617
721616
721485
721533
721547
721554
721598
721599
721638
721671
721691
721692
721740
721846
721915
721918
721622
721451
721452
721453
721454
721455
721456
721457
721458
721459
721460
721461
722008
722007
722006
722005
722004
722003
722002
722001
722000
721999
721998
721997
721996
721995
721994
721993
721992
721991
721990
721989
721988
721987
721986
721985
721984
721983
721982
721981
721980
721979
721978
721977
721976
721975
721974
721973
721972
721971
721970
721969
721968
721966
721965
721961
721960
721959
721958
721957
721956
721955
721954
721953
721952
721950
721949
721948
721947
721946
721945
721944
721943
721942
721941
721940
721939
721938
721937
721936
721935
721934
721933
721932
721931
721930
721929
721928
721927
721926
721925
721924
721923
721922
721921
721920
721919
721917
721916
721914
721913
721912
721911
721910
721909
721908
721623
721907
721906
721905
721904
721903
721902
721901
721900
721899
721898
721897
721896
721895
721894
721893
721892
721891
721890
721889
721888
721887
721886
721885
721884
721883
721882
721881
721880
721879
721878
721877
721876
721875
721874
721873
721872
721871
721870
721869
721868
721867
721866
721865
721864
721863
721862
721861
721860
721859
721858
721790
721791
722009
721951
721857
721855
721853
721851
721850
721849
721848
721845
721844
721842
721841
721840
721815
721816
721829
721830
721832
721834
721835
721836
721837
721839
721838
721831
721828
721827
721826
721825
721824
721822
721820
721819
721818
721817
721814
721813
721812
721811
721810
721809
721808
721807
721806
721805
721804
721803
721802
721801
721800
721799
721798
721797
721796
721795
721794
721792
721789
721788
721787
721786
721785
721784
721783
721782
721781
721780
721778
721777
721776
721775
721774
721773
721772
721771
721770
721769
721768
721767
721766
721765
721764
721763
721762
721761
721760
721759
721758
721757
721755
721754
721753
721752
721750
721749
721748
721747
721746
721745
721744
721743
721741
721742
721693
721739
721738
721681
721703
721737
721736
721735
721734
721733
721732
721731
721730
721729
721727
721726
721725
721724
721723
721722
721721
721720
721719
721718
721717
721716
721715
721714
721713
721712
721711
721710
721709
721708
721707
721706
721705
721704
721701
721700
721699
721698
721697
721696
721695
721694
721690
721689
721688
721687
721685
721478
721684
721683
721682
721680
721679
721678
721677
721676
721675
721674
721673
721672
721670
721669
721668
721667
721666
721665
721664
721663
721662
721661
721660
721659
721658
721657
721656
721655
721654
721653
721652
721650
721649
721648
721647
721646
721645
721644
721643
721642
721641
721640
721639
721637
721636
721635
721634
721633
721632
721631
721630
721629
721628
721627
721626
721625
721619
721618
721615
721614
721613
721612
721611
721608
721607
721606
721605
721604
721603
721602
721601
721600
721597
721596
721595
721594
721593
721592
721591
721590
721589
721588
721587
721586
721585
721584
721582
721581
721580
721577
721576
721575
721574
721573
721572
721571
721570
721569
721568
721567
721565
721564
721563
721562
721561
721560
721558
721557
721556
721555
721553
721552
721551
721550
721549
721548
721546
721545
721544
721543
721542
721541
721540
721539
721538
721537
721536
721535
721534
721532
721531
721530
721529
721528
721527
721526
721525
721524
721523
721522
721521
721520
721519
721518
721517
721516
721515
721514
721513
721512
721511
721510
721509
721508
721507
721506
721505
721504
721503
721502
721501
721500
721499
721498
721496
721495
721494
721493
721492
721491
721490
721489
721488
721487
721486
721484
721483
721482
721481
721480
721476
721473
721472
721471
721470
721468
721467
721466
721465
721464
721463
721462
721450
721449
721448
