702120
702023
702022
702162
702119
702050
702049
702014
702115
702015
702161
702117
702027
702018
702052
702113
702021
702094
702045
702121
702020
702016
702012
702054
702019
701892
701897
701896
701898
701895
701894
701893
701891
701890
701889
701887
701888
701886
701885
701884
701883
702013
702160
702055
702095
702017
701904
701909
702114
701980
701878
701880
701879
701877
702157
702151
702149
702153
702152
701918
701922
701923
701925
701927
701930
701932
701921
701936
701938
701941
701943
701950
701951
701942
701944
701929
701919
701924
701948
701947
701952
701953
701966
701939
701945
701949
701935
701920
701926
701928
702158
702155
701915
701955
701958
701965
701970
702003
702044
702051
702065
702096
702097
702110
702111
702137
702146
702159
701946
701940
701933
701937
701934
701931
702170
702169
702168
702167
702166
702165
702164
702141
702140
702163
702145
702144
702143
702156
702154
702147
702139
702138
702136
702142
702135
702134
702133
702132
702131
702130
702128
702127
702126
702125
702124
702123
702122
702118
702116
702112
702109
702108
702106
702105
702104
702103
702102
702101
702100
702098
702093
702092
702091
702088
702087
702086
702085
702084
702083
702082
702081
702080
702079
702078
702077
702076
702075
702074
702073
702072
702071
702070
702069
702068
702067
702066
702064
702063
702062
702061
702060
702059
702058
702057
702056
702053
702047
702046
702043
702042
702041
702040
702039
702038
702037
702036
702035
702034
702033
702032
702031
702030
702029
702028
702026
702025
702024
702011
702010
702009
702008
702007
702006
702005
702002
702001
702000
701999
701998
701996
701995
701994
701993
701992
701989
701988
701987
701986
701985
701984
701983
701981
701979
701978
701977
701976
701975
701974
701973
701972
701971
701969
701968
701967
701963
701962
701961
701960
701959
701957
701956
701954
701917
701916
701914
701913
701912
701911
701910
701908
701907
701906
701905
701903
701902
701901
701900
701899
701882
701881
701876
701875
701874
701873
701872
701871
701870
701869
701868
701867
701866
701865
701864
701863
701862
701861
701860
701859
701858
701857
701856
701855
701854
