718146
718179
718175
718159
718165
718163
718162
718149
718176
718172
718156
718145
718144
718143
718142
718123
718122
718174
718126
718112
718101
718166
718157
718150
718098
718050
718046
718038
718121
718100
718108
718092
718125
717888
717889
717890
717891
717892
717893
717894
718160
718169
718049
718045
718178
718147
718161
718120
718099
718039
718028
718013
718041
718110
718037
718030
718024
718093
718052
718044
718042
718027
718012
718008
718005
718004
717986
717962
717954
717948
717947
717943
717935
717933
717988
717873
717879
717882
717878
717877
717876
717875
717874
718022
718029
717963
717958
718164
718148
718040
718007
717955
717936
717989
717944
718094
717961
717945
717957
717953
718032
717902
717901
718026
718011
717934
718109
718048
718036
718025
718023
718006
718003
717987
717959
717956
717942
717946
718232
718231
718230
718228
717898
717900
717922
718019
718140
718206
718218
717978
717979
717981
717983
718235
718234
718244
718243
718242
718241
718240
718239
718238
718237
718236
718233
718229
718227
718226
718225
718224
718223
718222
718221
718220
718219
718217
718216
718215
718214
718213
718212
718211
718210
718209
718208
718207
718205
718204
718203
718202
718201
718199
718198
718197
718195
718194
718193
718192
718191
718190
718189
718188
718187
718186
718185
718184
718183
718182
718181
718180
718177
718173
718171
718170
718168
718167
718158
718155
718154
718153
718152
718151
718141
718139
718138
718137
718136
718135
718134
718133
718132
718131
718130
718129
718128
718127
718124
718119
718118
718117
718115
718114
718113
718111
718107
718105
718104
718103
718102
718097
718096
718095
718091
718090
718089
718088
718087
718086
718085
718084
718083
718082
718078
718077
718076
718075
718074
718073
718072
718071
718069
718068
718067
717980
717887
717886
717871
717867
718066
718065
718064
718063
718062
718061
718060
718059
718058
718057
718056
718055
718054
718053
718051
718047
718043
718035
718034
718033
718031
718021
718020
718018
718017
718016
718015
718014
718010
718009
718002
718001
718000
717999
717998
717997
717996
717995
717994
717985
717984
717982
717977
717976
717975
717974
717973
717972
717971
717970
717969
717967
717966
717965
717964
717960
717952
717951
717950
717949
717941
717940
717939
717938
717937
717932
717931
717930
717929
717928
717927
717926
717925
717924
717923
717921
717920
717918
717917
717916
717915
717914
717913
717912
717911
717910
717909
717908
717907
717906
717905
717904
717903
717899
717897
717896
717895
717885
717884
717883
717881
717880
717870
717869
717866
