722096
722051
722048
722047
722046
722011
722012
722850
722699
722847
722849
722382
722380
722381
722377
722697
722848
722379
722378
722819
722818
722817
722816
722815
722814
722813
722812
722811
722810
722809
722808
722807
722806
722805
722804
722803
722802
722801
722800
722799
722798
722797
722794
722796
722795
722793
722792
722791
722790
722789
722788
722787
722786
722785
722784
722783
722782
722781
722780
722779
722778
722777
722283
722280
722776
722775
722774
722773
722772
722771
722770
722769
722768
722767
722766
722765
722764
722763
722762
722761
722760
722759
722758
722757
722756
722755
722728
722727
722725
722724
722723
722722
722721
722720
722719
722718
722717
722716
722715
722714
722713
722712
722711
722710
722709
722708
722707
722705
722704
722703
722702
722701
722700
722698
722696
722695
722694
722693
722087
722684
722682
722681
722680
722678
722677
722676
722675
722674
722673
722671
722670
722667
722666
722663
722662
722661
722658
722660
722657
722656
722653
722652
722651
722650
722644
722643
722642
722641
722639
722637
722635
722634
722633
722632
722631
722629
722625
722622
722621
722620
722618
722617
722616
722613
722609
722602
722601
722600
722085
722316
722376
722598
722623
722624
722627
722628
722706
722597
722596
722595
722594
722593
722592
722591
722590
722589
722588
722587
722586
722585
722584
722583
722582
722581
722580
722579
722578
722576
722575
722573
722572
722570
722567
722566
722563
722562
722560
722558
722555
722553
722551
722550
722549
722548
722547
722546
722543
722542
722541
722540
722539
722538
722537
722536
722535
722534
722532
722531
722529
722528
722527
722526
722524
722523
722522
722520
722510
722509
722508
722502
722501
722500
722499
722497
722496
722494
722493
722492
722491
722490
722489
722488
722487
722486
722484
722483
722482
722481
722480
722479
722478
722477
722476
722475
722276
722275
722274
722272
722268
722267
722266
722265
722263
722262
722260
722259
722258
722257
722256
722255
722254
722253
722252
722250
722249
722247
722246
722245
722244
722243
722242
722241
722240
722239
722238
722237
722236
722235
722234
722233
722232
722231
722230
722229
722228
722227
722226
722225
722224
722223
722222
722221
722220
722219
722218
722217
722216
722215
722214
722213
722212
722210
722209
722208
722206
722205
722203
722202
722201
722200
722199
722198
722197
722194
722196
722193
722192
722191
722190
722189
722188
722187
722186
722185
722184
722183
722182
722181
722180
722179
722178
722177
722176
722175
722174
722173
722172
722171
722170
722169
722168
722167
722166
722165
722164
722163
722162
722277
722161
722160
722159
722158
722157
722156
722155
722154
722153
722152
722151
722150
722149
722148
722147
722146
722145
722144
722143
722142
722141
722140
722139
722138
722137
722136
722135
722134
722133
722132
722131
722130
722129
722128
722127
722126
722125
722124
722123
722122
722121
722120
722119
722059
722060
722036
722035
722034
722033
722031
722030
722029
722028
722027
722026
722025
722024
722023
722022
722021
722020
722019
722018
722017
722016
722015
722014
722010
722864
722863
722862
722861
722860
722859
722858
722857
722856
722855
722854
722853
722852
722851
722846
722845
722844
722843
722839
722838
722837
722836
722835
722834
722833
722832
722831
722829
722828
722827
722826
722825
722824
722823
722822
722821
722820
722754
722753
722752
722751
722750
722749
722748
722747
722746
722745
722744
722743
722742
722741
722740
722739
722738
722737
722736
722734
722733
722732
722731
722730
722729
722726
722692
722691
722690
722689
722688
722687
722686
722685
722679
722672
722669
722668
722665
722664
722659
722655
722654
722649
722648
722647
722645
722640
722638
722636
722630
722626
722619
722615
722614
722612
722611
722610
722607
722606
722605
722604
722577
722574
722569
722568
722564
722561
722559
722557
722556
722554
722552
722545
722544
722533
722530
722525
722521
722519
722518
722517
722516
722515
722514
722512
722511
722507
722506
722505
722504
722498
722495
722485
722474
722473
722472
722471
722470
722469
722468
722467
722465
722464
722463
722462
722461
722460
722459
722458
722457
722456
722455
722454
722453
722451
722450
722449
722448
722447
722446
722445
722444
722443
722442
722441
722440
722439
722438
722437
722436
722435
722434
722433
722432
722431
722430
722429
722428
722427
722426
722425
722424
722423
722422
722421
722419
722418
722416
722415
722414
722413
722412
722411
722410
722409
722408
722407
722406
722405
722404
722403
722402
722401
722400
722399
722398
722397
722396
722395
722394
722393
722392
722391
722390
722389
722388
722387
722386
722385
722384
722383
722375
722374
722373
722372
722371
722370
722369
722368
722367
722366
722365
722364
722363
722362
722361
722360
722359
722357
722356
722355
722354
722353
722352
722351
722350
722349
722348
722346
722345
722344
722343
722342
722341
722340
722339
722338
722337
722336
722335
722334
722333
722332
722331
722330
722329
722328
722327
722326
722325
722324
722323
722322
722321
722319
722318
722317
722315
722314
722313
722310
722309
722307
722306
722305
722304
722303
722302
722301
722300
722299
722298
722297
722296
722295
722294
722293
722292
722291
722290
722289
722288
722287
722286
722285
722284
722282
722281
722279
722278
722264
722261
722251
722248
722211
722207
722204
722195
722118
722117
722116
722115
722114
722113
722112
722111
722110
722109
722108
722107
722106
722105
722104
722103
722102
722100
722099
722098
722097
722095
722094
722093
722092
722091
722090
722088
722086
722084
722083
722082
722081
722075
722077
722076
722079
722080
722078
722074
722073
722072
722071
722070
722069
722068
722067
722066
722065
722063
722062
722061
722058
722057
722056
722055
722054
722053
722052
722050
722049
722045
722044
722043
722042
722041
722039
722037
722032
722013
