704176
704177
704178
704179
704183
704236
704356
704205
704316
704354
704348
704350
704353
704347
704306
704304
704358
704349
704374
704369
704230
704234
704245
704265
704275
704315
704320
704385
704387
704394
704379
704362
704375
704382
704373
704372
704371
704381
704380
704427
704426
704425
704424
704423
704422
704421
704420
704419
704418
704417
704416
704415
704370
704414
704413
704412
704411
704410
704399
704408
704407
704406
704405
704404
704403
704402
704401
704398
704397
704396
704395
704393
704392
704391
704390
704389
704388
704386
704384
704383
704378
704377
704376
704368
704367
704366
704365
704364
704363
704361
704360
704359
704357
704355
704352
704351
704346
704344
704343
704342
704341
704340
704339
704338
704337
704336
704335
704334
704333
704332
704330
704329
704328
704327
704326
704325
704324
704323
704322
704321
704319
704318
704317
704314
704313
704312
704311
704310
704309
704308
704307
704305
704303
704302
704301
704300
704299
704295
704294
704292
704291
704290
704289
704288
704287
704286
704285
704284
704283
704282
704281
704279
704278
704277
704276
704273
704272
704271
704270
704268
704266
704264
704263
704262
704261
704260
704259
704258
704257
704256
704255
704254
704253
704252
704251
704250
704249
704248
704247
704196
704197
704198
704199
704200
704201
704202
704203
704204
704206
704207
704208
704209
704210
704211
704214
704215
704216
704231
704232
704235
704237
704242
704243
704244
704246
704241
704240
704239
704238
704233
704229
704228
704227
704226
704225
704224
704221
704220
704219
704218
704217
704213
704212
704195
704194
704193
704192
704191
704190
704189
704188
704187
704172
704175
704184
704182
704181
704174
704173
704171
704169
704168
704167
704166
704165
704164
704163
704162
704161
704160
704158
704157
704156
704155
