720991
720976
720962
720757
720744
720963
720990
720741
720752
720755
720975
720989
720950
720949
720948
720944
720942
720939
720938
720936
720934
720933
720756
720753
720750
720964
720935
720947
720941
720937
720845
720828
720827
720631
720798
720872
720873
720885
720889
720891
720901
720951
720959
720983
721015
721019
721031
720652
720653
720655
720654
720649
720651
720648
720824
720823
720679
721044
721043
721042
721041
721040
721039
721038
721037
721036
721035
721034
721033
721030
721029
721028
721027
721026
721025
721024
721023
721022
721021
721020
721018
721017
721014
721013
721012
721011
721010
721009
721008
721007
721006
721005
721004
721003
721002
721001
721000
720999
720996
720994
720993
720992
720988
720987
720986
720985
720984
720981
720980
720922
720979
720978
720977
720974
720973
720972
720971
720970
720969
720968
720967
720966
720965
720961
720960
720958
720957
720956
720955
720954
720953
720952
720946
720945
720943
720825
720826
720829
720940
720932
720931
720930
720929
720897
720928
720927
720926
720925
720899
720924
720923
720920
720919
720918
720917
720916
720915
720914
720913
720912
720911
720910
720908
720907
720906
720905
720904
720903
720902
720898
720896
720895
720893
720892
720890
720888
720887
720886
720882
720881
720880
720879
720878
720877
720876
720875
720874
720871
720870
720869
720868
720867
720866
720865
720864
720862
720861
720860
720859
720858
720857
720856
720855
720854
720853
720852
720851
720850
720849
720848
720847
720846
720657
720658
720656
720844
720843
720842
720841
720840
720839
720838
720837
720836
720835
720834
720833
720832
720831
720830
720822
720821
720820
720819
720817
720816
720815
720814
720813
720812
720811
720810
720809
720808
720807
720806
720805
720804
720803
720802
720801
720800
720799
720797
720796
720795
720794
720793
720792
720791
720790
720789
720788
720787
720786
720785
720784
720783
720782
720781
720780
720779
720778
720777
720776
720775
720774
720773
720772
720771
720770
720769
720768
720767
720766
720765
720764
720763
720762
720761
720760
720759
720758
720754
720751
720749
720748
720747
720746
720745
720743
720742
720740
720739
720738
720737
720736
720735
720734
720733
720732
720731
720730
720729
720728
720727
720726
720725
720724
720723
720722
720721
720720
720719
720718
720717
720716
720715
720714
720713
720712
720711
720710
720709
720708
720707
720706
720705
720704
720703
720702
720701
720700
720699
720698
720697
720696
720695
720694
720693
720692
720691
720690
720689
720688
720687
720686
720685
720683
720682
720684
720681
720680
720678
720677
720676
720675
720674
720673
720672
720671
720670
720669
720668
720667
720666
720665
720664
720663
720662
720661
720660
720659
720650
720643
720642
720641
720637
720640
720639
720638
720636
720635
720634
720633
720632
720630
720629
720628
720627
720626
