709132
709134
709139
709022
709032
709033
709036
709039
709041
709081
709095
709130
709131
709147
709148
709149
709150
709151
708791
709076
709003
708974
708922
708918
708920
709077
708875
709004
708923
708921
708919
708830
709062
709059
709051
709053
709055
709054
708948
708943
708942
708941
708947
708940
709049
709052
709213
709212
709211
709210
709209
709208
709207
709206
709205
709204
709202
709201
709200
709199
709198
709181
709197
709196
709195
709194
709193
709182
709192
709191
709180
709171
709170
709169
709183
709184
709190
709189
709188
709168
709167
709185
709186
709187
709179
709178
709177
709176
709175
709174
709172
709166
709173
709165
709164
709163
709162
709161
709160
709159
709158
709157
709156
709155
709154
709153
709152
709146
709145
709144
709143
709142
709141
709140
709138
709137
709136
709135
709133
709129
709128
709127
709126
709125
709124
709123
709122
709121
709120
709119
709118
709113
709112
709110
709109
709106
709104
709103
709102
709101
709100
709099
709098
709097
709096
709094
709093
709092
709091
709090
709089
709088
709087
709086
709083
709082
709080
709079
709078
709075
709074
709073
709072
709071
709070
709069
709068
709067
709066
709065
709064
709061
709056
709057
709048
709047
709046
709045
709044
709042
709040
709037
709035
709034
709031
709030
709029
709028
709027
709024
709023
709021
709020
709019
709018
709017
709016
709015
709014
709013
709012
709011
709010
709008
709007
709006
708787
708855
708959
709005
709002
709001
709000
708999
708998
708997
708996
708995
708992
708991
708990
708993
708989
708988
708987
708986
708985
708984
708981
708980
708979
708978
708977
708976
708975
708973
708972
708971
708970
708969
708968
708966
708965
708964
708963
708962
708961
708960
708958
708931
708930
708957
708956
708954
708953
708952
708951
708950
708949
708946
708945
708944
708939
708938
708937
708936
708934
708929
708928
708933
708932
708927
708926
708925
708917
708916
708915
708914
708912
708911
708910
708909
708908
708907
708906
708905
708904
708903
708902
708901
708900
708899
708898
708897
708895
708894
708893
708892
708891
708890
708889
708888
708887
708886
708885
708884
708883
708882
708881
708880
708879
708878
708877
708876
708873
708872
708871
708870
708869
708868
708867
708866
708865
708864
708863
708862
708861
708860
708859
708858
708857
708856
708854
708853
708852
708851
708850
708849
708847
708846
708845
708844
708841
708840
708838
708837
708836
708835
708834
708833
708831
708829
708828
708827
708826
708825
708824
708823
708822
708821
708820
708819
708818
708817
708816
708815
708814
708813
708812
708811
708810
708809
708808
708807
708806
708805
708802
708800
708799
708798
708797
708796
708795
708794
708793
708792
708788
708786
708785
708783
708782
708781
708780
708779
708778
708777
708776
708775
708774
708772
708771
708770
708769
