693896
693895
693894
693893
693890
693889
693888
693887
693898
693897
693892
693891
693700
693685
693677
693663
693662
693669
693661
693670
693656
693699
693688
693658
693690
693695
693676
693674
693666
693689
693657
693668
693713
693660
693706
693687
693667
693748
693750
693742
693686
693672
693671
693665
693723
693722
693715
693746
693741
693743
693751
693736
693747
693744
693634
693585
693584
693739
693609
693740
693738
693592
693627
693886
693885
693884
693883
693568
693625
693573
693719
693717
693716
693714
693712
693711
693710
693709
693708
693707
693705
693704
693703
693702
693701
693698
693697
693696
693694
693718
693693
693684
693683
693724
693681
693680
693679
693678
693580
693727
693675
693673
693691
693659
693655
693579
693664
693570
693654
693653
693572
693571
693576
693586
693608
693637
693725
693726
693728
693766
693767
693853
693854
693905
693945
693954
693953
693952
693951
693950
693949
693948
693947
693946
693944
693943
693942
693941
693940
693939
693938
693937
693936
693935
693934
693933
693932
693931
693930
693929
693928
693927
693926
693925
693924
693923
693922
693921
693920
693919
693917
693916
693915
693914
693913
693912
693911
693910
693909
693908
693907
693906
693904
693903
693902
693901
693900
693899
693882
693881
693880
693879
693878
693877
693876
693875
693578
693575
693874
693873
693872
693871
693869
693868
693867
693865
693863
693862
693574
693861
693860
693859
693857
693855
693852
693851
693850
693849
693848
693847
693846
693845
693844
693834
693843
693842
693841
693839
693837
693836
693835
693832
693831
693829
693828
693827
693826
693824
693822
693821
693820
693819
693818
693817
693816
693815
693814
693813
693812
693810
693809
693808
693807
693806
693805
693804
693803
693802
693801
693800
693798
693797
693796
693795
693794
693793
693792
693791
693790
693789
693788
693787
693786
693785
693784
693783
693782
693781
693780
693779
693778
693777
693776
693773
693772
693771
693770
693769
693768
693765
693764
693763
693762
693761
693760
693759
693758
693757
693756
693755
693754
693753
693752
693749
693737
693735
693734
693733
693732
693731
693730
693729
693721
693720
693682
693652
693651
693650
693649
693648
693647
693646
693645
693644
693643
693642
693641
693640
693639
693638
693636
693635
693633
693632
693631
693630
693629
693628
693626
693624
693623
693622
693621
693620
693619
693618
693617
693616
693615
693614
693613
693612
693611
693610
693604
693607
693606
693603
693605
693602
693601
693600
693599
693598
693597
693596
693595
693594
693593
693591
693590
693589
693588
693587
693583
693582
693581
693569
693567
693566
693565
693564
693563
693562
693561
693559
693558
693557
693556
693555
693554
693553
693551
693550
693549
693548
693547
693546
693545
693544
693543
693542
693541
693540
693539
693538
693537
693536
693535
693534
693532
693531
693530
693529
693528
693527
693525
693524
693523
693522
693521
693520
693519
693514
693508
693507
693503
693502
693501
693500
693499
693498
693497
693496
693495
693494
693493
693492
693491
693490
693489
693488
693486
693485
693484
693483
693482
693481
693480
693479
693478
693477
693476
693475
