711952
711955
711962
711953
711954
711960
711957
711961
711959
711958
711951
712123
712116
712111
711998
711928
712121
711926
712118
712114
711929
711964
711923
712113
712115
711888
711891
711921
712120
711966
712119
711930
711965
711922
711884
712047
712036
712045
712033
712030
712029
712022
712037
711924
712133
711997
711996
711837
711937
712032
712023
712021
712031
712034
712046
712139
712138
712137
712136
712135
712134
712132
712131
712130
712128
712127
712126
712125
712124
711992
711991
711988
712117
712110
712109
712108
712107
712105
712104
712103
712102
712101
712100
712099
712097
712096
712095
712094
712093
712092
712091
712090
712089
712088
712087
712086
712084
712083
712082
712081
712080
712079
712078
712077
712076
712075
712074
712073
712072
712071
712070
712069
712068
712067
712066
712065
712063
712062
712061
712060
712059
712058
712057
712056
712055
712054
712053
712052
712051
712049
712048
712044
712043
712042
712041
712040
712039
712038
712035
712028
712027
712026
712025
712024
712020
712018
712017
712016
712015
712013
712012
712011
712010
712009
712008
711990
711993
711989
711987
712006
712005
712004
712003
712002
712001
712000
711999
711995
711994
711986
711985
711984
711983
711982
711981
711980
711979
711978
711977
711976
711975
711974
711973
711972
711971
711970
711969
711967
711963
711956
711950
711949
711948
711947
711946
711945
711944
711943
711942
711941
711940
711939
711938
711936
711935
711934
711933
711932
711931
711927
711925
711920
711919
711918
711917
711916
711915
711914
711913
711912
711911
711910
711909
711908
711907
711906
711904
711903
711902
711901
711900
711898
711897
711896
711895
711894
711893
711892
711890
711889
711887
711886
711885
711883
711882
711881
711880
711879
711878
711877
711876
711875
711874
711873
711872
711871
711869
711867
711866
711865
711864
711862
711861
711860
711859
711858
711857
711856
711855
711854
711853
711852
711851
711850
711849
711848
711847
711846
711845
711844
711843
711842
711841
711840
711839
711838
711836
711835
711834
