709335
709343
709340
709218
709228
709231
709239
709334
709357
709374
709405
709443
709512
709533
709534
709541
709545
709539
709536
709544
709532
709538
709352
709350
709542
709349
709311
709309
709304
709300
709294
709540
709347
709306
709305
709302
709291
709537
709535
709356
709351
709301
709353
709348
709271
709310
709308
709307
709298
709288
709487
709477
709493
709499
709498
709474
709321
709494
709488
709496
709480
709484
709486
709491
709475
709473
709497
709482
709470
709410
709393
709485
709489
709490
709460
709391
709389
709464
709463
709479
709409
709465
709413
709411
709472
709471
709408
709392
709388
709461
709469
709394
709569
709568
709566
709565
709564
709563
709562
709561
709560
709559
709558
709557
709556
709555
709553
709552
709551
709550
709548
709543
709531
709526
709525
709524
709523
709522
709521
709520
709519
709518
709517
709516
709515
709514
709513
709511
709510
709509
709508
709506
709505
709504
709503
709502
709501
709500
709495
709483
709478
709476
709468
709467
709466
709462
709459
709458
709457
709456
709455
709454
709453
709452
709451
709450
709449
709448
709447
709446
709445
709444
709442
709441
709440
709439
709437
709436
709435
709434
709433
709432
709431
709430
709429
709427
709426
709425
709424
709423
709422
709421
709420
709419
709418
709417
709416
709415
709414
709412
709407
709406
709404
709403
709402
709401
709400
709399
709398
709397
709396
709395
709390
709387
709381
709383
709382
709386
709385
709380
709379
709378
709377
709376
709375
709373
709372
709371
709370
709369
709368
709367
709366
709365
709364
709363
709362
709361
709360
709359
709358
709355
709354
709346
709345
709344
709342
709341
709336
709337
709338
709339
709333
709332
709331
709330
709329
709328
709327
709326
709325
709323
709322
709320
709319
709318
709317
709316
709315
709314
709313
709312
709303
709299
709297
709295
709293
709292
709290
709289
709286
709285
709284
709283
709281
709280
709279
709278
709277
709276
709275
709274
709273
709272
709270
709269
709268
709267
709266
709265
709264
709263
709262
709261
709259
709258
709257
709256
709255
709254
709253
709252
709251
709250
709249
709248
709247
709246
709245
709244
709243
709242
709241
709240
709238
709237
709236
709235
709234
709232
709230
709229
709227
709226
709225
709224
709223
709222
709221
709220
709219
709217
709216
709215
709214
