697589
697593
697591
697496
697500
697337
697339
697335
697340
697499
697495
697333
697334
697338
697416
697417
697400
697357
697387
697380
697425
697419
697643
697638
697632
697631
697629
697628
697627
697624
697623
697622
697621
697620
697619
697645
697650
697479
697478
697477
697463
697462
697461
697366
697647
697378
697360
697648
697422
697424
697401
697644
697302
697448
697497
697547
697561
697588
697590
697595
697376
697363
697388
697381
697426
697389
697418
697421
697365
697383
697369
697356
697353
697687
697686
697685
697684
697683
697682
697681
697680
697679
697678
697677
697676
697675
697674
697673
697672
697671
697670
697669
697668
697667
697665
697664
697663
697598
697599
697600
697601
697597
697596
697651
697415
697662
697661
697660
697659
697658
697656
697655
697402
697404
697403
697386
697352
697368
697652
697649
697642
697641
697640
697639
697637
697636
697635
697634
697633
697630
697626
697625
697618
697617
697616
697615
697614
697382
697613
697612
697611
697610
697609
697608
697377
697375
697607
697606
697605
697604
697603
697602
697351
697594
697592
697587
697364
697586
697585
697584
697583
697582
697581
697580
697579
697578
697577
697575
697574
697573
697572
697571
697565
697566
697568
697570
697569
697564
697563
697562
697560
697559
697558
697557
697556
697554
697553
697550
697549
697548
697546
697545
697544
697543
697542
697541
697540
697539
697538
697537
697536
697535
697534
697533
697532
697531
697530
697529
697528
697527
697525
697523
697522
697521
697520
697519
697518
697517
697516
697515
697514
697513
697512
697511
697510
697509
697508
697507
697506
697505
697504
697503
697502
697501
697498
697354
697494
697492
697491
697489
697488
697487
697485
697484
697483
697482
697481
697480
697476
697475
697474
697473
697472
697471
697470
697469
697468
697467
697466
697465
697464
697460
697459
697458
697457
697456
697455
697454
697453
697452
697451
697450
697449
697447
697446
697445
697444
697442
697441
697440
697439
697438
697437
697436
697435
697434
697433
697432
697431
697430
697429
697428
697427
697423
697379
697420
697414
697413
697412
697411
697410
697409
697408
697407
697406
697405
697399
697398
697397
697396
697395
697394
697393
697392
697391
697390
697385
697384
697362
697358
697374
697373
697372
697350
697371
697370
697367
697361
697359
697355
697349
697348
697347
697346
697345
697343
697342
697341
697332
697331
697330
697329
697328
697327
697326
697325
697324
697323
697322
697321
697320
697319
697318
697317
697316
697315
697314
697312
697310
697309
697306
697305
697301
697300
697299
697298
697297
697296
697295
697294
697293
697292
697291
697290
697289
697288
697287
697286
697285
