718285
718287
718536
718533
718508
718506
718504
718502
718356
718507
718347
718346
718505
718503
718357
718251
718252
718289
718312
718322
718351
718490
718510
718397
718395
718394
718393
718600
718599
718598
718597
718596
718593
718592
718591
718590
718589
718588
718587
718586
718585
718584
718583
718582
718581
718580
718579
718578
718577
718576
718575
718574
718573
718572
718571
718570
718569
718568
718567
718566
718565
718564
718563
718562
718561
718560
718559
718558
718557
718556
718555
718554
718553
718552
718551
718550
718549
718548
718547
718546
718545
718544
718543
718542
718541
718540
718539
718538
718537
718535
718534
718532
718531
718530
718529
718528
718527
718526
718516
718520
718522
718524
718523
718521
718519
718518
718517
718515
718514
718512
718511
718509
718501
718500
718499
718498
718497
718496
718495
718494
718493
718492
718491
718489
718488
718487
718486
718485
718484
718483
718482
718481
718480
718479
718478
718477
718476
718475
718474
718473
718472
718471
718470
718469
718468
718467
718466
718465
718464
718463
718462
718461
718460
718459
718458
718457
718456
718455
718454
718453
718451
718450
718449
718448
718447
718446
718445
718444
718443
718442
718441
718440
718439
718437
718435
718434
718433
718432
718431
718430
718429
718428
718427
718426
718425
718424
718423
718421
718420
718419
718418
718417
718416
718415
718414
718413
718412
718411
718410
718409
718408
718407
718406
718405
718404
718403
718402
718401
718400
718399
718398
718396
718392
718391
718390
718389
718380
718381
718388
718387
718386
718385
718384
718383
718382
718379
718378
718377
718376
718375
718374
718373
718372
718371
718370
718368
718367
718366
718365
718364
718363
718362
718361
718360
718359
718358
718355
718354
718353
718352
718350
718349
718348
718344
718343
718342
718341
718340
718339
718338
718337
718336
718335
718334
718333
718332
718331
718330
718329
718327
718326
718325
718323
718321
718320
718319
718318
718317
718316
718315
718314
718313
718311
718310
718309
718308
718307
718306
718304
718303
718302
718301
718300
718299
718298
718297
718296
718295
718294
718293
718292
718291
718290
718288
718286
718284
718283
718282
718281
718276
718275
718273
718272
718271
718270
718269
718268
718267
718266
718264
718262
718260
718259
718258
718257
718256
718255
718254
718253
718250
718249
718248
718246
718245
