717184
717183
717182
717181
717180
717179
717167
717157
717151
717104
717159
717161
717162
717153
717168
717160
717105
717158
717156
717154
717152
717185
717176
716989
717100
717099
717034
717133
716992
716964
717196
717197
717198
716974
717097
717096
717095
717204
717203
717202
717201
717200
717199
717195
717194
717110
717107
717193
717192
717191
717190
717189
717188
717187
717186
717178
717177
717175
717174
717173
717172
717170
717169
717166
717165
717164
717163
717155
717150
717149
717148
717147
717146
717145
717144
717143
717142
717141
717140
717139
717138
717137
717136
717135
717132
717131
717130
717129
717128
717126
717125
717124
717123
717122
717121
717120
717119
717117
717116
717114
717113
717112
717111
717109
717108
717106
717103
717101
717048
717098
717094
717093
717092
717091
717090
717088
717087
717086
717085
717084
717075
717082
717083
717080
717079
717078
717077
717076
717074
717073
717052
717070
717069
717068
717067
717066
717065
717049
717064
717063
717062
717061
717060
717059
717058
717057
717056
717055
717054
717053
717051
717050
717047
717046
717045
717044
717043
717042
717041
717040
717039
717038
717037
717036
717035
717033
717032
717031
717030
717029
717028
717027
717026
717025
717024
717023
717022
717020
717019
717018
717017
717016
717015
717014
717013
717012
717011
717010
717009
717008
717007
717006
717005
717004
717003
717002
717001
717000
716999
716998
716997
716996
716995
716994
716993
716991
716990
716988
716986
716985
716984
716983
716981
716980
716979
716978
716977
716976
716975
716973
716972
716971
716970
716969
716968
716967
716966
716965
716963
716962
