709822
709823
709824
709921
709920
709919
709916
709912
709918
709911
709910
709917
709909
709974
709973
709995
709993
709991
709994
709990
709975
709944
709986
709996
709992
709985
709988
709978
709976
709989
709987
710019
710018
710017
710016
710015
710014
710013
710012
710011
710010
710009
710008
710007
710006
710005
710004
710003
710002
710001
710000
709999
709998
709997
709984
709983
709969
709968
709982
709981
709980
709979
709977
709971
709972
709970
709967
709966
709965
709964
709963
709895
709896
709961
709960
709958
709957
709956
709955
709954
709953
709952
709950
709949
709948
709947
709946
709945
709943
709942
709941
709940
709939
709938
709937
709936
709935
709934
709933
709932
709931
709930
709929
709928
709927
709926
709925
709924
709923
709922
709897
709898
709915
709913
709908
709907
709906
709905
709904
709902
709901
709900
709899
709894
709893
709892
709891
709890
709889
709888
709887
709886
709885
709884
709883
709882
709881
709880
709879
709878
709877
709876
709875
709874
709873
709871
709872
709870
709868
709867
709866
709865
709864
709863
709862
709861
709860
709859
709858
709857
709856
709855
709854
709853
709852
709851
709850
709849
709848
709846
709845
709844
709843
709842
709841
709840
709839
709838
709837
709836
709835
709834
709833
709832
709831
709830
709826
709827
709828
709829
709825
709821
