701126
701128
700904
700928
700920
700927
700919
700930
700926
700921
700924
701164
701159
701145
700925
701056
701210
701207
701204
701157
701087
701089
700988
700990
700991
700995
701065
701163
701165
701188
701221
701156
701211
701206
700835
700836
700837
700838
701155
701153
701208
701152
701205
701209
701154
701151
701097
701090
701083
701081
701080
701079
701077
701075
701074
701073
701071
701069
701252
701251
701250
701249
701248
701247
701246
701245
701238
701244
701240
701231
701242
701233
701234
701239
701228
701229
701241
701243
701236
701235
701230
701227
701223
701224
701222
701237
701232
701226
701225
701220
701219
701218
701217
701216
701184
701183
701213
701212
701182
701181
701203
701202
701200
701199
701198
701196
701195
701193
701192
701191
701190
701189
701187
701186
701185
701180
701179
701178
701177
701176
701175
701174
701173
701172
701171
701170
701169
701168
701167
701166
701162
701161
701160
701158
701150
701149
701148
701147
701146
701144
701143
701142
701141
701140
701139
701138
701137
701134
701121
701122
701136
701135
701133
701132
701131
701130
701129
701127
701124
701123
701120
701117
701115
701114
701113
701112
701111
701110
701109
701119
701118
701116
701108
701107
701106
701105
701104
701103
701102
701101
701091
701100
701099
701098
701096
701095
701094
701092
701088
701086
701085
701084
701078
701076
701072
701068
701067
701066
701063
701060
701059
701058
701057
701055
701054
701052
701051
701049
701048
701047
701046
701045
701044
701043
701042
701040
701039
701038
701037
701036
701035
701034
701033
701032
701031
701030
701029
701026
701025
701024
701023
701022
701021
701020
701019
701018
701017
701016
701015
701014
701013
701012
701011
701009
701008
701007
701006
701005
701004
701003
701002
701001
701000
700999
700998
700997
700996
700994
700993
700992
700989
700987
700986
700985
700984
700982
700981
700980
700799
700878
700888
700958
700960
700966
700967
700968
700969
700972
700979
700978
700977
700976
700975
700974
700973
700971
700970
700965
700964
700963
700962
700961
700959
700957
700956
700955
700954
700953
700952
700951
700950
700949
700946
700945
700944
700943
700942
700941
700940
700939
700938
700937
700936
700935
700934
700932
700931
700929
700923
700922
700918
700917
700916
700915
700914
700913
700912
700911
700910
700909
700908
700907
700906
700905
700902
700901
700900
700897
700896
700895
700894
700893
700892
700891
700890
700889
700887
700886
700885
700884
700883
700882
700881
700880
700879
700877
700876
700875
700873
700872
700871
700870
700869
700868
700867
700866
700865
700864
700863
700862
700861
700860
700859
700858
700857
700856
700850
700853
700852
700851
700845
700848
700849
700847
700846
700844
700854
700843
700842
700841
700840
700839
700834
700831
700830
700828
700827
700825
700824
700823
700822
700821
700820
700819
700818
700817
700815
700813
700812
700811
700810
700809
700808
700807
700806
700805
700804
700803
700802
700801
700800
