716347
716344
716342
716334
716330
716329
716327
716338
716345
716343
716339
716328
716324
716336
716332
716322
716337
716295
716283
716293
716286
716335
716333
716253
716251
716291
716296
716287
716292
716202
716198
716289
716288
716285
716193
716252
716201
716195
716290
716282
716340
716331
716326
716284
716199
716194
716192
716197
716113
716114
716115
716116
716118
716120
716243
716264
716263
716117
716109
716108
716107
716106
716091
716110
716111
716370
716371
716373
716105
716104
716103
716102
716101
716206
716216
716205
716378
716377
716375
716374
716372
716218
716214
716369
716368
716365
716211
716208
716362
716361
716360
716359
716358
716357
716356
716355
716354
716352
716351
716350
716349
716348
716294
716215
716257
716212
716213
716217
716210
716325
716323
716321
716256
716209
716320
716319
716318
716317
716316
716315
716314
716313
716312
716311
716310
716309
716308
716307
716306
716305
716304
716303
716302
716301
716300
716299
716298
716297
716281
716278
716277
716276
716275
716272
716271
716270
716269
716268
716267
716266
716265
716262
716261
716260
716259
716258
716255
716254
716250
716247
716246
716245
716244
716242
716241
716240
716239
716238
716237
716236
716235
716234
716233
716232
716231
716230
716229
716228
716227
716226
716225
716224
716223
716222
716221
716220
716219
716207
716204
716203
716200
716196
716191
716190
716189
716188
716186
716185
716184
716183
716182
716181
716180
716179
716178
716177
716176
716175
716172
716171
716170
716169
716168
716167
716166
716165
716164
716163
716161
716160
716159
716158
716157
716156
716155
716154
716153
716152
716151
716150
716149
716148
716147
716146
716145
716144
716143
716142
716141
716140
716139
716138
716137
716136
716135
716134
716133
716132
716131
716130
716129
716128
716127
716126
716125
716124
716123
716122
716119
716112
716100
716099
716098
716097
716096
716095
716094
716093
716092
716090
716089
716088
