690555
690550
690548
690547
690546
690556
690838
690837
690588
690833
690826
690742
690745
690736
690564
690739
690735
690824
690727
690557
690711
690709
690737
690560
690583
690585
690609
690634
690722
690732
690743
690779
690800
690808
690811
690831
690909
690917
690931
690558
690856
690854
690851
690852
690855
690853
690849
690651
690666
690664
690938
690937
690936
690935
690934
690933
690932
690899
690915
690926
690930
690929
690928
690927
690922
690924
690925
690923
690921
690919
690913
690918
690916
690911
690912
690910
690908
690905
690906
690907
690904
690903
690902
690901
690900
690898
690896
690897
690893
690895
690894
690892
690891
690920
690914
690890
690889
690888
690887
690886
690652
690665
690885
690884
690883
690882
690881
690880
690879
690878
690877
690876
690875
690874
690873
690872
690871
690870
690869
690868
690867
690866
690865
690864
690863
690862
690861
690658
690653
690860
690859
690858
690857
690848
690847
690846
690845
690843
690842
690841
690840
690839
690836
690835
690834
690830
690829
690828
690827
690825
690823
690822
690821
690819
690818
690817
690816
690815
690814
690813
690812
690810
690809
690807
690806
690805
690804
690803
690802
690799
690798
690797
690796
690795
690794
690793
690792
690791
690790
690789
690788
690787
690786
690783
690782
690781
690780
690778
690777
690776
690775
690774
690773
690772
690771
690769
690768
690766
690765
690764
690763
690762
690761
690760
690759
690758
690757
690756
690755
690754
690753
690752
690670
690751
690750
690749
690747
690744
690741
690738
690734
690733
690729
690728
690726
690723
690721
690720
690719
690718
690717
690716
690715
690713
690712
690710
690708
690707
690706
690705
690704
690703
690702
690701
690700
690699
690698
690680
690679
690697
690696
690695
690694
690693
690692
690691
690690
690689
690687
690686
690685
690684
690683
690682
690681
690678
690677
690676
690675
690674
690673
690672
690671
690668
690667
690663
690661
690660
690659
690657
690656
690655
690654
690650
690649
690648
690647
690646
690645
690644
690643
690642
690641
690640
690639
690638
690636
690635
690633
690632
690631
690630
690629
690628
690625
690624
690623
690622
690620
690619
690618
690617
690616
690614
690613
690612
690610
690608
690607
690606
690604
690603
690601
690597
690598
690599
690596
690595
690594
690593
690590
690589
690587
690586
690584
690582
690581
690580
690579
690578
690577
690576
690575
690573
690572
690571
690570
690569
690568
690566
690565
690563
690562
690561
690559
690554
690553
690552
690551
690549
