721406
721118
721117
721233
721232
721231
721228
721226
721234
721229
721053
721054
721055
721056
721237
721238
721239
721240
721241
721242
721243
721244
721245
721246
721248
721250
721252
721253
721254
721255
721256
721257
721258
721259
721260
721263
721265
721266
721267
721268
721269
721275
721276
721277
721278
721279
721280
721281
721283
721284
721285
721286
721287
721288
721289
721290
721291
721261
721274
721317
721330
721319
721322
721324
721325
721329
721445
721446
721058
721060
721086
721087
721102
721103
721119
721131
721154
721212
721216
721227
721311
721358
721374
721376
721447
721444
721443
721442
721441
721440
721439
721438
721436
721435
721434
721433
721432
721431
721430
721429
721428
721427
721426
721425
721424
721423
721422
721421
721420
721419
721418
721417
721416
721415
721414
721413
721173
721165
721172
721171
721412
721411
721410
721409
721408
721407
721174
721166
721170
721167
721405
721404
721403
721160
721402
721401
721400
721399
721398
721397
721396
721395
721394
721393
721392
721391
721390
721388
721387
721386
721385
721164
721163
721384
721383
721382
721381
721380
721379
721378
721377
721375
721373
721372
721371
721370
721369
721368
721367
721365
721364
721366
721363
721362
721361
721360
721359
721357
721356
721355
721354
721353
721352
721351
721350
721349
721348
721347
721346
721345
721344
721343
721342
721341
721340
721339
721338
721337
721336
721335
721334
721332
721331
721328
721327
721323
721321
721320
721316
721315
721314
721312
721310
721309
721308
721307
721306
721305
721304
721303
721302
721301
721300
721299
721298
721297
721296
721295
721294
721293
721292
721162
721282
721273
721272
721169
721168
721271
721270
721264
721262
721161
721251
721249
721247
721235
721230
721225
721223
721222
721221
721220
721219
721218
721217
721215
721214
721213
721211
721210
721209
721208
721207
721206
721205
721204
721203
721202
721201
721199
721197
721195
721193
721191
721189
721187
721186
721185
721184
721183
721182
721181
721180
721179
721178
721177
721176
721175
721159
721158
721157
721156
721155
721153
721152
721151
721150
721149
721148
721147
721146
721145
721144
721143
721142
721141
721140
721139
721138
721137
721136
721135
721134
721133
721132
721130
721129
721128
721127
721126
721125
721124
721123
721122
721121
721120
721116
721115
721114
721113
721112
721111
721110
721109
721108
721107
721106
721105
721104
721101
721100
721099
721098
721097
721096
721095
721094
721093
721092
721091
721090
721089
721088
721085
721084
721083
721082
721081
721080
721079
721078
721077
721076
721075
721074
721073
721072
721071
721070
721069
721068
721064
721063
721062
721061
721059
721052
721051
721050
721049
721048
721047
721046
721045
