720605
720604
720602
720600
720601
720599
720598
720597
720596
720595
720594
720593
720592
720591
720590
720589
720588
720587
720586
720585
720584
720583
720582
720581
720580
720579
720578
720577
720576
720575
720574
720573
720572
720571
720570
720569
720405
720503
720502
720297
720494
720296
720269
720266
720258
720497
720493
720501
720261
720249
720294
720252
720248
720262
720247
720259
720256
720241
720496
720495
720254
720253
720498
720243
720242
720255
720257
720265
720244
720250
720246
720348
720347
720163
720563
720568
720567
720566
720565
720564
720562
720561
720560
720559
720558
720557
720556
720555
720554
720553
720552
720551
720550
720549
720548
720547
720546
720545
720544
720543
720542
720541
720540
720539
720538
720537
720536
720535
720534
720533
720532
720531
720530
720529
720528
720526
720525
720524
720523
720522
720521
720520
720519
720518
720168
720166
720172
720169
720174
720202
720164
720171
720304
720305
720317
720340
720398
720426
720461
720609
720349
720345
720170
720167
720173
720203
720350
720625
720624
720622
720621
720620
720619
720618
720617
720616
720615
720614
720613
720612
720611
720610
720608
720607
720606
720517
720516
720515
720514
720513
720512
720511
720510
720509
720508
720507
720506
720505
720504
720500
720499
720492
720491
720490
720489
720488
720487
720486
720485
720484
720483
720482
720481
720480
720479
720351
720478
720477
720476
720475
720474
720473
720472
720471
720470
720469
720468
720467
720466
720465
720464
720463
720462
720460
720459
720458
720457
720456
720455
720454
720453
720452
720451
720450
720449
720448
720447
720446
720445
720444
720442
720441
720440
720439
720438
720437
720436
720435
720434
720433
720431
720430
720429
720428
720427
720425
720424
720423
720422
720421
720420
720419
720418
720417
720416
720415
720414
720413
720412
720411
720410
720409
720408
720407
720406
720403
720402
720401
720400
720399
720397
720396
720395
720394
720393
720392
720391
720390
720389
720388
720387
720385
720384
720383
720382
720381
720380
720379
720378
720377
720376
720375
720374
720373
720372
720371
720370
720346
720369
720368
720367
720366
720365
720364
720363
720362
720361
720360
720359
720358
720357
720356
720355
720354
720353
720352
720344
720343
720342
720341
720339
720338
720337
720335
720334
720333
720332
720331
720330
720329
720328
720327
720326
720325
720324
720323
720322
720321
720320
720319
720318
720316
720315
720314
720313
720312
720311
720310
720309
720308
720307
720306
720303
720302
720301
720300
720299
720298
720295
720293
720292
720291
720290
720289
720288
720287
720286
720285
720284
720283
720282
720281
720280
720279
720278
720277
720276
720275
720274
720273
720272
720271
720270
720268
720267
720264
720263
720260
720251
720245
720240
720239
720238
720237
720236
720235
720234
720233
720232
720231
720230
720229
720228
720227
720226
720225
720224
720223
720222
720221
720220
720219
720218
720217
720216
720215
720214
720213
720212
720211
720210
720209
720208
720207
720206
720205
720204
720201
720200
720199
720198
720197
720196
720195
720194
720193
720192
720191
720190
720189
720188
720187
720186
720185
720184
720183
720182
720181
720180
720179
720177
720176
720165
720162
720161
720160
720159
720158
720157
720156
720155
720154
720153
720152
720151
720150
720149
720148
720147
720146
720145
720144
