711172
711170
711126
711146
711145
711144
711143
711142
711141
711134
711133
711129
711128
711140
711139
711138
711137
711135
711136
711132
711131
711130
711127
711102
711121
711120
711117
711109
711115
711112
711122
711125
711123
711124
711119
711114
711111
711118
711116
711113
711110
711104
711105
711106
711107
711108
711103
711101
711100
711099
711098
711097
711095
711094
711096
711089
711090
711091
711092
711093
711079
711078
711075
711076
711080
711081
711082
711088
711087
711086
711085
711084
711083
711077
711074
711070
711071
711072
711073
711069
711055
711053
711052
711050
711064
711065
711066
711063
711061
711056
711046
711040
711044
711043
711042
711067
711068
711062
711059
711060
711054
711057
711058
711049
711051
711045
711047
711048
711041
711039
711038
711037
711028
711036
711035
711032
711033
711034
711031
711030
711029
711027
711026
711023
711024
711019
711020
711021
711022
711015
711016
711017
711018
711011
711014
711012
711013
711005
711010
711004
711009
711007
711001
711008
710997
711003
711000
710998
710996
710999
710995
710993
710994
710992
710991
710989
710988
710987
710984
710985
710986
710983
710980
710976
710975
710973
710974
710972
710971
710931
710967
710963
710962
710959
710958
710949
710950
710948
710946
710945
710947
710940
710944
710941
710938
710937
710935
710939
710933
710934
710932
710930
710929
711422
711286
711284
711279
711269
711258
711254
711271
711270
711262
711263
711287
711280
711272
711264
711261
711257
711253
711250
711247
711252
711251
711243
711242
711421
711283
711249
711266
711282
711288
711277
711246
711259
711256
711273
711267
711268
711248
711245
711276
711260
711265
711281
711255
711317
711174
711405
711404
711403
711428
711427
711426
711425
711424
711420
711397
711419
711418
711415
711416
711417
711414
711413
711410
711409
711408
711407
711406
711402
711401
711400
711399
711398
711396
711395
711394
711393
711392
711391
711390
711388
711387
711386
711389
711385
711384
711383
711381
711379
711378
711376
711375
711374
711373
711372
711371
711370
711369
711368
711367
711366
711364
711363
711362
711361
711360
711359
711358
711357
711356
711355
711354
711353
711352
711351
711350
711349
711348
711347
711346
711345
711344
711343
711342
711341
711340
711339
711338
711337
711336
711335
711334
711333
711332
711331
711330
711329
711328
711327
711326
711324
711323
711322
711320
711319
711318
711316
711315
711314
711313
711312
711311
711310
711309
711308
711307
711306
711305
711304
711303
711302
711301
711300
711299
711298
711297
711296
711295
711294
711293
711292
711154
711153
711291
711290
711289
711285
711278
711275
711274
711244
711241
711240
711239
711238
711237
711236
711235
711234
711233
711232
711231
711230
711229
711228
711227
711226
711225
711224
711223
711222
711221
711220
711219
711218
711216
711215
711214
711213
711212
711211
711208
711207
711206
711205
711204
711203
711202
711201
711200
711199
711198
711197
711196
711195
711194
711193
711192
711191
711190
711189
711187
711186
711185
711184
711183
711182
711181
711180
711179
711178
711177
711175
711173
711171
711169
711168
711167
711166
711165
711164
711163
711162
711161
711160
711159
711158
711157
711155
711152
711151
711150
711149
711148
711147
711006
711002
710990
710982
710981
710979
710977
710970
710969
710968
710966
710965
710960
710957
710956
710955
710954
710952
710943
710942
710936
710928
710927
710926
710925
710924
710923
710922
