711792
711761
711473
711606
711605
711569
711562
711570
711794
711801
711805
711810
711811
711796
711809
711808
711807
711806
711804
711802
711800
711799
711797
711798
711795
711793
711561
711712
711711
711604
711559
711602
711461
711638
711508
711509
711507
711498
711496
711500
711501
711505
711502
711503
711499
711504
711497
711506
711495
711483
711494
711490
711488
711487
711486
711485
711484
711481
711482
711777
711770
711768
711771
711763
711762
711774
711766
711767
711769
711765
711764
711714
711702
711701
711699
711745
711760
711756
711750
711747
711746
711758
711757
711759
711753
711755
711754
711752
711751
711749
711748
711744
711791
711790
711788
711786
711789
711787
711785
711784
711783
711780
711430
711429
711510
711742
711743
711741
711740
711739
711737
711738
711736
711735
711734
711733
711731
711732
711730
711729
711728
711727
711726
711703
711698
711525
711696
711697
711700
711695
711455
711457
711453
711448
711450
711449
711463
711442
711435
711446
711447
711443
711445
711444
711441
711439
711434
711436
711433
711460
711432
711833
711832
711831
711830
711829
711828
711827
711826
711825
711824
711823
711710
711709
711822
711821
711820
711819
711818
711816
711815
711814
711813
711812
711803
711782
711781
711779
711778
711776
711775
711773
711772
711725
711724
711722
711721
711720
711719
711718
711717
711716
711715
711713
711708
711707
711706
711705
711624
711625
711704
711626
711627
711694
711692
711691
711690
711689
711688
711687
711686
711685
711684
711683
711682
711681
711680
711679
711678
711677
711676
711675
711674
711672
711671
711668
711667
711666
711665
711664
711663
711662
711661
711660
711659
711658
711657
711656
711655
711654
711651
711650
711649
711648
711647
711646
711645
711644
711643
711642
711641
711640
711639
711637
711636
711635
711632
711631
711630
711629
711628
711623
711622
711621
711620
711619
711618
711617
711616
711615
711614
711613
711612
711611
711610
711609
711608
711607
711603
711601
711600
711599
711598
711597
711596
711595
711594
711593
711592
711591
711590
711589
711474
711478
711476
711475
711477
711472
711471
711588
711470
711479
711480
711489
711587
711585
711584
711583
711582
711581
711580
711579
711578
711574
711573
711572
711571
711568
711567
711566
711565
711564
711563
711558
711557
711555
711554
711553
711552
711556
711551
711550
711549
711548
711547
711546
711545
711544
711543
711542
711541
711539
711538
711537
711536
711535
711534
711533
711532
711531
711530
711529
711528
711527
711526
711524
711523
711521
711520
711519
711518
711517
711516
711515
711514
711513
711512
711493
711492
711491
711469
711468
711467
711466
711465
711464
711462
711459
711458
711456
711454
711452
711451
711440
711438
711437
