702348
702347
702350
702349
702504
702493
702528
702555
702532
702509
702558
702590
702513
702518
702511
702506
702496
702557
702522
702530
702548
702512
702495
702514
702515
702498
702499
702502
702521
702263
702265
702280
702283
702273
702267
702500
702471
702472
702473
702474
702475
702488
702489
702490
702529
702592
702593
702232
702226
702233
702218
702222
702225
702216
702214
702209
702215
702213
702212
702211
702210
702205
702208
702207
702206
702370
702507
702501
702503
702505
702227
702229
702231
702230
702223
702217
702224
702219
702220
702321
702322
702323
702324
702325
702326
702327
702328
702329
702330
702331
702332
702333
702334
702335
702336
702337
702338
702339
702621
702620
702619
702618
702617
702616
702615
702614
702613
702612
702611
702610
702609
702608
702606
702605
702604
702603
702602
702601
702600
702599
702598
702597
702596
702595
702594
702591
702589
702588
702587
702586
702585
702584
702583
702582
702581
702580
702578
702577
702576
702575
702574
702573
702572
702571
702570
702569
702568
702567
702566
702565
702564
702563
702562
702561
702560
702559
702550
702551
702552
702553
702554
702549
702547
702545
702544
702543
702542
702541
702540
702536
702535
702531
702527
702526
702525
702524
702523
702520
702519
702517
702516
702510
702508
702497
702197
702204
702203
702202
702201
702200
702199
702198
702196
702195
702492
702491
702487
702486
702485
702484
702483
702482
702481
702480
702479
702478
702477
702476
702470
702469
702468
702467
702466
702465
702464
702463
702462
702461
702460
702459
702458
702457
702456
702455
702454
702453
702452
702451
702450
702449
702448
702447
702446
702445
702444
702443
702442
702441
702440
702439
702438
702437
702436
702435
702434
702433
702432
702431
702430
702429
702428
702427
702426
702425
702424
702423
702422
702421
702420
702419
702418
702417
702171
702172
702272
702296
702416
702415
702414
702413
702412
702411
702410
702409
702408
702407
702406
702405
702404
702403
702401
702400
702399
702398
702397
702396
702395
702394
702393
702392
702391
702390
702389
702388
702387
702386
702385
702384
702383
702382
702381
702380
702379
702378
702377
702376
702375
702374
702373
702372
702371
702369
702368
702366
702365
702364
702363
702362
702361
702360
702359
702358
702357
702356
702355
702354
702353
702352
702351
702346
702345
702344
702343
702342
702341
702320
702319
702318
702316
702315
702314
702313
702312
702311
702310
702308
702307
702306
702305
702304
702303
702302
702301
702299
702300
702297
702295
702294
702293
702292
702290
702289
702288
702287
702286
702285
702284
702282
702281
702279
702278
702277
702275
702274
702271
702270
702269
702268
702266
702264
702262
702261
702260
702259
702258
702257
702256
702255
702254
702253
702252
702251
702249
702248
702247
702246
702244
702243
702242
702241
702240
702239
702238
702237
702236
702235
702234
702228
702194
702193
702192
702191
702190
702189
702188
702187
702186
702185
702184
702183
702182
702181
702179
702177
702176
702175
702174
702173
