716670
716672
716671
716750
716920
716748
716722
716699
716697
716694
716692
716706
716747
716693
716698
716724
716749
716705
716695
716721
716696
716766
716767
716768
716769
716773
716774
716925
716926
716688
716725
716776
716777
716934
716765
716680
716819
716876
716785
716919
716918
716917
716916
716915
716913
716912
716910
716909
716908
716907
716906
716905
716904
716902
716901
716900
716899
716898
716897
716896
716895
716894
716893
716892
716891
716890
716889
716888
716887
716949
716886
716883
716881
716880
716879
716877
716875
716874
716873
716871
716870
716869
716868
716867
716866
716865
716864
716863
716862
716860
716859
716858
716857
716855
716854
716853
716852
716851
716850
716849
716961
716960
716959
716958
716957
716956
716955
716954
716953
716952
716951
716950
716948
716947
716946
716944
716943
716942
716941
716940
716939
716937
716936
716935
716933
716932
716931
716930
716911
716914
716929
716882
716884
716928
716927
716924
716923
716922
716885
716921
716848
716847
716846
716845
716844
716843
716842
716841
716840
716839
716838
716837
716836
716835
716834
716833
716831
716830
716829
716828
716827
716826
716825
716824
716823
716822
716821
716820
716723
716720
716903
716878
716872
716861
716856
716832
716818
716817
716816
716815
716814
716813
716812
716811
716810
716809
716808
716807
716806
716805
716803
716802
716801
716800
716799
716798
716797
716796
716795
716794
716793
716792
716791
716790
716789
716788
716787
716786
716784
716783
716782
716780
716778
716775
716772
716771
716770
716764
716763
716761
716760
716759
716758
716757
716756
716730
716727
716755
716754
716753
716729
716752
716751
716746
716745
716744
716743
716742
716741
716740
716739
716738
716737
716736
716735
716734
716733
716732
716731
716728
716726
716719
716718
716717
716716
716715
716714
716713
716712
716711
716710
716709
716708
716707
716704
716703
716702
716701
716700
716691
716690
716689
716687
716686
716684
716683
716682
716681
716679
716678
716677
716676
716675
716674
716668
716667
716666
716665
716663
716662
716661
716660
716659
716658
716657
716656
716655
716654
716653
716652
716651
716650
716649
716648
716647
716646
716645
716644
716641
716640
716639
716638
716637
716636
716635
716634
716633
716632
716631
716630
