716072
716062
715902
716066
716069
716059
716071
716058
716068
716055
715905
716061
716064
716065
716060
715901
716057
716041
716070
716067
716056
716038
715836
715837
715838
715853
715834
715870
715871
715914
715977
715999
716000
716047
715985
715984
716048
715820
716023
716025
716028
716026
716027
716024
715900
715821
716087
716086
716085
716084
716083
716081
716080
716079
716078
716077
716076
716075
716074
716073
716054
716053
716051
716050
716063
716049
716046
716045
716044
716043
716042
716040
716039
716037
716036
716035
716034
716033
716032
716031
716030
716029
716022
716021
716020
716019
716018
716017
716015
716014
716013
715948
716012
716011
716010
716009
716006
716005
715949
716004
716003
716002
716001
715998
715997
715996
715995
715994
715993
715992
715991
715989
715988
715950
715987
715983
715982
715981
715980
715979
715978
715976
715975
715974
715973
715972
715971
715970
715969
715968
715967
715966
715965
715964
715962
715961
715960
715959
715958
715957
715956
715955
715954
715953
715952
715951
715947
715946
715945
715944
715943
715942
715941
715940
715939
715938
715937
715936
715935
715934
715933
715932
715931
715929
715928
715927
715926
715925
715924
715922
715921
715920
715919
715918
715917
715916
715915
715913
715912
715911
715910
715909
715907
715906
715904
715903
715899
715898
715897
715896
715895
715894
715893
715892
715891
715890
715889
715888
715887
715886
715885
715884
715883
715882
715881
715880
715879
715878
715877
715876
715875
715873
715872
715869
715868
715867
715866
715864
715863
715862
715861
715860
715859
715858
715857
715856
715855
715854
715851
715850
715849
715848
715847
715846
715845
715844
715843
715842
715840
715839
715835
715833
715832
715831
715830
715829
715828
715826
715825
715824
715823
715822
715818
