712141
712142
712330
712320
712326
712329
712328
712327
712325
712322
712323
712256
712254
712253
712250
712248
712245
712242
712241
712273
712272
712270
712269
712268
712356
712258
712257
712255
712251
712249
712246
712244
712243
712240
712239
712197
712398
712276
712275
712274
712271
712267
712266
712198
712290
712196
712178
712192
712238
712237
712236
712235
712234
712233
712232
712231
712191
712186
712184
712176
712140
712206
712180
712187
712181
712177
712185
712424
712230
712228
712227
712226
712225
712224
712223
712416
712151
712179
712295
712362
712395
712396
712384
712332
712331
712431
712429
712428
712427
712426
712425
712423
712422
712421
712420
712419
712418
712417
712415
712414
712413
712412
712411
712410
712409
712408
712407
712406
712405
712404
712403
712402
712400
712399
712397
712394
712393
712392
712391
712390
712389
712387
712386
712385
712383
712382
712381
712380
712379
712378
712377
712376
712374
712373
712371
712370
712369
712368
712367
712366
712365
712364
712363
712361
712360
712359
712358
712357
712355
712354
712353
712352
712351
712350
712349
712348
712347
712346
712343
712342
712341
712340
712339
712338
712336
712335
712334
712333
712324
712321
712319
712318
712317
712316
712315
712314
712313
712312
712311
712310
712309
712308
712307
712306
712305
712304
712303
712302
712301
712298
712297
712296
712294
712293
712292
712291
712289
712288
712287
712286
712285
712284
712283
712282
712281
712280
712279
712278
712277
712265
712264
712263
712262
712261
712260
712252
712247
712222
712221
712220
712219
712218
712217
712216
712215
712214
712212
712211
712209
712208
712207
712205
712204
712203
712202
712201
712200
712199
712195
712194
712190
712189
712188
712183
712182
712172
712175
712174
712173
712171
712170
712169
712168
712167
712166
712165
712164
712163
712162
712161
712160
712159
712158
712157
712156
712155
712154
712153
712150
712148
712147
712146
712145
712144
712143
