712448
712452
712450
712451
712446
712449
712453
712456
712445
712460
712461
712462
712463
712464
712465
712466
712467
712468
712469
712471
712472
712473
712474
712475
712476
712477
712724
712673
712672
712674
712615
712610
712613
712614
712611
712697
712692
712690
712671
712608
712606
712696
712688
712686
712604
712605
712603
712612
712609
712616
712691
712602
712687
712685
712607
712689
712693
712728
712729
712730
712731
712495
712583
712580
712543
712545
712652
712547
712546
712650
712542
712741
712740
712739
712738
712737
712736
712735
712734
712733
712732
712726
712727
712722
712721
712720
712719
712718
712717
712716
712715
712713
712725
712712
712711
712710
712709
712708
712707
712706
712705
712704
712703
712702
712723
712701
712700
712699
712698
712695
712694
712651
712653
712683
712681
712544
712644
712680
712679
712678
712677
712676
712642
712675
712637
712643
712641
712670
712669
712668
712667
712640
712638
712665
712664
712663
712662
712661
712660
712659
712658
712657
712656
712654
712649
712648
712647
712646
712645
712636
712635
712634
712633
712632
712631
712630
712629
712628
712627
712626
712625
712624
712623
712622
712621
712620
712534
712619
712618
712617
712584
712601
712600
712599
712597
712596
712595
712594
712593
712592
712591
712582
712581
712590
712589
712588
712587
712586
712585
712579
712578
712577
712538
712537
712576
712575
712574
712573
712572
712571
712539
712570
712569
712568
712567
712566
712565
712564
712562
712561
712560
712559
712558
712557
712556
712555
712554
712553
712552
712551
712550
712549
712548
712533
712532
712541
712540
712536
712535
712531
712530
712529
712528
712527
712526
712525
712524
712523
712522
712521
712520
712519
712518
712517
712516
712515
712514
712513
712512
712511
712510
712509
712508
712507
712506
712505
712504
712503
712502
712501
712500
712499
712498
712497
712496
712494
712493
712491
712487
712486
712485
712484
712483
712482
712481
712480
712479
712478
712470
712459
712458
712457
712455
712454
712447
712443
712442
712441
712440
712439
712438
712437
712436
712435
712434
712433
