719214
719057
719064
719066
719070
719071
719095
719097
719221
719230
719231
719232
719250
719276
719311
719312
719336
719343
719350
719352
719357
719401
719404
719427
719426
719425
719423
719422
719421
719420
719419
719418
719417
719416
719415
719414
719413
719412
719411
719410
719409
719408
719407
719406
719405
719402
719400
719398
719399
719397
719396
719395
719394
719393
719392
719391
719390
719389
719388
719387
719385
719382
719381
719380
719379
719376
719375
719374
719373
719369
719368
719367
719366
719365
719364
719363
719362
719361
719360
719359
719358
719356
719355
719354
719353
719351
719349
719348
719347
719346
719345
719344
719342
719341
719340
719339
719338
719337
719110
719335
719334
719332
719331
719330
719329
719328
719327
719326
719325
719324
719323
719322
719321
719320
719319
719318
719317
719316
719315
719314
719313
719310
719308
719307
719306
719305
719304
719303
719302
719300
719299
719298
719297
719296
719295
719294
719293
719292
719291
719290
719289
719288
719287
719286
719285
719283
719282
719281
719280
719279
719278
719277
719275
719274
719273
719272
719271
719270
719269
719268
719267
719266
719265
719264
719263
719262
719261
719260
719259
719258
719257
719256
719255
719254
719253
719252
719251
719249
719248
719247
719246
719245
719244
719243
719242
719241
719240
719239
719238
719237
719236
719235
719234
719229
719228
719227
719226
719225
719224
719223
719222
719220
719219
719218
719217
719216
719215
719213
719212
719211
719210
719209
719208
719207
719206
719205
719204
719203
719202
719201
719200
719199
719198
719197
719196
719195
719194
719193
719192
719191
719190
719189
719188
719187
719186
719184
719183
719182
719180
719179
719178
719177
719176
719175
719174
719173
719171
719170
719169
719168
719167
719166
719165
719163
719162
719161
719160
719159
719158
719157
719156
719155
719153
719152
719151
719150
719149
719148
719147
719146
719145
719144
719143
719142
719141
719140
719139
719138
719137
719136
719135
719134
719133
719132
719131
719130
719129
719128
719127
719126
719125
719124
719123
719122
719121
719120
719119
719118
719117
719116
719115
719114
719113
719112
719111
719109
719108
719107
719105
719104
719103
719102
719101
719099
719098
719096
719094
719093
719089
719088
719087
719086
719085
719084
719083
719082
719081
719080
719079
719078
719077
719076
719075
719074
719073
719072
719069
719068
719067
719063
719062
719061
719059
719058
719056
719055
719054
