697707
697876
697866
697802
697785
697746
697872
697784
697745
697873
697875
697890
697900
697904
697906
697909
697910
697911
697912
697964
697744
697742
697737
697743
697867
697739
697874
697871
697740
697783
697887
697882
697819
697708
697870
697804
697786
697892
697834
697832
697946
697738
697947
697877
697803
697943
697945
697948
697951
697869
697732
697706
697998
697997
697996
697995
697994
697993
697991
697990
697988
697987
697992
697986
697985
697984
697983
697782
697868
697982
697981
697980
697978
697977
697952
697953
697975
697974
697973
697970
697969
697968
697967
697966
697965
697963
697962
697961
697960
697958
697957
697956
697955
697950
697944
697942
697941
697940
697939
697938
697937
697741
697936
697935
697934
697933
697932
697931
697930
697929
697927
697928
697926
697925
697924
697923
697922
697921
697920
697919
697918
697917
697916
697915
697914
697913
697908
697907
697905
697903
697902
697901
697899
697896
697897
697898
697895
697893
697891
697889
697888
697781
697841
697858
697859
697878
697886
697885
697884
697883
697881
697880
697879
697731
697730
697865
697864
697863
697862
697861
697860
697857
697856
697855
697854
697853
697852
697851
697850
697849
697848
697847
697846
697845
697844
697843
697842
697840
697839
697838
697837
697836
697835
697833
697831
697830
697829
697828
697827
697826
697825
697824
697823
697822
697821
697820
697818
697817
697816
697815
697814
697813
697812
697811
697810
697809
697808
697807
697806
697805
697801
697800
697799
697798
697797
697796
697795
697794
697793
697792
697791
697790
697729
697728
697788
697787
697780
697779
697778
697777
697776
697775
697768
697769
697770
697771
697772
697773
697774
697767
697766
697765
697764
697763
697762
697761
697760
697759
697758
697757
697756
697755
697754
697753
697752
697751
697750
697749
697748
697747
697736
697735
697734
697733
697727
697726
697725
697724
697723
697722
697721
697720
697719
697718
697717
697716
697715
697714
697713
697712
697711
697710
697709
697705
697704
697703
697702
697701
697700
697699
697698
697697
697696
697695
697694
697693
697692
697691
697689
697688
