708262
708263
708290
708288
708118
708291
708111
708109
708289
708286
708105
708103
708090
708089
708112
708119
708287
708108
708106
708110
708051
708104
708117
708231
708281
708275
708242
708277
708279
708278
708276
708234
708232
708196
708195
708239
708280
708188
708190
708192
708189
708050
708164
708166
708183
708204
708206
708216
708236
708264
708265
708274
708301
708342
708341
708340
708339
708338
708337
708336
708335
708334
708333
708332
708331
708329
708328
708327
708326
708325
708324
708323
708322
708321
708320
708319
708318
708317
708316
708315
708314
708313
708312
708311
708310
708309
708308
708307
708306
708305
708304
708303
708302
708300
708299
708298
708297
708296
708294
708293
708292
708285
708284
708283
708282
708273
708272
708270
708271
708269
708268
708267
708266
708230
708260
708259
708258
708257
708256
708255
708254
708253
708252
708251
708240
708250
708249
708248
708247
708246
708243
708245
708244
708238
708228
708229
708237
708235
708233
708227
708226
708225
708224
708223
708222
708221
708220
708219
708218
708217
708215
708214
708213
708212
708211
708210
708209
708208
708207
708203
708202
708201
708200
708199
708198
708197
708194
708193
708191
708187
708186
708185
708184
708182
708180
708179
708178
708177
708176
708175
708174
708173
708172
708171
708170
708169
708168
708167
708165
708163
708162
708161
708160
708159
708158
708157
708156
708155
708154
708153
708152
708151
708150
708149
708148
708147
708146
708145
708144
708143
708142
708141
708139
708138
708137
708136
708135
708134
708133
708132
708131
708130
708129
708128
708127
708126
708125
708124
708122
708120
708116
708115
708114
708113
708107
708102
708101
708100
708099
708098
708097
708096
708095
708094
708093
708092
708091
708088
708087
708086
708085
708084
708083
708082
708081
708080
708079
708078
708077
708076
708075
708073
708072
708071
708070
708069
708068
708067
708066
708065
708063
708062
708061
708060
708059
708058
708057
708056
708055
708054
708053
708052
708049
708048
708047
708046
708045
708044
708043
708042
708041
708040
708039
708038
708036
