699989
699990
700266
700267
700268
700040
700030
699949
699945
700255
700253
700251
700204
700203
700038
699935
699938
699943
699941
699937
700252
700250
700010
700002
700033
700032
699946
700254
700034
700031
700029
700016
699950
699944
699942
700249
700028
700008
699939
699936
699934
700139
700007
700009
700097
700108
700106
700107
700105
700100
700101
700096
700103
700104
700098
700093
700117
699896
699909
699928
699952
699954
699955
699958
699959
699970
700003
700057
700088
700138
700180
700213
700227
700262
700242
700240
700239
700238
700237
700236
700235
700234
700058
700273
700090
700089
700272
700271
700270
700269
700265
700264
700261
700260
700259
700258
700257
700256
700248
700247
700246
700245
700244
700243
700241
700232
700231
700230
700229
700056
700228
700225
700224
700006
700005
700223
700221
700220
700219
700218
700217
700216
700215
700214
700053
700054
700210
700209
700208
700207
700206
700202
700201
700200
700052
700199
700198
700197
700196
700195
700194
700193
700192
700191
700189
700188
700187
700186
700185
700184
700183
700182
700181
700179
700178
700177
700176
700175
700174
700173
700172
700171
700170
700169
700168
700167
700166
700165
700164
700163
700162
700161
700160
700159
700158
700157
700156
700155
700154
700153
700152
700151
700150
700149
700148
700147
700146
700145
700144
700142
700141
700140
700136
700135
700134
700133
700132
700131
700130
700129
700128
700127
700126
700124
700123
700122
700121
700120
700119
700118
700116
700115
700114
700113
700112
700111
700110
700109
700102
700099
700095
700094
700092
700091
700055
700004
700087
700086
700085
700084
700083
700082
700081
700080
700079
700078
700076
700075
700074
700073
700072
700071
700070
700069
700068
700067
700066
700065
700064
700063
700062
700061
700060
700059
700051
700050
700049
700048
700047
700046
700045
700044
700043
700042
700041
700039
700037
700036
700035
700027
700026
700025
700024
700023
700022
700021
700020
700019
700018
700017
700014
700013
700012
700011
700001
700000
699999
699998
699997
699996
699995
699994
699993
699992
699991
699988
699987
699986
699985
699984
699982
699981
699980
699979
699978
699977
699976
699975
699974
699973
699972
699971
699969
699968
699967
699966
699965
699964
699963
699962
699961
699960
699957
699956
699953
699951
699948
699947
699940
699933
699931
699930
699929
699927
699926
699925
699924
699923
699922
699921
699920
699919
699918
699917
699916
699915
699914
699913
699912
699910
699907
699906
699905
699904
699903
699902
699901
699900
699899
699898
699897
699895
699894
699893
