710284
710278
710276
710272
710264
710270
710263
710258
710256
710254
710300
710299
710046
710049
710116
710146
710222
710279
710297
710295
710294
710274
710271
710268
710266
710225
710220
710217
710292
710265
710260
710251
710250
710226
710296
710293
710277
710273
710280
710259
710255
710249
710221
710121
710224
710223
710219
710289
710286
710287
710269
710275
710261
710122
710288
710291
710298
710290
710257
710267
710262
710253
710218
710032
710024
710036
710035
710034
710033
710026
710027
710025
710023
710031
710030
710029
710028
710315
710329
710328
710327
710326
710325
710324
710323
710322
710321
710320
710319
710318
710317
710316
710314
710313
710312
710311
710310
710309
710308
710307
710306
710305
710304
710303
710301
710281
710248
710237
710236
710235
710247
710246
710245
710244
710243
710242
710240
710239
710238
710233
710232
710234
710231
710230
710228
710227
710203
710200
710199
710202
710201
710216
710215
710214
710213
710212
710211
710210
710209
710208
710207
710206
710205
710204
710198
710197
710196
710195
710194
710193
710192
710191
710190
710189
710188
710187
710186
710185
710184
710183
710182
710181
710180
710178
710177
710176
710175
710174
710173
710172
710171
710170
710169
710168
710167
710166
710165
710164
710162
710161
710160
710159
710158
710157
710156
710155
710154
710153
710152
710151
710150
710149
710148
710147
710145
710144
710143
710142
710141
710139
710138
710136
710135
710134
710133
710132
710131
710130
710129
710128
710127
710126
710125
710124
710123
710120
710119
710118
710117
710115
710114
710113
710110
710107
710108
710109
710106
710105
710104
710103
710102
710101
710100
710099
710098
710097
710096
710095
710094
710093
710092
710091
710090
710088
710087
710086
710085
710084
710083
710082
710081
710080
710079
710078
710077
710076
710073
710072
710071
710066
710063
710062
710061
710060
710059
710058
710057
710056
710055
710054
710053
710052
710051
710050
710048
710047
710045
710044
710043
710042
710041
710040
710039
710038
710022
710021
710020
