714208
714214
714206
714209
714211
714213
714210
714205
714186
714185
714184
714183
714180
714179
714177
714094
714109
714110
714178
714182
714181
714176
714175
714174
714173
714172
714283
714282
714314
714313
714312
714311
714310
714309
714307
714306
714305
714304
714303
714302
714301
714300
714299
714298
714297
714296
714288
714289
714295
714294
714291
714290
714293
714292
714287
714286
714285
714284
714281
714280
714279
714277
714276
714275
714274
714273
714272
714271
714270
714269
714268
714267
714265
714264
714263
714262
714261
714260
714259
714258
714257
714256
714255
714254
714253
714252
714251
714250
714249
714248
714247
714246
714245
714244
714243
714242
714241
714240
714239
714238
714237
714236
714235
714234
714233
714232
714231
714230
714229
714228
714227
714226
714224
714223
714222
714221
714219
714218
714217
714216
714215
714212
714204
714203
714202
714201
714200
714198
714101
714098
714097
714096
714095
714197
714196
714195
714194
714193
714192
714191
714190
714189
714187
714171
714170
714169
714168
714167
714166
714165
714164
714163
714162
714161
714160
714159
714158
714157
714156
714155
714154
714153
714152
714151
714150
714149
714148
714147
714146
714145
714144
714143
714142
714141
714140
714139
714138
714137
714136
714135
714134
714133
714132
714131
714130
714129
714128
714127
714126
714125
714124
714123
714122
714121
714120
714119
714118
714117
714116
714115
714114
714113
714112
714111
714108
714107
714106
714105
714104
714103
714102
714100
714099
714093
714092
714091
714090
714089
714088
714087
714086
714085
714084
714083
714082
714081
