696415
696421
696419
696430
696418
696411
696410
696635
696413
696634
696636
696513
696480
696426
696483
696562
696575
696615
696616
696618
696485
696487
696488
696484
696479
696447
696607
696612
696611
696608
696470
696471
696469
696460
696442
696548
696549
696550
696553
696555
696556
696558
696445
696609
696463
696610
696464
696446
696441
696435
696486
696482
696490
696643
696675
696674
696673
696672
696671
696670
696669
696668
696667
696666
696665
696664
696663
696662
696661
696660
696659
696658
696657
696656
696655
696654
696653
696652
696651
696650
696649
696648
696647
696646
696645
696644
696642
696641
696640
696639
696638
696637
696633
696632
696631
696439
696630
696629
696628
696627
696626
696625
696624
696623
696622
696621
696620
696619
696617
696614
696613
696606
696605
696604
696603
696602
696601
696600
696599
696598
696597
696596
696595
696594
696593
696592
696591
696590
696589
696587
696586
696585
696584
696583
696582
696473
696581
696580
696579
696578
696577
696576
696444
696574
696573
696572
696571
696570
696569
696568
696567
696566
696565
696564
696563
696561
696458
696560
696557
696554
696552
696551
696547
696546
696545
696544
696543
696542
696541
696540
696539
696538
696537
696536
696535
696534
696533
696532
696531
696465
696530
696529
696528
696527
696526
696525
696524
696523
696434
696437
696522
696521
696518
696517
696516
696515
696511
696477
696478
696509
696508
696507
696459
696506
696505
696476
696438
696440
696504
696503
696502
696501
696500
696499
696498
696497
696496
696495
696494
696493
696492
696443
696489
696481
696475
696474
696472
696468
696467
696466
696461
696457
696454
696453
696452
696451
696450
696449
696448
696436
696433
696432
696431
696429
696428
696427
696425
696424
696423
696422
696420
696417
696416
696414
696412
696409
696408
696407
696406
696405
696404
696403
696402
696401
696400
696399
696398
696397
696396
696395
696394
696393
696392
696391
696390
696389
696388
696387
696386
696385
696384
696383
696382
696381
