704914
704796
704790
704935
704795
704788
704785
704780
704787
704786
704782
704779
704913
704784
704789
704783
704781
704778
704867
704930
704929
704813
704805
704801
704868
704865
704811
704808
704933
704932
704921
704928
704803
704799
704807
704920
704915
704917
704918
704810
704802
704812
704922
704931
704804
704923
704916
704809
704806
704751
704819
704898
704899
704940
704965
705053
705052
705051
705050
705049
705048
705047
705046
705045
705044
705042
705041
705040
705039
705043
704975
704977
705038
705037
705036
705035
705034
705033
705032
705031
705030
705029
705028
705027
705026
705025
705024
704980
705023
705022
705021
705019
705018
705017
705016
705015
705014
705013
705012
705011
705010
705009
705008
705007
705006
705005
705004
705003
705002
705001
705000
704999
704998
704997
704996
704995
704994
704993
704992
704991
704990
704989
704988
704987
704986
704985
704934
704984
704982
704981
704979
704978
704976
704974
704973
704972
704971
704970
704969
704941
704968
704967
704966
704964
704963
704962
704961
704960
704959
704958
704957
704956
704955
704954
704953
704952
704951
704950
704949
704947
704946
704945
704943
704942
704939
704938
704937
704936
704927
704926
704925
704924
704800
704919
704912
704911
704910
704909
704908
704907
704906
704905
704904
704903
704902
704901
704900
704897
704896
704895
704894
704893
704892
704891
704890
704889
704888
704887
704885
704884
704883
704882
704881
704880
704832
704879
704878
704877
704876
704875
704874
704872
704871
704869
704866
704863
704862
704861
704860
704859
704858
704857
704856
704855
704854
704853
704852
704851
704850
704849
704848
704830
704829
704847
704846
704845
704844
704843
704842
704841
704840
704839
704838
704837
704836
704835
704834
704833
704831
704828
704827
704826
704825
704824
704823
704822
704821
704820
704818
704817
704816
704815
704814
704798
704797
704794
704793
704792
704791
704777
704776
704775
704774
704773
704772
704771
704770
704769
704768
704767
704766
704765
704764
704763
704762
704760
704759
704758
704757
704754
704753
704752
704750
704749
704748
704747
704746
704745
704744
704743
704741
704740
