713644
713645
713646
713648
713649
713651
713652
713674
713687
713685
713662
713647
713658
713655
713669
713700
713676
713661
713689
713697
713673
713657
713672
713667
713654
713668
713643
713694
713688
713686
713684
713659
713671
713666
713656
713653
713641
713449
713466
713468
713472
713474
713476
713491
713492
713494
713498
713602
713609
713663
713628
713573
713571
713569
713629
713624
713625
713623
713626
713568
713484
713482
713481
713734
713733
713732
713731
713730
713729
713728
713727
713726
713725
713724
713723
713722
713721
713720
713719
713718
713717
713716
713715
713714
713713
713712
713711
713710
713709
713708
713707
713572
713706
713704
713703
713705
713702
713701
713699
713698
713696
713695
713693
713692
713691
713690
713683
713682
713681
713679
713678
713677
713675
713670
713665
713664
713660
713642
713640
713639
713566
713567
713638
713637
713636
713635
713634
713632
713631
713630
713627
713621
713620
713619
713618
713617
713616
713615
713614
713613
713612
713611
713610
713608
713607
713606
713605
713604
713603
713601
713600
713599
713598
713597
713596
713595
713594
713593
713592
713591
713590
713589
713588
713587
713586
713585
713584
713581
713580
713578
713577
713576
713575
713574
713570
713565
713564
713563
713562
713561
713560
713559
713558
713557
713556
713555
713554
713553
713552
713551
713550
713548
713547
713546
713545
713543
713542
713541
713540
713539
713538
713537
713536
713535
713534
713533
713532
713531
713530
713529
713527
713526
713525
713524
713523
713522
713521
713520
713519
713518
713517
713516
713515
713514
713513
713512
713511
713510
713509
713508
713507
713506
713505
713504
713503
713502
713501
713500
713499
713497
713496
713495
713493
713490
713489
713488
713487
713486
713485
713480
713479
713478
713475
713473
713471
713470
713469
713467
713465
713464
713463
713462
713461
713460
713459
713458
713457
713456
713455
713454
713452
713451
713450
713448
713447
713446
713444
713443
713442
713441
713440
713439
713438
713437
713436
713435
713434
713433
713432
713431
713430
713429
713428
713427
713424
713423
713422
713421
713420
713419
