708689
708688
708686
708683
708682
708681
708680
708679
708678
708677
708669
708663
708667
708674
708676
708672
708670
708668
708661
708666
708665
708664
708662
708657
708656
708655
708654
708642
708653
708652
708646
708651
708641
708640
708633
708638
708635
708634
708644
708649
708639
708636
708632
708630
708629
708603
708628
708626
708627
708625
708624
708620
708618
708617
708608
708614
708604
708607
708601
708576
708605
708568
708606
708593
708590
708591
708589
708587
708567
708586
708569
708579
708578
708571
708566
708565
708548
708547
708545
708546
708564
708561
708560
708559
708555
708556
708554
708558
708557
708553
708552
708544
708539
708543
708542
708541
708537
708536
708534
708535
708533
708532
708531
708609
708528
708530
708527
708529
708525
708518
708526
708524
708687
708690
708522
708517
708470
708478
708725
708467
708429
708475
708474
708450
708479
708414
708386
708489
708491
708493
708592
708658
708763
708748
708747
708746
708745
708744
708768
708767
708766
708765
708764
708762
708761
708758
708757
708756
708755
708754
708753
708751
708749
708743
708742
708741
708740
708739
708738
708737
708736
708735
708734
708733
708732
708731
708730
708729
708728
708727
708726
708724
708723
708722
708721
708720
708719
708718
708717
708716
708715
708714
708713
708712
708711
708710
708709
708708
708707
708706
708705
708704
708702
708701
708700
708699
708698
708697
708696
708695
708693
708692
708691
708685
708684
708675
708673
708671
708660
708659
708650
708648
708647
708645
708643
708637
708631
708623
708622
708621
708619
708616
708615
708613
708612
708611
708610
708602
708600
708599
708598
708597
708596
708595
708594
708588
708585
708584
708583
708582
708581
708580
708577
708575
708574
708573
708572
708570
708563
708562
708551
708550
708549
708540
708523
708521
708520
708516
708515
708514
708513
708512
708511
708510
708509
708508
708507
708506
708505
708504
708503
708502
708500
708499
708498
708497
708496
708495
708494
708492
708490
708488
708487
708486
708485
708484
708483
708482
708481
708480
708477
708476
708473
708472
708471
708469
708468
708452
708466
708465
708464
708463
708462
708461
708460
708459
708458
708457
708456
708455
708454
708451
708453
708449
708448
708447
708446
708445
708444
708443
708442
708441
708440
708439
708438
708437
708436
708435
708434
708433
708432
708431
708430
708428
708427
708426
708425
708424
708423
708422
708421
708420
708419
708418
708417
708416
708415
708413
708412
708411
708410
708409
708408
708407
708400
708401
708406
708405
708404
708403
708402
708398
708397
708395
708393
708392
708391
708390
708389
708388
708387
708385
708384
708383
708382
708381
708380
708379
708378
708377
708376
708375
708374
708373
708372
708371
708370
708369
708368
708367
708366
708365
708364
708363
708362
708361
708360
708359
708358
708357
708356
708355
708354
708353
708351
708349
708348
708347
708346
708345
708344
708343
