690335
690328
690254
690253
690327
690236
690243
690320
690324
690426
690434
690451
690455
690474
690523
690531
690482
690480
690495
690481
690491
690479
690498
690478
690475
690477
690483
690476
690497
690496
690289
690263
690545
690544
690543
690542
690541
690540
690537
690536
690535
690533
690532
690300
690298
690530
690529
690527
690526
690525
690292
690280
690524
690522
690521
690520
690519
690518
690517
690516
690515
690514
690513
690260
690512
690511
690510
690509
690506
690505
690504
690503
690502
690501
690499
690494
690493
690492
690490
690489
690487
690486
690485
690290
690473
690472
690471
690469
690468
690467
690466
690464
690295
690463
690462
690461
690460
690459
690458
690302
690293
690456
690454
690453
690450
690447
690446
690445
690444
690443
690442
690441
690440
690438
690437
690436
690435
690433
690432
690431
690430
690429
690428
690427
690425
690424
690423
690422
690421
690420
690419
690418
690417
690416
690414
690413
690412
690411
690410
690409
690408
690407
690406
690405
690301
690294
690404
690403
690402
690400
690399
690398
690397
690396
690395
690394
690393
690392
690391
690381
690390
690389
690388
690387
690386
690385
690384
690383
690380
690379
690378
690377
690376
690264
690375
690374
690373
690372
690371
690370
690369
690368
690367
690366
690365
690364
690360
690281
690357
690356
690355
690354
690353
690352
690351
690350
690349
690348
690347
690346
690345
690344
690343
690342
690341
690340
690339
690338
690337
690336
690334
690299
690261
690332
690331
690330
690329
690291
690265
690282
690283
690262
690326
690323
690322
690321
690319
690318
690317
690316
690315
690314
690313
690312
690311
690310
690309
690308
690307
690306
690305
690304
690303
690297
690296
690288
690287
690286
690285
690284
690279
690277
690276
690275
690274
690273
690271
690270
690269
690268
690267
690266
690259
690258
690257
690256
690255
690252
690251
690249
690248
690247
690246
690245
690244
690242
690241
690240
690239
690238
690237
690235
690234
690233
690232
690231
690230
690229
690228
690217
690227
690226
690225
690224
690223
690221
690220
690219
690218
690216
690215
690214
690213
690211
690210
690209
690208
690207
