709645
709680
709732
709794
709795
709779
709778
709777
709776
709626
709621
709620
709634
709633
709632
709631
709629
709628
709625
709623
709622
709627
709624
709630
709619
709694
709692
709697
709700
709691
709687
709698
709699
709695
709689
709696
709688
709661
709660
709658
709659
709656
709693
709820
709819
709818
709817
709816
709815
709814
709813
709812
709811
709810
709809
709808
709807
709806
709805
709804
709803
709802
709801
709800
709798
709797
709796
709793
709792
709791
709790
709789
709788
709787
709786
709785
709784
709783
709782
709781
709780
709775
709773
709772
709771
709770
709769
709768
709767
709766
709765
709764
709763
709762
709761
709760
709759
709758
709757
709756
709754
709753
709751
709750
709749
709744
709745
709746
709747
709748
709743
709742
709741
709739
709738
709736
709735
709733
709731
709730
709729
709728
709727
709726
709725
709724
709723
709722
709721
709720
709718
709716
709714
709712
709711
709710
709709
709708
709707
709705
709690
709686
709685
709684
709683
709682
709681
709679
709678
709677
709676
709675
709674
709673
709672
709671
709670
709669
709668
709667
709666
709665
709664
709663
709662
709655
709650
709649
709651
709652
709654
709653
709648
709647
709646
709644
709643
709642
709641
709640
709638
709637
709636
709635
709618
709617
709616
709615
709614
709613
709612
709611
709609
709608
709607
709606
709605
709604
709603
709602
709601
709600
709599
709598
709597
709596
709595
709594
709593
709592
709591
709590
709589
709588
709586
709585
709584
709583
709582
709581
709580
709579
709578
709577
709576
709575
709574
709573
709572
709571
709570
