701823
701834
701833
701829
701827
701828
701822
701825
701819
701767
701763
701824
701818
701760
701769
701646
701449
701837
701816
701765
701447
701768
701448
701444
701764
701762
701647
701648
701649
701650
701652
701653
701654
701655
701656
701657
701658
701659
701660
701661
701662
701663
701664
701665
701666
701667
701635
701636
701637
701638
701639
701640
701641
701643
701644
701645
701375
701471
701462
701458
701624
701625
701626
701627
701628
701633
701634
701632
701630
701629
701476
701619
701618
701620
701622
701617
701616
701615
701614
701613
701465
701467
701454
701264
701300
701299
701294
701292
701278
701285
701276
701274
701271
701275
701273
701269
701272
701268
701270
701267
701265
701266
701263
701262
701612
701611
701610
701607
701609
701383
701401
701426
701489
701490
701497
701631
701709
701713
701789
701840
701845
701850
701594
701593
701595
701596
701597
701603
701598
701599
701605
701604
701592
701591
701590
701589
701588
701587
701586
701585
701582
701576
701575
701573
701572
701571
701581
701580
701579
701578
701577
701473
701475
701464
701474
701569
701568
701566
701567
701565
701456
701564
701563
701561
701560
701559
701555
701553
701551
701550
701817
701547
701548
701546
701545
701544
701543
701542
701541
701540
701537
701853
701852
701851
701849
701848
701847
701535
701530
701531
701527
701526
701525
701519
701532
701844
701843
701842
701466
701453
701839
701836
701835
701832
701831
701830
701826
701821
701814
701813
701812
701811
701815
701820
701806
701805
701803
701810
701793
701800
701799
701795
701808
701798
701804
701796
701807
701794
701801
701797
701809
701802
701792
701791
701790
701788
701787
701786
701785
701784
701783
701782
701781
701780
701779
701778
701777
701775
701774
701773
701772
701771
701770
701766
701761
701759
701758
701757
701756
701754
701753
701752
701751
701750
701749
701748
701747
701746
701745
701743
701742
701741
701740
701739
701738
701737
701736
701735
701734
701732
701731
701730
701729
701728
701727
701726
701725
701724
701723
701722
701721
701720
701719
701718
701716
701715
701712
701711
701710
701708
701706
701705
701704
701703
701702
701701
701700
701698
701697
701696
701694
701693
701692
701675
701691
701690
701689
701688
701686
701685
701684
701683
701679
701678
701677
701676
701682
701681
701680
701674
701673
701343
701342
701341
701340
701339
701338
701337
701336
701335
701332
701331
701333
701334
701330
701328
701315
701314
701326
701327
701329
701324
701323
701322
701321
701320
701319
701317
701318
701313
701312
701672
701671
701670
701669
701668
701439
701651
701642
701463
701621
701608
701606
701602
701601
701600
701584
701574
701570
701562
701558
701556
701554
701552
701549
701539
701538
701534
701533
701529
701524
701523
701520
701518
701517
701516
701515
701514
701513
701512
701511
701510
701509
701508
701507
701506
701505
701504
701503
701502
701501
701500
701499
701498
701496
701495
701438
701437
701494
701493
701492
701491
701488
701487
701486
701485
701484
701482
701480
701481
701483
701479
701441
701440
701478
701477
701472
701470
701469
701468
701461
701460
701459
701457
701452
701450
701446
701445
701443
701442
701436
701435
701434
701418
701419
701420
701421
701424
701427
701429
701430
701431
701433
701432
701428
701423
701422
701417
701416
701415
701414
701413
701412
701411
701409
701408
701407
701406
701405
701404
701403
701402
701400
701399
701398
701397
701396
701395
701394
701393
701392
701391
701390
701389
701388
701387
701386
701385
701384
701382
701381
701380
701379
701377
701376
701374
701373
701372
701371
701370
701369
701368
701367
701366
701365
701364
701363
701361
701360
701359
701358
701357
701356
701355
701354
701353
701352
701351
701350
701348
701347
701346
701345
701310
701309
701308
701305
701306
701304
701303
701311
701307
701325
701316
701301
701302
701298
701297
701296
701293
701291
701289
701288
701287
701283
701279
701281
701277
701280
701290
701286
701284
701282
701261
701260
701259
701258
701257
701256
701255
701254
701253
