696202
696203
695875
695876
695874
696315
696083
696075
696107
696106
696063
696060
696071
696312
696058
696056
696069
696046
696081
696078
696050
695986
696033
696031
696041
696052
696048
695977
696074
696057
696316
696065
696054
696037
696027
696067
696044
696039
696062
696082
696077
696073
695981
696080
696076
696070
696059
696034
696068
696066
696053
696049
696055
696314
696051
696042
696047
696064
696036
696024
695920
695916
696045
696028
696029
696309
696038
696025
695888
695889
695890
695944
695945
696030
696088
696091
696097
696173
696236
696252
696260
696283
696287
696317
696348
696043
696035
696032
696026
695976
696313
696310
695983
696311
696308
695904
696165
696164
696163
696162
696160
696159
696158
696157
696156
696304
696305
696299
696294
696298
696292
696293
696296
696306
696302
696000
696005
696300
696295
696270
696380
696379
696378
696377
696376
696374
696373
696372
696371
696329
696330
696331
696332
696334
696335
696336
696337
696338
696339
696340
696341
696342
696343
696344
696345
696346
696347
696349
696350
696351
696352
696353
696354
696355
696356
696357
696359
696360
696361
696362
696363
696364
696365
696366
696367
696368
696369
696370
696358
696333
696328
696327
696326
696325
696324
696323
696322
696321
696320
696319
696318
696307
696003
696297
696290
696289
696288
695996
696286
696285
696284
696282
696281
696280
696279
696278
696277
696276
696275
696274
696273
696272
696271
696269
696268
696267
696266
696265
696264
696263
696262
696261
696258
696257
696256
696255
696254
696253
696251
696250
696249
696248
696246
696247
696245
696244
696243
696242
696241
696239
696238
696237
696234
696233
696232
696231
696230
696226
696225
696224
696223
696221
696219
696218
696217
696216
696215
696214
696213
696212
696211
696210
696209
696208
696207
696206
696204
696201
696200
696199
696198
696197
696196
696195
696194
696193
696192
696191
696004
695998
696190
696189
696188
696187
696186
696185
696184
696183
696182
696181
696180
696179
696178
696177
696176
696175
696174
696172
696155
696154
696153
696152
696147
696146
696145
696144
696143
696142
696141
696139
696138
696137
696135
696134
696133
696132
696131
696130
696129
696128
696151
696150
696149
696148
696127
696126
696125
696123
696122
696171
696170
696169
696168
696167
696166
696161
696140
696136
696124
696121
696120
696119
696118
696117
696116
696115
696114
696113
696112
696111
696109
696108
696105
696104
696103
696102
696101
696098
696096
696095
696094
696093
696092
696090
696089
696086
696085
696084
696079
696061
696023
696022
696021
696020
696019
696018
696017
696016
696015
696014
696013
696012
696011
696010
696009
696008
696007
696006
696002
696001
695999
695997
695995
695994
695993
695992
695991
695990
695989
695988
695987
695978
695974
695973
695972
695971
695970
695969
695968
695967
695966
695965
695964
695963
695962
695961
695960
695959
695958
695957
695956
695955
695954
695953
695952
695951
695950
695949
695948
695946
695943
695942
695941
695938
695937
695936
695935
695934
695933
695932
695931
695930
695929
695928
695927
695926
695925
695924
695923
695922
695921
695919
695918
695917
695914
695913
695912
695911
695910
695909
695908
695907
695906
695905
695903
695902
695901
695900
695899
695898
695897
695896
695895
695894
695893
695892
695891
695887
695886
695885
695884
695883
695882
695881
695880
695879
695878
695877
695873
695872
695871
695870
695869
695868
695867
695866
695865
695864
695863
