715539
715683
715682
715681
715680
715654
715644
715622
715631
715637
715787
715625
715643
715639
715630
715653
715624
715621
715640
715636
715629
715634
715633
715632
715642
715635
715626
715623
715679
715678
715677
715676
715675
715685
715684
715686
715687
715555
715767
715556
715765
715764
715761
715759
715762
715763
715760
715527
715528
715817
715816
715815
715814
715813
715812
715811
715810
715809
715808
715807
715806
715805
715804
715803
715802
715801
715800
715799
715795
715791
715792
715794
715793
715790
715789
715788
715786
715785
715784
715783
715782
715781
715779
715758
715778
715777
715776
715775
715774
715773
715772
715771
715770
715769
715768
715766
715757
715756
715755
715754
715753
715752
715751
715750
715749
715748
715747
715746
715745
715743
715742
715741
715740
715739
715738
715737
715736
715735
715733
715732
715731
715730
715729
715728
715727
715726
715725
715724
715723
715722
715721
715720
715719
715718
715717
715716
715715
715714
715706
715709
715710
715713
715712
715708
715707
715705
715704
715703
715702
715701
715700
715699
715698
715697
715696
715695
715694
715693
715692
715711
715691
715690
715689
715688
715674
715672
715671
715670
715669
715668
715667
715666
715665
715664
715663
715658
715660
715659
715661
715662
715657
715656
715652
715651
715650
715649
715648
715647
715646
715645
715641
715638
715628
715627
715620
715618
715617
715616
715615
715614
715613
715612
715611
715610
715609
715608
715607
715606
715605
715604
715603
715602
715601
715600
715599
715598
715597
715596
715595
715594
715593
715592
715591
715590
715589
715588
715587
715586
715585
715584
715583
715582
715581
715580
715578
715577
715576
715575
715574
715573
715572
715571
715570
715569
715568
715567
715566
715565
715564
715537
715563
715562
715561
715560
715559
715558
715557
715554
715552
715551
715550
715549
715548
715547
715546
715545
715544
715543
715542
715541
715540
715538
715536
715535
715534
715533
715531
715529
715525
715524
715523
715522
715521
715518
715512
715511
