706925
706836
706837
706838
706927
706926
706937
706936
706755
706758
706752
706757
706754
706750
706756
706749
706748
706946
706966
706967
706832
706840
706907
706910
706918
706911
706921
706819
706820
706821
706906
706900
706897
706915
706899
706898
706896
706908
706916
706920
706973
706972
706969
706968
706965
706964
706963
706962
706961
706960
706959
706958
706957
706956
706955
706954
706953
706952
706951
706950
706949
706948
706947
706945
706679
706771
706772
706787
706809
706844
706845
706855
706876
706885
706944
706933
706932
706943
706942
706940
706938
706935
706934
706931
706929
706928
706924
706923
706922
706919
706917
706914
706913
706912
706909
706905
706904
706903
706902
706901
706895
706894
706893
706892
706890
706891
706889
706888
706887
706886
706882
706881
706880
706878
706877
706875
706874
706873
706872
706871
706870
706869
706868
706867
706866
706865
706864
706863
706862
706861
706860
706859
706858
706857
706856
706854
706853
706852
706851
706850
706849
706848
706847
706846
706843
706842
706841
706839
706829
706835
706834
706831
706830
706827
706826
706825
706824
706823
706822
706818
706817
706816
706815
706814
706813
706812
706811
706810
706808
706807
706806
706805
706804
706803
706802
706801
706800
706799
706798
706797
706796
706795
706794
706793
706792
706791
706790
706789
706788
706786
706785
706747
706746
706784
706783
706782
706781
706780
706779
706778
706777
706775
706774
706773
706770
706769
706768
706767
706766
706765
706764
706763
706762
706761
706759
706760
706753
706751
706739
706740
706741
706742
706743
706744
706745
706738
706737
706736
706734
706733
706732
706731
706730
706729
706728
706727
706726
706724
706723
706722
706721
706720
706719
706718
706717
706716
706715
706714
706713
706712
706711
706710
706709
706708
706707
706706
706705
706704
706703
706702
706701
706700
706698
706696
706695
706694
706693
706692
706691
706690
706689
706688
706687
706686
706685
706684
706683
706681
706680
706678
706677
706676
