705626
705627
706019
706018
706017
706010
706008
706020
705761
705770
705776
705778
705763
705774
705768
705782
705781
705784
706009
706016
705780
705771
705766
706014
706015
705772
705773
705777
705783
705788
705789
705787
705775
705767
705764
705762
705765
705779
705769
705720
705719
705718
705717
705716
705715
705713
705712
705852
705851
705964
705850
705849
705848
705839
705656
705708
705707
705705
705703
705702
705700
705833
705829
705699
705698
705697
705695
705693
705690
705689
705609
705600
705599
705610
705597
705605
705604
705602
705608
705606
705607
705603
705601
705598
705596
705823
705875
705870
705624
705623
705621
705622
705620
705616
705615
705617
705614
705612
705613
705611
705661
705662
705664
705899
705926
705948
705821
705686
705685
705684
705683
705682
705681
705678
705825
705827
705835
705820
705828
705877
705872
705873
705871
705859
705869
705863
705864
705862
705861
705860
705858
705857
705856
705855
705853
705837
705826
705834
705830
705824
705822
706045
706044
706043
706042
706040
706039
706038
706037
706036
706035
706034
706033
706032
706031
706030
706029
706028
706027
706026
706025
706024
706023
706022
706021
706013
706012
706011
706007
706006
706005
706004
706003
706002
706001
706000
705999
705998
705997
705996
705995
705994
705993
705992
705991
705990
705989
705988
705987
705986
705985
705984
705983
705982
705981
705980
705979
705978
705977
705975
705974
705973
705972
705971
705970
705969
705968
705966
705965
705963
705962
705961
705960
705959
705958
705957
705956
705955
705954
705952
705951
705950
705949
705947
705946
705945
705944
705943
705941
705940
705939
705938
705937
705936
705935
705934
705933
705932
705931
705930
705929
705928
705927
705925
705924
705923
705922
705921
705920
705918
705917
705916
705915
705914
705913
705912
705911
705910
705909
705908
705907
705906
705905
705904
705903
705902
705901
705900
705898
705897
705896
705895
705894
705893
705892
705891
705879
705890
705889
705888
705887
705886
705885
705884
705883
705882
705881
705880
705878
705876
705874
705847
705846
705845
705844
705843
705842
705841
705868
705867
705866
705865
705840
705838
705836
705832
705831
705819
705818
705817
705816
705815
705813
705812
705811
705810
705809
705808
705807
705806
705805
705803
705802
705801
705800
705799
705798
705797
705796
705795
705794
705793
705791
705790
705786
705785
705760
705759
705758
705756
705755
705754
705753
705751
705750
705749
705748
705747
705746
705745
705744
705743
705742
705740
705739
705738
705737
705736
705735
705734
705733
705732
705731
705730
705729
705728
705727
705726
705725
705724
705723
705721
705714
705710
705709
705706
705704
705701
705696
705694
705691
705688
705687
705680
705679
705677
705676
705675
705674
705673
705672
705671
705670
705669
705668
705667
705666
705665
705660
705659
705657
705655
705654
705653
705652
705651
705650
705648
705647
705646
705645
705644
705643
705642
705641
705640
705639
705638
705637
705636
705635
705634
705633
705632
705631
705630
705629
705628
705619
705618
705595
705594
705593
705592
705591
705590
705589
705588
705587
