698478
698475
698473
698472
698470
698467
698741
698737
698732
698702
698533
698500
698734
698501
698733
698736
698718
698547
698534
698735
698706
698530
698704
698708
698738
698588
698523
698519
698687
698676
698437
698440
698443
698449
698451
698594
698512
698592
698516
698658
698731
698524
698510
698520
698596
698438
698445
698435
698452
698517
698518
698436
698590
698521
698522
698526
698595
698439
698450
698444
698441
698703
698406
698422
698591
698613
698622
698648
698654
698677
698680
698686
698728
698730
698744
698772
698777
698776
698775
698761
698762
698756
698754
698755
698759
698765
698764
698766
698771
698770
698769
698768
698773
698774
698767
698763
698757
698758
698753
698752
698750
698749
698748
698747
698746
698745
698743
698525
698742
698740
698739
698729
698727
698726
698725
698724
698723
698722
698721
698720
698719
698717
698716
698715
698714
698713
698712
698711
698710
698709
698707
698705
698701
698700
698698
698697
698696
698695
698694
698693
698692
698691
698690
698689
698688
698684
698685
698683
698682
698681
698508
698679
698678
698675
698674
698673
698671
698670
698669
698668
698667
698666
698665
698664
698663
698662
698661
698660
698659
698657
698656
698655
698653
698651
698650
698649
698647
698646
698645
698643
698642
698641
698640
698638
698637
698636
698633
698635
698634
698632
698631
698630
698629
698628
698627
698626
698625
698624
698623
698621
698620
698619
698618
698617
698616
698615
698614
698611
698609
698608
698607
698606
698605
698604
698603
698601
698600
698599
698598
698597
698593
698589
698587
698586
698585
698584
698583
698579
698578
698577
698576
698575
698574
698573
698572
698571
698570
698569
698568
698567
698566
698565
698564
698563
698562
698561
698559
698558
698557
698556
698555
698554
698553
698552
698551
698550
698549
698548
698546
698545
698544
698543
698542
698541
698540
698539
698538
698536
698535
698532
698531
698529
698528
698527
698515
698514
698513
698511
698509
698505
698504
698503
698502
698499
698498
698497
698496
698495
698494
698493
698492
698491
698490
698489
698488
698487
698486
698485
698484
698483
698481
698480
698479
698466
698465
698464
698477
698476
698474
698471
698469
698468
698463
698462
698461
698460
698459
698458
698457
698456
698455
698454
698453
698448
698442
698434
698433
698432
698431
698428
698426
698424
698423
698421
698419
698418
698417
698416
698415
698414
698413
698412
698409
698408
698407
698405
698404
698403
698400
698399
698398
698397
698395
698394
698393
698392
698391
