679441
679451
679448
679444
679446
679442
679437
679454
679435
679433
679430
679423
679443
679432
679439
679429
679450
679425
679438
679440
679422
679431
679428
679427
679426
679434
679424
679361
679360
679363
679341
679339
679338
679337
679336
679335
679334
679483
679310
679353
679398
679409
679453
679482
679481
679479
679478
679476
679475
679474
679473
679472
679471
679470
679469
679468
679467
679463
679462
679461
679460
679459
679458
679457
679456
679455
679449
679447
679445
679436
679418
679417
679416
679415
679414
679413
679412
679411
679410
679408
679407
679406
679405
679404
679403
679402
679401
679400
679399
679397
679396
679395
679394
679393
679392
679391
679390
679389
679388
679387
679386
679385
679384
679383
679380
679379
679378
679377
679376
679375
679374
679373
679372
679371
679370
679369
679368
679367
679366
679364
679362
679359
679358
679357
679356
679355
679354
679352
679351
679350
679349
679348
679347
679346
679345
679344
679343
679342
679340
679333
679332
679331
679330
679329
679328
679327
679326
679325
679324
679323
679322
679321
679320
679319
679318
679317
679316
679315
679314
679313
679312
679311
679309
679307
679306
679305
679304
679303
679302
679301
679300
679299
679298
679297
679296
679295
679294
679293
679292
679291
679289
679288
679287
679286
679285
679284
679283
679282
679281
679280
679278
679276
679275
679244
679246
679248
679249
679250
679251
679252
679253
679254
679255
679257
679258
679259
679260
679261
679262
679263
679264
679265
679266
679268
679269
679270
679272
679271
679267
679256
679247
679245
679243
679242
679241
679240
679239
679238
679237
679236
679235
679234
679233
679232
679231
679230
679229
679228
679227
679226
679225
679224
679223
679222
679221
679220
679219
679218
679217
679216
679215
679214
679213
679212
679211
679210
679209
679208
679207
679206
679205
679204
679203
679202
679201
679200
679199
679198
679197
679196
679186
679187
679188
679189
679190
679191
679192
679193
679194
679195
679185
679184
679183
679182
679181
679180
679179
679178
679177
679176
679175
679174
679173
679172
679171
