616761
616750
616689
616688
616686
616684
616683
616682
616681
616680
616679
616678
616677
616676
616675
616674
616673
616672
616671
616670
616669
616668
616667
616666
616665
616664
616663
616662
616661
616660
616659
616658
616657
616656
616648
616598
616603
616651
616650
616649
616655
616653
616654
616652
616647
616640
616644
616643
616645
616646
616642
616641
616639
616638
616637
616636
616635
616634
616633
616609
616606
616604
616627
616626
616624
616628
616629
616625
616630
616623
616620
616617
616622
616616
616618
616621
616615
616619
616614
616612
616605
616608
616607
616610
616602
616601
616600
616599
616596
616597
616595
616594
616593
616691
616581
616588
616591
616589
616590
616587
616586
616584
616583
616576
616582
616585
616579
616580
616575
616578
616572
616573
616571
616570
616535
616782
616493
616560
616694
616756
616757
616781
616801
616799
616797
616779
616776
616775
616772
616771
616770
616764
616796
616794
616765
616731
616724
616722
616715
616537
616522
616795
616460
616466
616469
616467
616457
616456
616711
616708
616703
616702
616696
616687
616685
616592
616565
616563
616452
616446
616459
616461
616462
616463
616464
616746
616697
616564
616557
616554
616551
616550
616549
616545
616519
616515
616514
616511
616528
616507
616503
616816
616513
616510
616569
616754
616454
616435
616700
616527
616509
616508
616475
616472
616512
616558
616518
616814
616548
616539
616540
616541
616492
616497
616483
616482
616748
616743
616707
616713
616517
616709
616547
616813
616543
616815
616485
616812
616811
616810
616809
616546
616710
616734
616808
616807
616806
616805
616804
616802
616793
616792
616791
616790
616789
616788
616787
616786
616785
616784
616783
616778
616774
616773
616769
616768
616767
616766
616763
616759
616758
616752
616736
616735
616433
616749
616729
616701
616704
616534
616744
616742
616738
616732
616730
616728
616726
616725
616723
616720
616747
616719
616718
616706
616716
616714
616699
616741
616745
616737
616740
616739
616733
616727
616721
616717
616693
616692
616695
616690
616632
616611
616574
616568
616567
616566
616562
616561
616559
616556
616555
616552
616544
616536
616538
616533
616532
616531
616530
616529
616526
616525
616524
616523
616521
616520
616506
616505
616504
616502
616501
616499
616498
616496
616495
616494
616491
616490
616489
616488
616487
616486
616484
616481
616480
616479
616478
616477
616474
616471
616458
616453
616448
616451
616447
616445
616444
616443
616436
616442
616441
616439
616438
616437
616434
