656028
655816
656155
655863
655943
655956
655968
655969
655983
656116
656134
656140
656141
656119
656072
656135
656118
656139
656144
656129
656087
656127
656071
656069
656065
656064
656058
656090
656078
656133
656136
656138
655991
655992
655999
656001
656002
656003
656004
656005
656006
656007
656008
656009
656010
656011
656012
656013
656014
656015
656017
656018
656019
656062
656060
656063
656091
656092
656143
656089
656117
656066
656077
656137
656088
656067
656057
656085
656082
656084
656081
656128
656130
656132
656142
656059
656120
656121
656126
656123
656086
656079
655864
655865
655866
655867
655803
655798
656163
656162
656161
656160
656159
656158
656157
656156
656154
656153
656152
656151
656150
656149
656148
656146
656125
656115
656114
656113
656112
656111
656110
656109
656108
656107
656106
656105
656104
656103
656102
656101
656100
656099
656098
656097
656096
656095
656094
656093
656083
656080
656076
656075
656074
656073
656070
656068
656061
656056
656055
656054
656053
656051
656050
656049
656048
656047
656046
656045
656044
656043
656042
656041
656040
656039
656038
656037
656036
656035
656034
656033
656032
656031
656030
656029
656027
656026
656022
656021
656020
656016
656000
655998
655997
655996
655995
655994
655993
655990
655989
655988
655987
655986
655985
655984
655982
655981
655980
655979
655978
655976
655975
655974
655972
655973
655971
655970
655967
655966
655965
655964
655963
655962
655961
655960
655959
655958
655957
655955
655954
655953
655952
655951
655950
655949
655948
655924
655947
655946
655945
655944
655942
655941
655940
655939
655938
655937
655936
655935
655934
655933
655932
655931
655921
655930
655929
655928
655927
655926
655925
655923
655922
655920
655919
655918
655917
655916
655915
655914
655913
655912
655911
655910
655909
655908
655907
655906
655905
655904
655903
655902
655901
655900
655899
655898
655896
655895
655894
655893
655892
655891
655890
655889
655888
655887
655886
655885
655884
655883
655882
655881
655880
655879
655878
655877
655876
655875
655874
655873
655872
655871
655870
655869
655868
655862
655861
655860
655859
655858
655857
655856
655855
655854
655853
655852
655851
655850
655849
655848
655847
655846
655845
655844
655843
655842
655840
655839
655838
655837
655836
655835
655833
655832
655831
655830
655829
655828
655827
655826
655825
655824
655823
655822
655821
655820
655819
655818
655817
655815
655814
655797
655796
655794
655813
655812
655811
655793
655791
655795
655810
655809
655808
655807
655806
655805
655804
655792
655789
655788
655786
655785
655801
655800
655799
655790
655787
655784
655783
655782
655781
655780
655779
655778
655777
655776
655775
655774
655759
655758
655757
655756
655755
655754
655752
655751
655750
655749
655748
655747
