655444
655452
655358
655357
655355
655353
655408
655405
655354
655352
655350
655407
655406
655402
655349
655404
655348
655347
655345
655344
655072
655090
655104
655237
655241
655250
655311
655315
655323
655380
655382
655385
655394
655409
655431
655361
655360
655388
655377
655362
655363
655383
655365
655368
655369
655359
655356
655432
655433
655450
655451
655455
655456
655457
655459
655094
655095
655096
655367
655146
655147
655148
655149
655150
655151
655152
655153
655154
655155
655156
655157
655158
655159
655160
655161
655162
655163
655164
655165
655166
655167
655168
655169
655170
655171
655172
655173
655174
655175
655176
655177
655179
655180
655181
655182
655183
655184
655185
655186
655187
655188
655189
655190
655191
655192
655193
655195
655196
655197
655198
655200
655201
655202
655203
655204
655205
655206
655207
655208
655209
655210
655211
655212
655213
655214
655215
655216
655217
655218
655219
655220
655461
655460
655458
655454
655453
655449
655448
655447
655445
655446
655443
655442
655441
655440
655439
655438
655437
655436
655435
655434
655429
655428
655427
655426
655425
655424
655423
655422
655421
655420
655419
655418
655417
655416
655415
655414
655413
655411
655410
655412
655403
655401
655400
655399
655398
655397
655396
655395
655393
655392
655391
655390
655389
655387
655386
655384
655381
655379
655378
655376
655375
655374
655373
655372
655371
655370
655366
655364
655351
655346
655343
655342
655341
655340
655339
655338
655337
655336
655335
655334
655333
655332
655331
655330
655329
655328
655327
655326
655325
655324
655322
655320
655319
655318
655317
655316
655303
655314
655313
655312
655310
655309
655308
655307
655306
655305
655304
655301
655300
655299
655298
655297
655296
655295
655294
655293
655292
655291
655290
655288
655287
655286
655097
655098
655099
655285
655284
655283
655282
655281
655280
655279
655278
655277
655276
655275
655274
655273
655272
655271
655270
655269
655268
655267
655266
655265
655264
655263
655262
655261
655260
655259
655258
655257
655256
655255
655254
655253
655252
655251
655249
655248
655247
655246
655245
655244
655243
655242
655240
655238
655236
655235
655234
655233
655232
655231
655230
655226
655227
655228
655229
655225
655224
655223
655222
655221
655199
655194
655178
655145
655143
655142
655141
655140
655139
655138
655137
655136
655132
655133
655134
655135
655131
655130
655129
655127
655126
655124
655123
655122
655121
655120
655119
655118
655117
655116
655115
655114
655113
655112
655111
655110
655109
655108
655107
655106
655105
655103
655102
655101
655100
655092
655091
655093
655089
655088
655087
655086
655085
655084
655083
655082
655081
655080
655079
655068
655077
655076
655075
655073
655071
655069
655067
