619588
619634
619627
619577
619578
619621
619657
619653
619534
619533
619655
619654
619541
619539
619674
619611
619605
619607
619604
619603
619590
619583
619582
619576
619643
619650
619649
619646
619638
619552
619581
619580
619573
619572
619569
619642
619652
619598
619589
619591
619592
619553
619554
619557
619548
619640
619619
619681
619623
619624
619636
619625
619614
619630
619556
619545
619555
619626
619641
619659
619675
619680
619679
619678
619677
619673
619672
619671
619570
619632
619628
619660
619661
619662
619663
619664
619665
619666
619667
619668
619669
619670
619658
619651
619648
619645
619644
619639
619637
619574
619617
619579
619631
619629
619635
619618
619633
619622
619620
619616
619615
619613
619612
619610
619609
619606
619602
619597
619596
619595
619594
619593
619586
619584
619571
619568
619567
619566
619565
619564
619563
619562
619561
619560
619559
619558
619550
619549
619551
619547
619546
619543
619538
619537
619532
619531
619536
619535
