672999
672979
672621
672981
673000
672967
672968
672970
672971
672972
672722
672998
672717
672699
672623
673005
672980
672719
672721
672616
672997
672613
672720
672718
672622
672602
672601
672600
672603
672604
672697
673012
672716
672617
672618
672880
672877
672876
672874
672844
672843
672842
672840
672839
672625
672627
672633
672634
672624
672732
672731
672730
672725
672724
672723
672597
672596
672595
672594
672599
672598
672714
672712
672711
672710
672606
672733
672756
672775
672777
672828
672890
672986
672990
673007
672982
673027
673026
673024
673022
673021
673020
673019
673018
673016
673015
673014
673013
672620
672593
672592
672591
672590
673011
673010
673009
673008
673004
673003
673002
673001
672996
672995
672994
672993
672992
672991
672989
672988
672987
672896
672900
672901
672902
672904
672905
672908
672909
672910
672911
672912
672985
672984
672983
672978
672976
672975
672973
672969
672965
672964
672961
672957
672954
672953
672949
672947
672946
672945
672944
672943
672942
672941
672940
672939
672938
672937
672936
672935
672934
672933
672932
672931
672930
672929
672928
672927
672926
672925
672924
672923
672922
672921
672920
672919
672918
672917
672916
672915
672914
672913
672907
672906
672898
672897
672895
672640
672639
672894
672893
672892
672891
672889
672887
672885
672883
672888
672886
672884
672882
672881
672879
672878
672873
672872
672871
672870
672869
672868
672867
672866
672865
672864
672863
672862
672861
672860
672859
672858
672857
672856
672855
672854
672853
672852
672851
672850
672849
672848
672847
672846
672845
672841
672838
672837
672836
672835
672834
672833
672832
672831
672830
672829
672827
672826
672825
672824
672823
672822
672821
672820
672819
672818
672817
672816
672815
672814
672813
672812
672811
672810
672809
672808
672807
672806
672805
672804
672803
672802
672801
672800
672799
672798
672797
672796
672641
672795
672794
672793
672792
672791
672790
672789
672788
672787
672786
672785
672784
672783
672782
672781
672780
672779
672776
672774
672773
672772
672771
672770
672769
672767
672766
672765
672764
672763
672762
672761
672760
672759
672758
672757
672755
672754
672753
672752
672751
672750
672749
672748
672745
672744
672743
672742
672741
672638
672740
672738
672737
672642
672637
672736
672735
672734
672729
672728
672727
672726
672715
672709
672708
672706
672705
672704
672703
672702
672701
672700
672698
672696
672693
672695
672694
672692
672691
672690
672689
672665
672666
672668
672669
672670
672672
672673
672674
672675
672676
672677
672679
672680
672681
672682
672683
672685
672648
672649
672650
672651
672652
672653
672654
672655
672656
672657
672658
672659
672660
672661
672662
672663
672684
672643
672636
672646
672647
672671
672678
672667
672664
672645
672644
672635
672629
672628
672619
672615
672614
672612
672611
672610
672609
672608
672607
672605
672589
672588
672587
672586
672585
672584
672583
672582
672580
672579
672578
672577
672576
672575
672574
672573
672572
672571
672570
672569
672568
672567
672566
672565
672564
672563
672562
