674172
674222
674181
674178
674175
674186
674177
674173
674180
674176
673974
674170
674038
674122
674014
674015
674016
674047
674046
674045
674044
674043
674042
674041
674125
674156
674160
674193
674194
674226
674244
674251
674271
674289
674036
674039
674037
674295
674294
674293
674292
674291
674290
674275
674288
674277
674272
674270
674273
674274
674278
674268
674267
674266
674287
674286
674285
674284
674283
674282
674281
674280
674279
674276
674269
674265
674264
674263
674262
674261
674260
674259
674258
674242
674241
674257
674256
674255
674254
674253
674252
674250
674249
674248
674247
674246
674245
674243
674207
674200
674240
674239
674238
674237
674206
674204
674236
674235
674234
674233
674202
674205
674232
674231
674230
674229
674228
674227
674225
674224
674223
674220
674219
674218
674217
674216
674215
674214
674213
674212
674203
674201
674101
674211
674210
674209
674208
674100
674199
674198
674197
674099
674196
674195
674192
674191
674102
674098
674190
674189
674187
674185
674184
674183
674182
674179
674174
674171
674169
674168
674166
674165
674164
674163
674162
674161
674159
674158
674157
674155
674154
674153
674152
674151
674150
674148
674147
674146
674145
674144
674097
674096
674143
674142
674140
674139
674138
674137
674136
674135
674134
674133
674132
674131
674130
674129
674128
674127
674126
674124
674123
674121
674119
673971
673975
674026
674090
674120
674118
674117
674116
674115
674114
674113
674112
674111
674110
674109
674108
674107
674106
674105
674104
674103
674095
674094
674093
674092
674091
674089
674088
674087
674086
674085
674084
674083
674082
674081
674080
674079
674078
674077
674076
674075
674074
674073
674072
674071
674070
674069
674068
674067
674066
674065
674064
674062
674061
674060
674059
674058
674057
674056
674055
674054
674053
674052
674051
674050
674049
674048
674040
674033
674034
674035
674032
674031
674030
674029
674028
674027
674025
674024
674023
674022
674021
674020
674019
674018
674017
674013
674012
674011
674010
674009
674008
674007
674006
674005
674004
674003
674002
674001
674000
673999
673998
673997
673996
673995
673994
673993
673992
673991
673990
673989
673988
673987
673986
673985
673984
673983
673982
673981
673980
673979
673976
673973
673972
673970
