624349
624501
624461
624445
624429
624416
624398
624367
624471
624443
624451
624316
624420
624485
624466
624465
624422
624458
624452
624444
624413
624409
624339
624338
624343
624457
624455
624453
624436
624431
624430
624425
624424
624417
624384
624380
624378
624377
624310
624442
624434
624432
624488
624353
624478
624477
624383
624365
624454
624332
624331
624330
624326
624314
624313
624482
624497
624483
624476
624397
624392
624393
624396
624450
624385
624386
624387
624391
624334
624333
624376
624373
624371
624370
624369
624358
624307
624308
624309
624357
624351
624348
624345
624475
624412
624395
624347
624356
624322
624321
624354
624355
624468
624467
624440
624469
624492
624493
624494
624495
624496
624500
624491
624490
624489
624487
624486
624484
624480
624479
624474
624447
624470
624473
624472
624464
624427
624463
624462
624438
624460
624459
624456
624410
624419
624449
624441
624439
624423
624437
624411
624435
624433
624426
624418
624415
624414
624408
624407
624406
624405
624404
624403
624402
624401
624400
624399
624394
624390
624389
624382
624381
624379
624375
624364
624352
624374
624372
624368
624366
624362
624360
624359
624361
624363
624350
624346
624342
624340
624341
624336
624335
624329
624328
624327
624325
624323
624320
624319
624306
624305
624318
624317
624315
624312
624311
