640163
640156
640155
640154
640161
640160
640159
640166
640165
640164
640227
640228
640209
640208
640206
640205
640192
640188
640203
640202
640200
640199
640204
640191
640193
640190
640184
640182
640183
640186
640180
640169
640170
640171
640172
640207
640187
640173
640233
640219
640225
640216
640232
640223
640220
640224
640221
640217
640218
640222
640211
640212
640213
640214
640215
640210
640149
640139
640157
640152
640148
640145
640146
640150
640144
640143
640142
640151
640137
640294
640291
640293
640292
640290
640345
640342
639957
640377
640376
640375
640374
639929
639945
640023
640032
640033
640035
640057
640058
640059
640060
640061
640062
640075
640107
640108
640241
640244
640256
640259
640280
640315
640334
640365
640395
640397
640396
640394
640393
640392
640391
640390
640389
640388
640387
640386
640385
640384
640383
640382
640381
640380
640379
640378
640373
640372
640371
640370
640369
640368
640367
640366
640364
640363
640362
640361
640360
640339
640359
640358
640357
640356
640353
640352
640338
640337
640355
640354
640351
640350
640349
640348
640347
640346
640344
640343
640341
640336
640335
640340
640333
640332
640331
640330
640329
640328
640327
640326
640325
640324
640323
640322
640321
640320
640319
640318
640317
640316
640305
640306
640307
640308
640309
640310
640311
640314
640313
640312
640304
640303
640302
640301
640300
640298
640297
640296
640289
640288
640287
640286
640181
640177
640285
640284
640283
640179
640282
640281
640279
640278
640277
640276
640275
640274
640273
640272
640271
640270
640269
640268
640267
640266
640265
640263
640178
640176
640262
640261
640260
640258
640257
640255
640254
640253
640250
640249
640248
640247
640245
640243
640242
640240
640239
640238
640237
640236
640235
640234
640231
640230
640229
640226
640175
640174
640168
640201
640198
640197
640196
640195
640194
640189
640185
640167
640158
640153
640069
640068
640147
640141
640140
640138
640136
640135
640134
640133
640132
640131
640067
640066
640130
640129
640128
640127
640126
640125
640124
640123
640122
640121
640065
640063
640120
640119
640117
640116
640115
640114
640113
640112
640111
640110
640109
640106
640104
640103
640102
640101
640100
640099
640098
640097
640096
640095
640094
640093
640092
640091
640090
640089
640088
640087
640086
640084
640083
640085
640082
640081
640080
640079
640078
640077
640076
640074
640073
640072
640071
640070
640054
640053
640064
640056
640052
640055
640051
640050
640049
640048
640047
640046
640045
640044
640043
640042
640041
640040
640039
640038
640037
640036
640031
640030
640029
640028
640027
640026
640025
640024
640022
640021
640020
640019
640018
640017
640016
640015
640013
640012
640010
639999
639998
639996
640009
640008
640006
640005
640004
640003
640002
640001
640007
639993
639991
639997
639995
639994
639992
639990
639989
639988
639987
639986
639979
639981
639982
639975
639977
639976
639974
639984
639983
639980
639973
639972
639971
639970
639969
639968
639967
639966
639965
639964
639963
639962
639961
639960
639959
639958
639956
639955
639954
639953
639952
639951
639950
639949
639948
639947
639946
639944
639943
639942
639941
639940
639939
639938
639937
639936
639935
639934
639933
639932
639931
639930
639928
639927
639926
639925
639924
639923
639922
639921
639920
