645312
644977
644955
644968
644957
644963
644972
644974
644973
644978
644975
644976
644971
644969
644962
644961
644965
644966
644970
644964
644958
644956
644967
644960
644954
645260
645316
645283
645317
645321
645413
645315
645412
645270
645265
645323
645411
645322
645290
645333
645409
645318
645275
645410
645406
645325
645297
645334
645272
645405
645274
645330
645404
645402
645285
645400
645399
645398
645401
645331
645397
645396
645394
645305
645320
645310
645395
645302
645393
645388
645233
645257
645391
645390
645389
645319
645308
645311
645228
645225
645224
645387
645386
645385
645384
645382
645365
645363
645351
645350
645349
645348
645347
645345
645346
645220
645218
645201
645206
645212
645208
645202
645200
645198
645004
645005
645006
645007
645008
645003
645002
644993
644997
644995
644996
644998
644999
644994
644990
644991
644992
644983
644979
644981
644951
644953
644952
644987
644988
644980
644985
644989
644986
644982
645122
645048
645043
645019
645366
645172
645339
645344
644937
644938
644939
645030
645133
645179
645327
645332
645036
645153
645170
645336
645337
645050
645017
645016
645015
645014
645013
645408
645407
645403
645392
645383
645380
645379
645378
645377
645376
645375
645374
645373
645372
645371
645370
645369
645368
645367
645364
645362
645361
645360
645359
645358
645357
645356
645355
645354
645353
645352
645049
645343
645342
645341
645340
645215
645214
645338
645335
645329
645328
645326
645324
645314
645313
645309
645307
645306
645304
645303
645301
645300
645299
645296
645295
645294
645293
645292
645291
645289
645288
645287
645216
645075
645074
645284
645282
645281
645280
645279
645277
645276
645273
645271
645269
645267
645266
645264
645263
645262
645261
645259
645258
645256
645255
645254
645253
645251
645250
645249
645248
645247
645246
645245
645243
645241
645240
645239
645238
645237
645236
645235
645234
645230
645229
645227
645226
645223
645222
645221
645219
645213
645211
645210
645209
645207
645205
645204
645203
645199
645197
645196
645195
645194
645193
645192
645191
645190
645189
645188
645187
645186
645185
645184
645183
645182
645181
645180
645178
645177
645163
645162
645176
645174
645173
645169
645168
645166
645160
645159
645165
645164
645157
645156
645161
645158
645155
645154
645152
645151
645150
645149
645148
645147
645146
645144
645143
645142
645141
645140
645139
645138
645137
645136
645135
645134
645132
645131
645129
645127
645126
645125
645124
645123
645120
645119
645118
645117
645116
645115
645114
645113
645112
645111
645110
645109
645107
645106
645105
645104
645103
645102
645101
645100
645099
645098
645097
645096
645095
645094
645093
645092
645091
645090
645089
645088
645087
645086
645085
645084
645083
645082
645081
645080
645079
645078
645076
645073
645072
645071
645070
645069
645068
645067
645066
645065
645064
645063
645062
645061
645060
645059
645057
645055
645054
645053
645052
645051
645047
645046
645045
645044
645042
645040
645038
645037
645034
645033
645032
645031
645029
645028
645027
645026
645024
645022
645021
645020
645018
645012
645011
645010
645009
645001
645000
644984
644959
644950
644949
644948
644946
644943
644942
644941
644935
644934
644933
644932
644931
644926
644930
644929
644928
644927
