603805
603860
603863
603858
603667
603666
603726
603823
603819
603794
603861
603864
603665
603663
603662
603659
603657
603850
603814
603775
603670
603856
603855
603668
603853
603832
603675
603812
603852
603848
603846
603822
603718
603784
603800
603801
603802
603803
603798
603797
603799
603796
603791
603793
603790
603789
603792
603788
603785
603786
603787
603795
603806
603763
603820
603824
603837
603838
603839
603840
603873
603776
603774
603771
603769
603767
603766
603765
603764
603762
603770
603883
603884
603876
603874
603872
603871
603868
603867
603866
603780
603857
603854
603851
603849
603847
603845
603844
603843
603842
603841
603836
603813
603811
603810
603835
603804
603730
603808
603833
603826
603830
603834
603831
603829
603809
603828
603827
603825
603821
603818
603817
603816
603815
603807
603781
603779
603778
603777
603773
603772
603768
603761
603760
603759
603758
603756
603755
603754
603753
603752
603751
603750
603749
603748
603747
603746
603745
603744
603743
603742
603741
603740
603739
603738
603737
603736
603735
603734
603733
603731
603729
603728
603720
603723
603724
603727
603725
603722
603678
603721
603680
603679
603719
603717
603716
603715
603714
603713
603712
603711
603710
603709
603708
603707
603706
603705
603704
603703
603702
603701
603700
603699
603698
603697
603696
603695
603694
603693
603692
603691
603690
603689
603688
603687
603686
603685
603684
603683
603682
603677
603676
603674
603673
603672
603664
603653
603655
603652
