661951
661950
661966
661979
661977
662366
662204
662175
662174
662198
662195
662165
662147
662189
662170
662152
662139
662103
662101
662099
662097
661964
661961
662137
662096
662093
662367
662092
662088
661952
661954
661955
661956
661957
661958
661959
661960
661962
661963
661965
661967
661968
661969
661970
661971
661972
661973
661975
661976
661978
661980
661981
661982
661983
661984
661986
661987
661988
661989
661990
661991
661992
661993
661994
661995
661996
661997
661998
661999
662002
662003
662004
662005
662006
662007
662008
662010
662011
662012
662013
662024
662028
662029
662030
662031
662032
662033
662034
662037
662038
662039
662040
662172
662153
662094
662138
662087
662084
662425
662427
662431
662434
662438
662442
662090
662171
662150
661949
661948
662100
662102
662091
662098
662095
662086
662085
662445
662501
662503
662424
662436
662426
662422
662428
662423
662429
661947
661946
661953
662015
662025
662026
662027
662023
662021
662020
662019
662018
662017
662016
662014
661920
661919
661918
661917
661915
662498
662497
662496
662495
662494
662493
662492
662491
662490
662489
662488
662487
662486
662485
662484
662483
662482
662481
661913
661912
661911
661910
661909
661908
662480
662479
662476
662475
662474
662473
662472
662471
662470
662468
662467
662466
662465
662464
662463
662462
662461
662460
662105
662115
662104
662112
662116
662118
661945
661907
661906
661905
661904
661903
661902
661901
661900
661899
662506
662505
662504
662500
662499
662478
662477
662459
662458
662457
662456
662455
662454
662453
662452
662451
662450
662449
662448
662447
662446
662469
662444
662443
662009
662136
662213
662305
662323
662329
662330
662331
662333
662334
662335
662341
662363
662440
662439
662437
662435
662433
662432
662430
662421
662420
662419
662418
662417
662416
662415
662414
662413
662412
662411
662410
662409
662408
662407
662406
662405
662404
662403
662401
662400
662399
662398
662397
662396
662395
662394
662393
662392
662391
662390
662389
662388
662387
662386
662385
662384
662383
662382
662381
662380
662379
662378
662377
662376
662375
662374
662373
662372
662371
662370
662369
662368
662365
662364
662362
662361
662360
662359
662358
662357
662356
662355
662354
662353
662352
662351
662275
662350
662349
662347
662346
662345
662344
662343
662342
662340
662339
662338
662337
662336
662332
662328
662327
662325
662324
662322
662320
662318
662317
662316
662315
662314
662313
662312
662311
662310
662309
662307
662306
662304
662303
662302
662301
662300
662299
662298
662297
662296
662289
662288
662287
662286
662285
662284
662283
662282
662281
662280
662279
662278
662277
662276
662274
662273
662272
662271
662270
662269
662268
662266
662265
662264
662263
662262
662261
662260
662259
662256
662255
662254
662253
662252
662251
662250
662249
662248
662247
662246
662245
662244
662243
662242
662240
662239
662238
662237
662233
662231
662230
662236
662235
662234
662232
662229
662228
662227
662226
662223
662219
662218
662225
662224
662217
662216
662215
662214
662212
662210
662208
662207
662206
662205
662203
662202
662201
662199
662196
662197
662194
662193
662192
662191
662190
662188
662187
662186
662185
662183
662182
662181
662180
662179
662178
662177
662176
662169
662168
662167
662166
662173
662164
662162
662159
662158
662157
662155
662146
662145
662144
662143
662142
662141
662163
662160
662156
662154
662151
662149
662148
662140
662135
662134
662133
662132
662131
662130
662129
662128
662127
662126
662125
662124
662123
662122
662121
662120
662119
662117
662114
662113
662111
662110
662109
662108
662107
662106
662089
662083
662081
662080
662078
662077
662076
662075
662074
662072
662071
662070
662069
662068
662067
662066
662065
662064
662063
662062
662061
662060
662057
662056
662055
662054
662053
662052
662051
662050
662049
662048
662047
662046
662045
662044
662043
662042
662036
662035
662022
662001
662000
661985
661974
661944
661943
661942
661941
661940
661939
661938
661937
661936
661935
661934
661933
661932
661931
661930
661929
661928
661927
661926
661924
661922
661921
661916
661914
661898
661897
661896
661895
