681788
681789
681785
681787
681795
681565
681557
681556
681823
681813
681555
681554
681551
681550
681775
681548
681546
681545
681544
681543
681542
681583
681584
681540
681539
681538
681537
681536
681535
681534
681533
681586
681589
681582
681585
681604
681611
681619
681635
681643
681749
681753
681757
681532
681531
681530
681528
681527
681526
681525
681590
681588
681587
681524
681523
681522
681521
681520
681846
681845
681843
681841
681839
681838
681837
681836
681835
681834
681833
681827
681826
681825
681824
681822
681821
681786
681820
681819
681818
681817
681816
681815
681814
681812
681811
681810
681809
681808
681807
681806
681805
681804
681803
681802
681801
681800
681799
681797
681796
681794
681793
681792
681791
681790
681784
681783
681781
681519
681518
681517
681780
681779
681778
681777
681776
681774
681773
681772
681771
681770
681769
681767
681766
681765
681764
681763
681762
681761
681760
681759
681758
681756
681755
681754
681752
681751
681750
681748
681747
681746
681745
681744
681743
681742
681741
681739
681738
681737
681736
681735
681734
681733
681732
681731
681730
681729
681728
681727
681726
681725
681724
681723
681722
681721
681720
681719
681718
681717
681716
681715
681714
681713
681712
681711
681710
681709
681708
681707
681706
681705
681704
681703
681702
681701
681700
681699
681698
681697
681696
681695
681694
681693
681692
681691
681690
681689
681688
681687
681686
681685
681684
681683
681682
681681
681680
681679
681678
681677
681676
681675
681674
681673
681672
681670
681669
681668
681667
681666
681665
681664
681663
681662
681661
681660
681659
681658
681657
681656
681655
681654
681652
681651
681650
681648
681647
681646
681645
681644
681642
681641
681640
681639
681638
681637
681636
681634
681633
681632
681631
681630
681629
681628
681627
681626
681625
681624
681623
681622
681621
681620
681618
681617
681616
681609
681615
681614
681613
681612
681610
681608
681607
681606
681605
681603
681602
681601
681600
681599
681594
681595
681596
681597
681598
681593
681592
681591
681581
681580
681579
681578
681576
681575
681574
681573
681572
681529
681564
681569
681571
681570
681568
681567
681566
681563
681562
681561
681560
681559
681558
681553
681552
681549
681547
681541
