613354
613447
613448
613446
613444
613442
613441
613455
613439
613437
613436
613433
613430
613428
613424
613431
613409
613399
613403
613405
613410
613400
613380
613302
613303
613304
613382
613381
613305
613301
613363
613472
613345
613402
613371
613486
613386
613379
613373
613372
613456
613451
613449
613353
613350
613349
613347
613344
613374
613453
613454
613426
613445
613435
613434
613432
613420
613390
613474
613462
613457
613485
613483
613286
613281
613339
613336
613335
613334
613332
613460
613461
613479
613476
613341
613340
613311
613312
613322
613284
613285
613288
613278
613280
613283
613351
613319
613321
613356
613357
613289
613290
613482
613481
613480
613478
613477
613475
613459
613468
613473
613471
613470
613469
613467
613464
613465
613466
613463
613329
613330
613443
613452
613377
613419
613427
613421
613423
613413
613404
613401
613376
613375
613425
613440
613450
613415
613429
613422
613416
613411
613407
613398
613397
613396
613395
613391
613392
613393
613389
613388
613387
613346
613385
613384
613383
613378
613370
613369
613368
613364
613362
613361
613318
613358
613360
613359
613328
613352
613348
613355
613343
613342
613338
613337
613333
613327
613326
613325
613324
613317
613298
613314
613315
613316
613313
613323
613320
613310
613309
613308
613307
613306
613300
613299
613297
613296
613295
613293
613294
613292
613291
613279
613277
