665137
665136
665135
665134
665139
665138
665329
665312
665331
665325
665311
665308
665305
665328
665299
665327
665307
665310
665309
665304
665303
665306
665262
665250
665128
665129
665130
665155
665173
665175
665182
665199
665209
665210
665229
665369
665260
665259
665253
665133
665132
665131
665395
665394
665393
665392
665391
665390
665389
665379
665370
665368
665367
665362
665357
665356
665354
665127
665126
665125
665124
665123
665400
665399
665398
665397
665396
665388
665387
665386
665385
665384
665383
665382
665381
665380
665378
665377
665376
665375
665374
665373
665372
665371
665365
665363
665361
665360
665359
665358
665355
665353
665352
665351
665350
665349
665347
665346
665345
665344
665343
665342
665341
665340
665339
665338
665337
665336
665335
665334
665333
665332
665330
665326
665324
665323
665322
665321
665320
665319
665318
665317
665316
665315
665314
665313
665302
665301
665298
665297
665296
665295
665294
665293
665292
665291
665290
665289
665288
665287
665286
665285
665284
665283
665282
665281
665280
665279
665277
665276
665275
665274
665273
665272
665271
665270
665269
665268
665266
665265
665264
665263
665261
665258
665257
665256
665255
665254
665252
665251
665249
665248
665247
665246
665245
665244
665243
665242
665241
665240
665239
665238
665237
665236
665235
665234
665233
665232
665231
665230
665228
665227
665225
665224
665222
665221
665220
665219
665218
665217
665216
665215
665214
665213
665212
665211
665208
665207
665206
665204
665203
665202
665201
665200
665198
665197
665196
665195
665194
665193
665192
665191
665190
665189
665188
665187
665186
665185
665184
665183
665181
665180
665179
665178
665177
665176
665174
665172
665171
665170
665169
665168
665167
665166
665165
665164
665163
665162
665161
665160
665159
665158
665157
665156
665154
665153
665151
665150
665149
665148
665147
665146
665144
665143
665142
665141
665140
665122
665121
665120
665119
665118
665117
665084
665116
665115
665087
665085
665114
665113
665112
665111
665110
665109
665108
665107
665106
665105
665104
665103
665102
665101
665100
665099
665098
665097
665096
665095
665094
665093
665092
665091
665090
665089
665086
665083
