667708
667700
667696
667707
667694
667692
667691
667709
667697
667705
667701
667703
667698
667695
667690
667446
667626
667591
667590
667729
667589
667561
667559
667558
667557
667556
667555
667554
667553
667550
667552
667735
667734
667733
667732
667731
667730
667728
667727
667726
667725
667724
667723
667722
667721
667720
667719
667718
667716
667715
667714
667713
667711
667710
667706
667460
667474
667477
667506
667508
667519
667527
667528
667653
667655
667659
667704
667702
667699
667693
667689
667688
667678
667679
667683
667684
667685
667687
667686
667682
667681
667680
667676
667677
667675
667674
667673
667672
667671
667670
667669
667668
667667
667666
667665
667664
667663
667662
667661
667660
667658
667656
667654
667652
667651
667650
667648
667647
667646
667645
667644
667642
667641
667640
667638
667636
667635
667634
667633
667632
667631
667630
667628
667627
667625
667623
667622
667621
667620
667619
667618
667617
667616
667615
667614
667613
667612
667611
667610
667609
667608
667607
667605
667604
667603
667601
667600
667599
667598
667597
667596
667595
667594
667593
667587
667586
667585
667584
667583
667582
667581
667580
667579
667578
667577
667576
667575
667574
667573
667572
667571
667570
667569
667568
667567
667562
667566
667565
667564
667563
667560
667551
667549
667548
667547
667546
667545
667544
667543
667542
667541
667540
667539
667537
667536
667535
667533
667532
667530
667526
667525
667524
667523
667522
667521
667518
667517
667516
667515
667514
667513
667511
667510
667509
667501
667507
667505
667504
667503
667502
667500
667499
667498
667497
667496
667495
667494
667493
667492
667490
667489
667488
667487
667486
667485
667484
667483
667482
667481
667480
667479
667478
667475
667473
667472
667471
667470
667469
667468
667467
667466
667465
667464
667463
667462
667461
667459
667458
667448
667453
667457
667456
667455
667454
667452
667451
667450
667449
667447
667445
667444
667443
667442
667441
667440
667439
667438
667437
667435
667434
667433
667432
667431
667430
667429
667428
667426
667425
667424
