600610
600647
600579
600584
600675
600659
600735
600734
600655
600727
600658
600726
600722
600752
600657
600653
600621
600642
600575
600588
600652
600670
600736
600668
600662
600763
600762
600737
600745
600660
600749
600648
600758
600754
600620
600641
600743
600744
600738
600740
600741
600746
600747
600761
600757
600760
600756
600759
600755
600753
600750
600751
600748
600742
600739
600730
600731
600732
600729
600728
600725
600724
600719
600723
600721
600720
600718
600717
600716
600715
600714
600713
600712
600711
600710
600709
600708
600707
600706
600705
600704
600703
600702
600701
600700
600699
600698
600697
600696
600695
600694
600693
600692
600691
600690
600689
600688
600687
600686
600685
600684
600683
600682
600681
600680
600679
600678
600677
600676
600674
600654
600673
600672
600671
600669
600667
600666
600665
600664
600663
600661
600656
600651
600650
600649
600645
600644
600643
600640
600639
600583
600638
600637
600636
600635
600634
600633
600632
600631
600630
600629
600628
600627
600626
600625
600624
600623
600622
600619
600618
600582
600585
600590
600617
600612
600616
600615
600614
600609
600613
600608
600607
600606
600605
600604
600603
600602
600601
600599
600598
600597
600596
600595
600594
600593
600592
600591
600589
600587
600581
600578
600577
600576
600574
600573
600572
