649379
649375
649374
649373
649372
649342
649341
649337
649335
649301
649357
649251
649264
649279
649290
649292
649618
649657
649676
649380
649347
649338
649336
649699
649698
649697
649696
649695
649694
649693
649692
649691
649689
649688
649687
649686
649685
649684
649683
649682
649681
649680
649679
649678
649677
649674
649673
649672
649671
649670
649669
649668
649667
649666
649665
649664
649663
649662
649661
649660
649659
649658
649656
649655
649654
649653
649652
649651
649650
649649
649648
649647
649646
649645
649644
649643
649642
649641
649639
649638
649636
649635
649634
649633
649632
649631
649630
649627
649626
649625
649624
649622
649621
649620
649619
649617
649616
649615
649614
649574
649541
649509
649508
649507
649504
649502
649501
649499
649498
649352
649313
649495
649494
649491
649490
649458
649457
649456
649455
649427
649426
649425
649424
649423
649422
649421
649420
649419
649418
649417
649416
649415
649414
649412
649411
649410
649409
649408
649407
649406
649404
649403
649402
649401
649355
649400
649399
649398
649397
649396
649395
649394
649393
649392
649391
649390
649389
649388
649387
649386
649385
649384
649383
649382
649318
649317
649381
649377
649376
649371
649370
649369
649368
649367
649366
649365
649364
649362
649361
649360
649354
649353
649359
649358
649356
649351
649350
649349
649348
649346
649345
649344
649343
649340
649339
649334
649333
649332
649331
649330
649329
649328
649327
649326
649325
649315
649316
649324
649323
649322
649321
649320
649319
649312
649311
649310
649309
649308
649307
649306
649305
649303
649302
649300
649299
649298
649297
649296
649295
649294
649293
649289
649288
649287
649286
649285
649284
649283
649282
649281
649280
649278
649277
649276
649275
649274
649273
649272
649270
649269
649268
649267
649266
649265
649262
649261
649260
649259
649258
649257
649256
649255
649254
649253
649252
649250
