627838
627869
627870
628056
628057
628058
628117
628087
628112
628090
628088
628055
628054
628053
628048
628050
628049
628052
627880
628024
628017
628016
627879
628044
628043
628045
628046
628047
628040
628042
627993
628023
628026
627901
628022
628015
627994
627917
627919
627920
627922
627923
627924
627926
627927
627928
627929
627930
627931
627932
627933
627934
627935
627936
627937
627938
627939
627940
627941
627942
627943
627944
627945
627946
627948
627950
627953
627955
627956
627957
627958
627961
627962
627963
627964
627966
627968
627970
627972
627974
627975
627981
627910
628148
628147
628146
628145
628142
628144
628143
627887
627878
628141
628140
628139
628138
628137
628136
628135
628134
628133
628132
628131
628130
628129
628128
628127
628126
628125
628124
628123
628122
628121
628120
628119
628118
628116
628110
628109
628108
628107
628102
628100
628101
628097
628098
628096
628095
628103
628105
628104
628099
628094
628093
628071
628092
628089
628076
628077
628091
628067
628073
628064
628084
628063
628062
628085
628074
628069
628072
628082
628081
628080
628078
628086
628083
628079
628075
628070
628068
628066
628065
628061
628060
628059
628001
627982
627983
627859
628041
628039
628038
628037
628036
628035
628034
628033
628032
628031
628030
628029
628028
628027
628025
628021
628020
628019
628018
628014
628013
628012
628011
628010
628009
628007
628006
628005
628004
628003
628002
628000
627999
627998
627997
627996
627995
627992
627990
627989
627988
627987
627986
627985
627984
627980
627979
627978
627977
627976
627973
627971
627969
627967
627965
627960
627959
627954
627952
627951
627949
627947
627925
627921
627918
627916
627915
627914
627913
627912
627911
627908
627907
627906
627904
627903
627902
627900
627899
627898
627897
627896
627895
627894
627893
627892
627891
627890
627889
627886
627885
627884
627883
627882
627881
627877
627876
627874
627873
627871
627868
627867
627866
627865
627863
627862
627861
627860
627858
627857
627856
627855
627854
627852
627851
627850
627849
627848
627847
627846
627845
627844
627843
627842
627841
627839
627837
627836
627835
627834
627833
627832
627831
627830
627829
627828
627827
627826
627825
627824
627823
627821
627822
