617464
617435
617433
617471
617470
617468
617467
617465
617448
617437
617436
617430
617331
617498
617497
617379
617377
617293
617428
617427
617423
617420
617418
617415
617414
617380
617376
617375
617316
617474
617459
617434
617460
617401
617399
617398
617397
617385
617382
617381
617372
617370
617362
617404
617495
617364
617359
617351
617350
617400
617334
617402
617333
617449
617445
617461
617407
617444
617440
617426
617421
617344
617416
617348
617347
617346
617338
617342
617341
617337
617303
617301
617299
617298
617297
617332
617302
617479
617325
617330
617360
617361
617481
617492
617304
617472
617478
617484
617431
617496
617493
617480
617326
617336
617485
617477
617476
617475
617469
617466
617329
617328
617327
617491
617490
617489
617488
617487
617486
617483
617482
617463
617462
617458
617457
617456
617455
617454
617453
617452
617451
617450
617447
617446
617443
617439
617441
617432
617429
617424
617419
617417
617412
617411
617410
617409
617408
617406
617405
617403
617395
617394
617393
617392
617391
617390
617389
617388
617387
617386
617384
617383
617374
617373
617371
617369
617368
617367
617365
617366
617363
617358
617357
617356
617355
617354
617353
617352
617349
617345
617343
617340
617339
617335
617324
617323
617322
617321
617320
617319
617318
617317
617315
617314
617313
617311
617310
617309
617308
617306
617305
617300
