630705
630703
630592
630588
630586
630583
630582
630581
630643
630644
630659
630708
630711
630722
630577
630552
630525
630488
630487
630665
630597
630600
630602
630605
630751
630752
630753
630754
630755
630756
630757
630486
630540
630539
630537
630536
630535
630761
630760
630759
630758
630750
630749
630748
630747
630746
630745
630744
630742
630741
630740
630739
630737
630607
630606
630604
630603
630736
630735
630734
630733
630732
630731
630730
630729
630728
630727
630726
630725
630724
630723
630721
630720
630719
630718
630717
630716
630715
630714
630713
630712
630710
630709
630707
630706
630704
630702
630701
630700
630699
630698
630697
630696
630695
630694
630693
630692
630691
630690
630689
630688
630687
630686
630685
630684
630683
630682
630681
630680
630679
630678
630677
630676
630675
630674
630673
630672
630670
630669
630668
630667
630666
630664
630663
630662
630661
630660
630657
630656
630655
630654
630653
630652
630651
630650
630649
630648
630647
630646
630645
630642
630641
630640
630639
630637
630636
630635
630634
630633
630632
630631
630630
630628
630627
630626
630625
630417
630549
630624
630623
630622
630621
630620
630619
630618
630617
630615
630614
630613
630612
630611
630610
630609
630608
630601
630599
630598
630596
630595
630594
630593
630591
630590
630589
630587
630585
630584
630579
630578
630576
630574
630573
630572
630571
630570
630569
630568
630567
630566
630565
630564
630563
630562
630561
630560
630559
630558
630557
630556
630555
630554
630553
630551
630550
630548
630547
630546
630545
630544
630543
630542
630541
630534
630533
630531
630530
630529
630528
630527
630526
630524
630522
630521
630520
630519
630518
630517
630516
630515
630514
630513
630512
630511
630510
630509
630508
630507
630506
630505
630504
630503
630502
630501
630500
630499
630497
630496
630494
630493
630492
630490
630489
630485
630484
630483
630482
630481
630480
630479
630478
630477
630476
630475
630474
630473
630472
630471
630470
630469
630466
630465
630464
630463
630462
630461
630460
630459
630458
630457
630456
630455
630454
630453
630452
630451
630450
630449
630448
630447
630446
630445
630444
630443
630442
630441
630440
630439
630438
630437
630436
630435
630434
630433
630432
630431
630430
630428
630427
630426
630425
630424
630423
630422
630421
630420
630419
630418
630416
630415
630414
630413
630411
630410
630409
630408
630407
630406
630405
630404
