605242
605345
605211
605424
605399
605395
605427
605425
605406
605408
605404
605410
605258
605418
605396
605394
605393
605384
605382
605377
605430
605265
605288
605284
605289
605287
605286
605272
605270
605268
605264
605263
605262
605302
605431
605411
605372
605371
605370
605362
605313
605347
605335
605343
605342
605344
605346
605332
605348
605316
605315
605312
605367
605358
605354
605352
605350
605290
605283
605281
605259
605257
605253
605212
605421
605249
605254
605314
605361
605373
605374
605379
605390
605252
605251
605415
605414
605413
605363
605364
605341
605208
605340
605339
605338
605337
605336
605334
605333
605331
605330
605329
605328
605327
605326
605325
605324
605323
605322
605321
605320
605317
605311
605310
605309
605308
605307
605306
605305
605304
605303
605301
605300
605299
605298
605297
605296
605295
605294
605293
605292
605291
605285
605282
605280
605279
605278
605277
605276
605275
605274
605273
605271
605269
605267
605266
605435
605434
605432
605429
605426
605228
605234
605243
605244
605232
605423
605419
605417
605416
605246
605231
605412
605422
605407
605405
605403
605402
605401
605400
605398
605397
605392
605391
605389
605388
605386
605385
605383
605381
605380
605378
605376
605375
605369
605368
605366
605359
605360
605357
605353
605349
605261
605260
605256
605255
605250
605248
605247
605241
605240
605239
605238
605236
605235
605230
605229
605227
605226
605225
605224
605223
605222
605221
605220
605219
605218
605217
605216
605215
605214
605213
605207
605205
605209
605206
605203
605202
605201
