619757
619744
619795
619702
619707
619762
619759
619791
619711
619710
619708
619788
619787
619786
619732
619709
619706
619785
619781
619780
619779
619688
619692
619683
619682
619773
619772
619770
619771
619731
619730
619704
619703
619726
619723
619722
619721
619769
619755
619761
619760
619740
619728
619736
619737
619698
619697
619747
619776
619745
619685
619684
619686
619783
619794
619792
619790
619784
619778
619749
619775
619774
619777
619768
619767
619766
619765
619738
619734
619735
619742
619746
619743
619764
619739
619741
619733
619751
619750
619748
619758
619756
619753
619752
619729
619725
619724
619720
619719
619718
619717
619716
619715
619714
619712
619705
619701
619700
619699
619696
619695
619694
619693
619691
619690
619687
