649847
649864
649867
649869
649872
649879
649891
649892
649900
649901
649902
649903
649904
649861
649862
649811
649856
649843
649833
649831
649823
649821
649826
649818
649816
649791
649787
649737
649738
649781
649779
649773
649775
649760
649761
649767
649765
649751
649746
649739
649735
649927
649926
649929
649928
650172
650175
650173
650174
650176
650170
650168
650165
650169
650166
649922
649921
649920
649919
649925
649924
649923
649918
649917
649916
649915
649914
649913
649912
650150
650159
650158
650157
650156
650155
650153
650152
650151
650149
650148
649974
649973
649972
649971
649970
649969
649968
649967
650273
650311
650305
649966
649965
649964
649963
649962
649961
649960
649959
650163
650162
650161
650160
650268
650252
650315
650302
650264
650271
650304
650258
650251
650270
650292
650277
650265
650126
650260
650094
650093
650091
650089
650086
650259
650263
650253
650303
650100
650095
650077
650250
650075
650248
650074
650072
650300
650301
650312
650297
650293
650096
650084
650079
650256
650080
650088
650073
650064
650053
650049
650299
650266
650048
650047
650076
650257
650222
650138
650046
650043
650078
649937
650308
650254
649935
650140
649899
649898
649897
649896
649895
649894
649893
649890
649889
649888
649887
649886
649885
649884
649883
649882
649881
649880
649878
649877
649876
649908
649875
649874
649873
649871
649870
649868
649866
649865
649863
649860
649859
649858
649857
649855
649854
649853
649852
649851
649850
649849
649848
649846
649907
649845
649844
649842
649841
649840
649839
649838
649837
649836
649835
649834
649832
649830
649829
649828
650316
650307
650278
650164
650004
650083
649934
649940
650002
650085
649999
650082
650003
650000
649998
649997
649994
650224
650223
649995
650056
650052
650145
650143
649827
649825
649824
649822
649820
649819
649817
649815
649814
649813
649812
649810
649809
649808
649807
649806
649805
649804
649803
649802
649801
649800
649799
649798
649797
649796
649795
649794
649793
649792
649790
649789
649788
649786
649785
649784
649783
649782
649780
649778
649777
649776
649774
649772
649771
649770
649769
649768
649766
649764
649763
649762
649759
649758
649757
649756
649755
649754
649753
649752
649750
649749
649748
649747
649745
649939
649936
650005
650219
650220
650177
650178
650215
650217
649938
649996
649941
650196
649906
649905
649744
649743
649742
649741
649740
649736
649734
649733
649732
649731
649730
649729
649728
649727
649726
649725
649724
649723
649722
649721
649720
649719
649718
649717
649716
649715
649714
649713
649712
649711
649710
649709
649708
649707
649706
649705
649704
649930
649933
649976
650027
650051
650186
650187
650195
650199
650206
650241
650269
650295
650346
650345
650344
650343
650342
650341
650340
650339
650338
650337
650336
650335
650334
650333
650332
650331
650330
650329
650328
650327
650326
650325
650324
650323
650322
650321
650320
650319
650318
650317
650314
650313
650310
650309
650306
650298
650296
650294
650291
650290
650289
650288
650287
650286
650284
650283
650282
650281
650279
650276
650275
650274
650272
650267
650262
650261
650255
650249
650247
650246
650245
650244
650243
650242
650240
650239
650238
650236
650234
650233
650221
650218
650216
650214
650213
650212
650211
650210
650209
650208
650207
650205
650204
650203
650202
650201
650200
650198
650197
650194
650193
650192
650191
650190
650188
650185
650184
650182
650181
650180
650179
650171
650167
650154
650147
650136
650137
650146
650139
650135
650134
650133
650132
650131
650130
650129
650128
650127
650125
650124
650123
650122
650121
650120
650119
650118
650117
650116
650115
650114
650113
650112
650111
650110
650108
650107
650106
650105
650104
650103
650102
650101
650097
650098
650092
650090
650035
650039
650036
650038
650037
650070
650069
650068
650067
650066
650065
650063
650062
650061
650060
650059
650058
650057
650055
650054
650050
650031
650019
650045
650044
650042
650041
650040
650021
650023
650034
650033
650032
650030
650020
650028
650026
650025
650024
650022
650018
650017
650016
650015
650014
650013
650012
650011
650010
650009
650007
650008
650006
650001
649993
649992
649991
649990
649989
649988
649987
649986
649985
649984
649983
649982
649981
649980
649979
649978
649977
649975
649958
649946
649947
649948
649949
649950
649945
649957
649956
649955
649954
649953
649952
649942
649943
649932
649931
649911
649910
649909
649703
649702
649701
649700
