642120
642118
642206
642121
642119
642153
642228
642221
642222
642224
642226
642220
642218
642213
642215
642217
642216
642212
642112
642125
642127
642128
642147
642172
642194
642201
642202
642204
642205
642207
642233
642246
642267
642270
642322
642368
642381
642090
642431
642430
642429
642428
642427
642426
642425
642424
642423
642422
642421
642420
642419
642418
642417
642416
642403
642404
642405
642406
642407
642408
642409
642410
642411
642412
642415
642414
642402
642401
642400
642399
642398
642397
642396
642395
642394
642393
642392
642391
642390
642389
642388
642387
642386
642385
642384
642383
642382
642380
642379
642378
642377
642376
642375
642374
642373
642371
642369
642366
642365
642364
642363
642362
642360
642359
642357
642356
642355
642354
642353
642316
642314
642309
642308
642352
642351
642350
642348
642347
642346
642345
642344
642343
642342
642341
642338
642337
642336
642335
642334
642333
642331
642329
642307
642328
642327
642325
642324
642323
642321
642312
642311
642320
642319
642318
642317
642313
642310
642306
642305
642304
642303
642302
642301
642300
642299
642298
642297
642296
642295
642294
642293
642291
642290
642289
642288
642287
642286
642285
642284
642283
642282
642281
642280
642279
642278
642276
642275
642274
642273
642271
642268
642265
642264
642263
642262
642260
642259
642258
642257
642254
642250
642256
642253
642252
642251
642249
642248
642247
642245
642244
642243
642242
642241
642240
642239
642238
642237
642236
642235
642219
642225
642227
642229
642234
642231
642230
642223
642211
642209
642200
642203
642199
642198
642197
642196
642195
642193
642192
642191
642190
642189
642188
642187
642186
642185
642184
642183
642182
642181
642180
642179
642178
642177
642176
642168
642166
642174
642173
642171
642170
642169
642165
642167
642164
642163
642161
642160
642159
642158
642157
642156
642155
642150
642154
642152
642151
642149
642148
642146
642145
642144
642142
642140
642139
642138
642137
642136
642135
642134
642133
642132
642130
642129
642126
642124
642123
642122
642117
642116
642115
642114
642113
642111
642110
642109
642108
642107
642106
642105
642104
642103
642102
642101
642100
642099
642022
642050
642073
642098
642097
642096
642095
642094
642093
642092
642091
642089
642088
642087
642086
642085
642084
642083
642082
642081
642080
642079
642078
642077
642076
642075
642074
642072
642071
642070
642069
642068
642067
642066
642065
642064
642063
642062
642061
642060
642059
642058
642057
642056
642055
642054
642053
642052
642051
642048
642047
642046
642045
642044
642043
642042
642041
642040
642039
642038
642037
642036
642034
642033
642032
642031
642030
642029
642028
642027
642026
642025
642024
642023
642021
