615084
615159
615221
615174
615180
615181
615178
615179
615177
615176
615175
615173
615172
615171
615170
615192
615204
615216
615158
615080
615237
615236
615232
615215
615206
615203
615202
615201
615193
615229
615156
615072
615074
615254
615253
615188
615186
615184
615161
615099
615076
615129
615146
615163
615226
615249
615252
615257
615241
615212
615210
615196
615194
615147
615105
615104
615256
615255
615246
615239
615238
615167
615145
615140
615139
615137
615152
615151
615149
615150
615118
615094
615092
615091
615089
615088
615230
615095
615097
615119
615220
615116
615222
615223
615224
615225
615235
615250
615234
615231
615228
615227
615219
615218
615217
615121
615122
615123
615111
615110
615079
615096
615102
615108
615261
615260
615259
615258
615233
615248
615247
615245
615244
615243
615242
615240
615130
615213
615211
615209
615208
615207
615183
615205
615199
615198
615197
615185
615187
615195
615189
615191
615169
615168
615166
615165
615162
615157
615155
615154
615153
615148
615144
615143
615142
615141
615138
615136
615134
615133
615132
615131
615125
615128
615127
615126
615124
615120
615117
615115
615113
615112
615109
615107
615101
615106
615103
615098
615093
615090
615087
615086
615085
615083
615082
615078
615077
615075
615071
