636994
636993
636985
636990
636992
636991
636987
636989
636988
636986
636984
636983
637157
637156
636967
637037
637042
637036
637034
637032
637021
637031
637017
637026
637019
637018
636824
636968
636867
637169
637168
637167
637166
637165
637164
637163
637162
637161
637160
637159
637158
637155
637154
637153
636761
636803
636881
636882
636947
637056
637114
637117
637136
637141
637152
637151
637150
637149
637148
637147
637145
637146
637144
637143
637142
637140
637139
637138
637137
637135
637134
637133
637131
637130
637129
637128
637127
637126
637125
637124
637123
637122
637121
637120
637119
637118
637116
637115
637113
637111
637110
637109
637108
637107
637106
637105
637104
637103
637102
637101
637100
637099
637098
637097
637096
637095
637094
637093
637092
637091
637089
637088
637087
637086
637085
637084
637083
637082
637081
637080
637079
637077
637076
637075
637073
637072
637071
637070
637069
637068
637067
637066
637065
637064
637063
637062
637061
637060
637059
637058
637057
637055
637054
637053
637052
637051
637050
637049
637048
637047
637046
637045
637044
637043
637041
637039
637035
637033
637030
637028
637027
637025
637024
637023
637022
637020
637016
637015
637014
637013
637012
637011
637010
637009
637008
637006
637005
637004
637003
637002
637001
636999
636997
636996
636995
636982
636981
636980
636979
636978
636977
636976
636975
636974
636973
636972
636971
636970
636969
636966
636964
636963
636962
636961
636960
636959
636957
636956
636955
636954
636953
636952
636951
636950
636949
636948
636946
636945
636944
636943
636942
636941
636939
636938
636937
636936
636935
636898
636934
636933
636932
636931
636930
636929
636928
636927
636926
636925
636924
636923
636922
636921
636920
636919
636918
636917
636916
636915
636914
636913
636912
636911
636910
636909
636908
636907
636906
636904
636903
636902
636901
636900
636899
636897
636896
636895
636894
636893
636892
636891
636890
636889
636888
636887
636886
636885
636884
636883
636880
636879
636878
636876
636875
636874
636873
636872
636871
636870
636869
636868
636866
636865
636864
636862
636861
636860
636859
636858
636857
636855
636854
636853
636850
636849
636846
636838
636839
636844
636837
636835
636834
636843
636833
636831
636830
636829
636828
636841
636827
636840
636826
636825
636823
636822
636821
636819
636818
636817
636816
636815
636814
636813
636812
636811
636810
636809
636808
636807
636806
636805
636804
636802
636801
636800
636799
636798
636797
636796
636795
636794
636793
636792
636791
636790
636789
636788
636787
636786
636785
636784
636783
636782
636781
636780
636779
636777
636776
636775
636774
636773
636772
636771
636770
636769
636768
636767
636766
636765
636764
636763
636762
636760
636759
