652009
652007
652010
651950
651945
651946
651795
652045
651952
651964
651794
651792
651695
651691
651696
651692
651678
651677
651951
651689
651697
651676
651947
651793
651694
651660
651693
651690
651604
651605
651817
651818
651799
651910
651909
652016
652020
652043
652042
652041
652040
652039
652038
652037
652036
652035
652033
652032
652031
652030
652029
652028
652027
651656
651665
651716
651718
651798
651856
651886
651915
651916
651937
651944
651971
651979
652026
652025
652024
652023
652022
652021
652019
652018
652017
652015
652013
652012
652011
652008
652005
652004
652002
652001
652000
651999
651998
651996
651995
651994
651993
651990
651989
651987
651986
651985
651984
651982
651981
651980
651978
651977
651976
651975
651970
651969
651968
651967
651966
651965
651963
651962
651961
651960
651959
651958
651956
651955
651954
651953
651949
651948
651935
651936
651938
651943
651942
651941
651940
651939
651934
651933
651932
651931
651930
651928
651926
651925
651924
651923
651921
651919
651918
651917
651914
651913
651912
651911
651908
651907
651906
651905
651904
651903
651902
651900
651899
651898
651897
651896
651895
651894
651892
651891
651890
651889
651888
651885
651884
651882
651881
651880
651879
651878
651876
651874
651873
651872
651870
651869
651868
651867
651866
651865
651864
651863
651862
651861
651860
651858
651763
651764
651770
651857
651855
651854
651853
651852
651851
651850
651849
651848
651847
651846
651845
651844
651843
651772
651766
651842
651841
651840
651839
651838
651837
651836
651834
651833
651832
651831
651830
651829
651828
651827
651826
651825
651824
651823
651822
651821
651820
651819
651816
651815
651814
651813
651812
651811
651810
651809
651808
651807
651803
651802
651801
651800
651797
651767
651774
651796
651791
651790
651789
651788
651787
651786
651785
651784
651783
651782
651781
651780
651779
651778
651777
651776
651775
651773
651771
651769
651768
651765
651762
651761
651760
651759
651758
651757
651756
651755
651754
651753
651752
651751
651750
651749
651748
651747
651746
651745
651744
651743
651742
651741
651740
651739
651738
651737
651736
651735
651734
651733
651732
651731
651730
651729
651728
651727
651726
651725
651724
651723
651722
651721
651720
651719
651717
651715
651714
651713
651712
651710
651708
651706
651705
651704
651703
651702
651701
651700
651699
651698
651688
651687
651684
651683
651680
651679
651675
651674
651673
651672
651671
651670
651669
651666
651664
651663
651662
651661
651659
651658
651657
651655
651654
651653
651652
651651
651650
651649
651648
651647
651646
651645
651644
651643
651642
651641
651640
651639
651638
651637
651636
651635
651634
651633
651632
651631
651630
651629
651628
651627
651600
651601
651626
651625
651624
651623
651622
651621
651620
651619
651618
651617
651616
651615
651614
651613
651612
651611
651610
651609
651608
651607
651606
651602
651599
651598
651597
651596
651595
651594
651593
651592
651591
651590
651589
651588
651587
651586
651585
651584
651583
651582
651581
