631807
631806
631805
631804
631803
631802
631801
631800
631798
631797
631796
631795
631794
631793
631792
631791
631790
631789
631787
631786
631785
631784
631783
631782
631781
631780
631779
631778
631777
631776
631774
631775
631773
631772
631770
631769
631768
631767
631766
631765
631764
631763
631762
631761
631760
631759
631758
631757
631756
631755
631754
631753
631752
631751
631750
631749
631748
631747
631746
631745
631744
631743
631742
631741
631740
631739
631738
631737
631736
631735
631734
631732
631731
631730
631729
631727
631698
631919
631920
631921
631922
631923
631924
631926
631927
631928
631929
631930
631931
631932
631933
631934
631935
631937
631938
631939
631940
631941
631942
631943
631944
631946
631948
631949
631950
631951
631952
631954
631955
631956
631957
631958
631959
631960
631961
631962
631964
631965
631966
631967
631968
631969
631970
631971
631972
631973
631976
631977
631979
631980
631981
631982
631984
631990
631997
631998
632000
632001
632002
632003
632004
632005
632006
631449
631726
631725
631724
631723
631722
631721
631720
631719
631718
631717
631716
631715
631714
631713
631712
631711
631710
631709
631708
631705
631703
631702
631701
631700
631699
631697
631696
631695
631694
631693
631692
631691
631690
631689
631688
631687
631686
631685
631684
631683
631682
631681
631680
631679
631678
631677
631676
631675
631674
631418
631905
631911
631908
631809
631913
631912
631906
631907
631811
631435
631818
631814
631568
631567
631436
631490
631543
631566
631609
631815
631850
631853
631871
631888
631899
631840
631816
631904
631810
631910
631672
631671
631669
631668
631667
631666
631665
631664
631663
631662
631661
631660
631659
631658
631657
631656
631655
631654
631653
631652
631651
631650
631649
631648
631647
631646
631645
631644
631642
631641
631640
631639
631638
631637
631636
631635
631634
631633
631632
631631
631630
631629
631628
631627
631626
631625
631624
631623
631622
631832
631833
631836
631837
632011
632010
632009
632008
632007
631999
631996
631995
631994
631993
631992
631991
631989
631988
631987
631986
631985
631983
631978
631975
631974
631963
631953
631947
631945
631936
631925
631918
631917
631916
631915
631914
631451
631450
631434
631433
631438
631439
631445
631444
631441
631446
631447
631448
631443
631442
631440
631428
631452
631431
631432
631430
631429
631408
631422
631423
631427
631425
631420
631424
631421
631413
631411
631407
631415
631416
631412
631410
631409
631406
631405
631909
631903
631900
631898
631897
631896
631895
631894
631893
631892
631891
631889
631887
631886
631885
631884
631883
631881
631880
631879
631878
631877
631876
631875
631454
631455
631456
631457
631458
631874
631873
631872
631870
631868
631867
631866
631865
631864
631863
631862
631861
631860
631859
631857
631856
631855
631852
631851
631849
631848
631847
631846
631845
631844
631843
631842
631841
631838
631834
631830
631829
631828
631827
631826
631825
631824
631823
631822
631821
631820
631819
631817
631813
631812
631808
631799
631788
631771
631733
631728
631707
631704
631673
631670
631643
631621
631620
631617
631615
631618
631613
631612
631611
631610
631608
631607
631606
631605
631604
631603
631602
631601
631600
631599
631598
631597
631596
631595
631594
631593
631592
631591
631590
631589
631588
631587
631586
631585
631583
631582
631581
631580
631579
631578
631577
631576
631575
631574
631573
631572
631571
631570
631569
631562
631561
631564
631563
631560
631559
631558
631557
631556
631555
631554
631553
631552
631551
631549
631548
631547
631546
631545
631544
631542
631541
631540
631538
631537
631536
631535
631534
631533
631532
631531
631530
631529
631528
631527
631526
631525
631524
631523
631522
631521
631520
631519
631518
631517
631516
631515
631514
631513
631512
631511
631510
631509
631508
631507
631506
631505
631504
631503
631502
631501
631500
631499
631498
631497
631496
631481
631482
631483
631484
631485
631486
631487
631488
631489
631491
631492
631493
631494
631495
631480
631479
631478
631477
631476
631475
631474
631473
631470
631469
631468
631467
631466
631465
631464
631463
631462
631461
631460
631453
631404
631417
631426
631414
631419
