609257
609256
609205
609193
609192
609191
609190
609189
609188
609187
609186
609185
609184
609183
609182
609181
609180
609179
609178
609177
609176
609175
609174
609173
609172
609171
609169
609168
609167
609166
609165
609164
609163
609161
609160
609159
609158
609157
609156
609154
609153
609152
609151
609150
609149
609148
609147
609145
609144
609143
609142
609141
609140
609138
609137
609136
609135
609134
609133
609132
609108
609204
609201
609203
609199
609198
609206
609200
609197
609196
609194
609195
609045
609122
609126
609127
609119
609130
609129
609128
609115
609118
609117
609120
609121
609124
609116
609125
609113
609112
609114
609109
609110
609073
609083
609271
609264
609261
609258
609245
609212
609210
609170
609155
609104
609090
609262
609058
609084
609076
609062
609074
609071
609069
609067
609066
609060
609057
609056
609054
609059
609053
609061
609237
609227
609317
609259
609255
609254
609253
609252
609251
609248
609247
609243
609246
609239
609233
609232
609218
609035
609079
609219
609309
609284
609272
609228
609223
609033
609039
609044
609088
609094
609095
609216
609222
609224
609050
609111
609225
609267
609268
609269
609270
609273
609274
609315
609275
609276
609277
609278
609280
609281
609282
609283
609107
609106
609105
609285
609288
609290
609291
609292
609293
609318
609296
609297
609298
609299
609314
609313
609312
609279
609286
609287
609289
609294
609295
609300
609303
609301
609302
609304
609305
609306
609308
609310
609311
609240
609226
609103
609102
609241
609266
609265
609260
609250
609078
609063
609249
609244
609242
609214
609215
609236
609238
609221
609235
609234
609231
609230
609229
609213
609211
609209
609208
609207
609202
609162
609146
609139
609131
609123
609082
609101
609100
609099
609098
609097
609096
609087
609093
609092
609091
609086
609085
609081
609080
609077
609075
609072
609068
609065
609064
609055
609052
609051
609040
609038
609049
609048
609047
609043
609042
609041
609037
609034
609032
609031
609030
609029
