629825
629835
629871
629879
629673
629674
629675
629676
629677
629678
629679
629680
629681
629682
629683
629684
629685
629686
629687
629688
629689
629690
629691
629692
629694
629695
629696
629697
629698
629699
629700
629701
629702
629703
629704
629705
629706
629707
629709
629710
629711
629712
629714
629716
629717
629718
629719
629720
629721
629722
629723
629724
629725
629726
629727
629728
629729
629730
629731
629732
629733
629734
629735
629737
629738
629739
629740
629741
629742
629743
629746
629747
629748
629749
629750
629751
629753
629754
629755
629756
629757
629758
629759
629761
629762
629763
629764
629765
629766
629767
629768
629769
629770
629771
629772
629773
629774
629775
629776
629777
629778
629779
629780
629781
629782
629783
629784
629785
629799
629631
629630
629816
629815
629814
629897
629896
629894
629892
629891
629889
629888
629887
629886
629885
629884
629883
629878
629877
629876
629875
629874
629873
629872
629870
629869
629868
629867
629866
629865
629864
629863
629862
629861
629860
629859
629858
629857
629856
629855
629854
629853
629852
629851
629850
629849
629848
629847
629846
629845
629844
629843
629842
629841
629840
629839
629838
629837
629836
629834
629833
629832
629831
629830
629829
629828
629827
629826
629824
629823
629822
629821
629804
629820
629819
629818
629817
629812
629811
629810
629809
629808
629807
629806
629805
629803
629802
629801
629800
629639
629669
629793
629798
629797
629796
629795
629794
629792
629791
629790
629789
629788
629787
629786
629760
629752
629745
629744
629736
629715
629713
629708
629693
629672
629671
629670
629668
629667
629666
629665
629664
629658
629661
629660
629659
629657
629656
629655
629653
629652
629651
629650
629649
629648
629647
629646
629645
629644
629643
629642
629641
629640
629638
629637
629636
629635
629634
629633
629632
629629
629628
629627
629626
629625
629624
629623
629622
629621
629620
629619
629618
629617
629616
629615
629614
629613
629612
629611
629610
629609
629608
629607
