684791
684792
684793
684790
684789
684788
685000
684999
684990
685001
684993
684998
684987
684997
685002
684992
684989
684996
684984
684994
684986
684983
684995
684991
684988
684985
684973
684972
684971
684970
684834
684835
684849
684866
684926
684951
685028
685033
685019
684769
684969
685038
685037
685036
685035
685034
685032
685031
685030
685029
685027
685026
685025
685024
685023
685022
685021
685020
685018
685017
685016
685015
685014
685013
685012
685011
685010
685009
685008
685007
685006
685005
685004
685003
684982
684981
684980
684979
684978
684977
684976
684975
684974
684968
684967
684966
684965
684964
684963
684962
684960
684959
684958
684957
684956
684955
684954
684953
684952
684950
684949
684948
684947
684946
684945
684944
684943
684942
684941
684940
684939
684938
684937
684935
684934
684933
684932
684931
684930
684929
684927
684925
684924
684923
684922
684921
684920
684919
684918
684917
684916
684915
684914
684913
684911
684910
684909
684908
684907
684906
684905
684904
684903
684902
684901
684900
684899
684898
684897
684896
684895
684893
684892
684891
684890
684889
684888
684887
684886
684885
684884
684883
684882
684881
684880
684879
684878
684877
684876
684875
684874
684873
684871
684870
684869
684868
684867
684865
684864
684863
684862
684861
684860
684859
684857
684856
684854
684853
684852
684851
684850
684848
684847
684846
684845
684844
684765
684843
684842
684841
684840
684839
684838
684836
684832
684831
684830
684829
684827
684824
684795
684796
684814
684820
684819
684818
684817
684816
684815
684813
684812
684811
684810
684809
684808
684807
684806
684805
684804
684802
684801
684787
684786
684785
684800
684799
684798
684794
684784
684783
684782
684781
684780
684779
684778
684777
684776
684775
684774
684773
684772
684771
684770
684768
684767
684766
684764
684762
684761
684760
684759
684758
684757
684756
684755
684754
684753
684752
