665922
665931
665927
665765
665934
665933
665925
665926
665938
666054
666059
666007
666006
666005
666063
666004
666010
666003
666062
666061
666060
666058
666057
666056
666055
666053
666052
666051
666050
666049
666048
666047
666046
666045
666044
666043
666042
666041
666040
666039
666038
666037
666036
666035
666034
666033
666032
666031
666030
666029
666028
666027
666026
666025
666024
666023
666022
666021
666020
666018
666017
666016
666015
666014
666013
666012
666011
666009
666008
666002
666001
665999
665998
665997
665996
665995
665994
665993
665992
665991
665989
665990
665984
665983
665982
665981
665980
665979
665978
665977
665976
665975
665974
665973
665988
665987
665986
665985
665961
665962
665963
665964
665965
665968
665969
665971
665972
665970
665967
665966
665960
665959
665958
665957
665956
665955
665954
665953
665952
665951
665950
665949
665948
665947
665946
665945
665944
665943
665942
665941
665940
665939
665937
665936
665935
665932
665930
665929
665928
665924
665923
665921
665920
665919
665824
665825
665827
665851
665885
665889
665894
665896
665907
665918
665917
665916
665915
665914
665913
665912
665911
665910
665909
665908
665906
665905
665904
665903
665902
665901
665900
665899
665898
665897
665895
665893
665892
665891
665890
665888
665887
665884
665883
665882
665881
665880
665879
665832
665878
665877
665876
665875
665874
665873
665872
665871
665870
665869
665868
665867
665866
665865
665864
665863
665862
665861
665860
665859
665858
665857
665856
665855
665854
665853
665852
665850
665849
665848
665847
665846
665845
665844
665843
665842
665841
665840
665839
665838
665837
665836
665835
665834
665833
665831
665830
665829
665828
665826
665823
665822
665821
665820
665819
665818
665817
665816
665815
665814
665813
665812
665811
665810
665809
665808
665807
665806
665805
665804
665803
665802
665801
665800
665799
665796
665797
665798
665795
665794
665793
665792
665791
665790
665789
665788
665787
665786
665785
665784
665783
665782
665781
665779
665778
665777
665776
665775
665774
665773
665772
665771
665770
665769
665767
665766
665763
665762
665761
665759
665758
665757
665756
665755
665754
665753
665746
665748
665752
665751
665749
665747
665745
665744
665743
665742
665741
665740
665739
665738
665737
665736
665735
665734
665732
665731
665730
665729
665728
665727
665726
665725
665724
665723
665722
665721
