674812
674774
674794
674773
674788
674802
674772
674821
674793
674789
675073
675074
675075
675081
675078
675095
675096
675097
675098
675099
675100
674887
674889
674891
675080
675082
675076
674855
674860
674897
674906
674907
674918
674919
674925
674936
675029
675030
675094
675093
675092
675091
675090
675089
675088
675087
675086
675085
675084
675083
675072
675071
674946
674959
674960
674961
674962
674964
674965
674966
674968
674969
674970
674971
674972
674973
674974
674975
674976
674977
674978
674979
674980
674981
674982
674983
674984
674985
674986
674987
674989
674990
674991
674992
674993
674994
674995
674996
674997
674998
674999
675000
675001
675002
675003
675004
675005
675006
675007
675008
675031
675032
675033
675034
675035
675036
675037
675038
675042
675043
675044
675045
675046
675047
675048
675049
675050
675055
675056
675057
675058
675059
675060
675061
675062
675063
675064
675065
675067
675068
675070
675069
675066
675054
675053
675041
675040
675039
675028
675027
675026
675025
675024
675023
675022
675021
675020
675019
675018
675017
675016
675015
675014
675012
675011
675010
675009
674988
674933
674932
674931
674930
674929
674928
674926
674963
674958
674957
674956
674955
674954
674953
674952
674951
674950
674949
674948
674947
674945
674944
674943
674941
674940
674939
674938
674937
674935
674934
674927
674924
674923
674922
674921
674920
674917
674916
674915
674914
674913
674912
674911
674910
674909
674908
674905
674904
674903
674902
674901
674900
674899
674898
674896
674895
674894
674893
674892
674890
674888
674706
674886
674885
674884
674883
674881
674880
674879
674878
674877
674876
674875
674874
674873
674872
674871
674870
674869
674868
674867
674866
674865
674864
674863
674862
674861
674859
674857
674856
674854
674853
674852
674851
674850
674849
674848
674847
674846
674845
674844
674843
674842
674840
674839
674838
674837
674836
674835
674834
674833
674832
674831
674830
674829
674828
674827
674826
674825
674824
674823
674822
674820
674819
674818
674817
674816
674814
674813
674811
674810
674809
674807
674806
674805
674804
674803
674801
674800
674799
674798
674797
674796
674760
674763
674785
674795
674792
674791
674790
674787
674786
674783
674782
674780
674779
674776
674775
674771
674770
674769
674768
674767
674766
674765
674764
674762
674761
674759
674757
674756
674755
674754
674753
674752
674751
674750
674749
674748
674747
674746
674745
674744
674743
674742
674741
674740
674739
674737
674736
674735
674734
674733
674732
674731
674730
674729
674728
674727
674726
674725
674724
674723
674722
674721
674720
674719
674718
674717
674716
674715
674714
674713
674712
674711
674710
674708
674707
674705
674704
674703
674702
674701
674700
674699
674698
674695
