666957
666952
666951
666623
666883
666794
666792
666790
666789
666788
666709
666701
666660
666661
666663
666657
666658
666670
666668
666666
666664
666945
666707
666791
666784
666708
666695
666647
666644
666944
666705
666641
666640
666566
666567
666568
666672
666710
666713
666716
666717
666646
666702
666697
666639
666638
666637
666613
666911
666910
666826
666704
666700
666645
666643
666635
666624
666691
666642
666631
666827
666627
666625
666994
666993
666992
666990
666989
666987
666991
666986
666985
666984
666983
666981
666612
666956
666824
666823
666821
666820
666819
666818
666817
666816
666898
666894
666893
666891
666982
666980
666979
666978
666977
666988
666958
666976
666975
666974
666973
666972
666971
666970
666969
666968
666548
666967
666966
666965
666964
666963
666962
666961
666960
666959
666955
666954
666953
666950
666949
666948
666947
666946
666936
666937
666938
666940
666943
666942
666941
666939
666935
666934
666933
666932
666931
666930
666496
666928
666926
666925
666924
666755
666754
666753
666751
666923
666921
666920
666919
666918
666630
666718
666720
666726
666747
666763
666848
666856
666917
666916
666914
666913
666912
666909
666908
666907
666906
666905
666904
666902
666903
666901
666900
666899
666897
666896
666895
666892
666890
666889
666888
666887
666886
666885
666884
666882
666881
666880
666562
666879
666878
666877
666875
666874
666873
666872
666871
666870
666869
666868
666867
666866
666865
666863
666862
666861
666860
666859
666858
666857
666855
666854
666853
666852
666851
666850
666849
666847
666846
666843
666842
666841
666840
666839
666838
666837
666836
666835
666834
666833
666832
666831
666830
666829
666825
666761
666757
666814
666813
666812
666811
666810
666809
666808
666807
666806
666805
666804
666803
666802
666801
666800
666799
666798
666797
666581
666756
666752
666796
666795
666793
666750
666749
666787
666786
666785
666783
666781
666779
666778
666777
666776
666775
666774
666773
666772
666771
666770
666769
666768
666767
666766
666765
666764
666762
666760
666759
666748
666746
666745
666744
666743
666742
666741
666740
666739
666738
666737
666736
666735
666734
666733
666730
666727
666722
666719
666729
666732
666731
666728
666725
666724
666723
666721
666715
666714
666712
666711
666706
666703
666699
666698
666696
666694
666693
666692
666690
666689
666688
666687
666686
666685
666684
666683
666682
666681
666680
666679
666678
666677
666676
666675
666673
666671
666669
666667
666665
666662
666659
666656
666655
666654
666653
666652
666651
666650
666649
666648
666636
666634
666633
666629
666628
666626
666622
666621
666620
666619
666618
666617
666616
666615
666614
666611
666610
666609
666608
666607
666606
666605
666604
666603
666602
666601
666600
666599
666598
666597
666596
666595
666594
666593
666592
666591
666590
666589
666588
666587
666586
666585
666584
666583
666582
666580
666579
666578
666577
666576
666575
666574
666571
666569
666565
666564
666563
666561
666560
666559
666558
666557
666556
666555
666554
666553
666552
666551
666550
666549
666547
666545
666544
666543
666542
666541
666540
666539
666538
666537
666536
666535
666534
666533
666532
666531
666530
666529
666528
666527
666526
666525
666524
666523
666522
666521
666520
666519
666518
666517
666516
666515
666514
666513
666512
666511
666510
666509
666508
666507
666506
666505
666504
666503
666502
666501
666500
666499
666498
666497
666495
666494
666493
666492
666491
666490
666489
666488
666487
666486
666485
666484
666483
666482
666481
666480
666479
666478
666477
666476
666475
666474
666473
666472
666471
666470
666469
666468
666467
666466
666465
666464
666463
666462
666461
666460
666459
666458
666457
666456
666455
666454
666453
666452
666451
666450
666449
666448
666447
666446
