638671
638670
638666
638667
638668
638669
638665
638857
638888
638965
638717
638664
638661
638662
638663
638716
638712
638710
638709
638718
638715
638713
638848
638853
638855
638655
638656
638719
638739
638741
638777
638824
638825
638826
638827
638831
638726
638723
638978
638977
638976
638975
638974
638973
638972
638971
638970
638969
638968
638967
638966
638964
638963
638962
638961
638960
638959
638958
638957
638956
638955
638954
638953
638952
638951
638950
638949
638948
638947
638946
638945
638881
638944
638887
638943
638942
638941
638940
638939
638938
638937
638936
638935
638934
638933
638932
638931
638930
638929
638928
638927
638926
638925
638923
638922
638921
638920
638919
638918
638917
638916
638915
638914
638913
638912
638911
638910
638908
638907
638906
638905
638904
638902
638901
638900
638899
638898
638897
638896
638895
638894
638893
638892
638891
638890
638889
638886
638885
638884
638883
638722
638882
638880
638879
638878
638877
638876
638875
638874
638873
638871
638870
638869
638868
638867
638866
638865
638864
638863
638862
638861
638860
638859
638856
638854
638852
638851
638850
638849
638847
638846
638845
638844
638843
638842
638841
638840
638839
638838
638837
638836
638835
638834
638833
638832
638830
638829
638828
638823
638822
638821
638820
638819
638817
638816
638815
638814
638813
638812
638811
638810
638809
638808
638807
638806
638805
638804
638803
638802
638801
638800
638799
638798
638797
638796
638795
638794
638793
638792
638791
638790
638788
638787
638786
638785
638784
638783
638782
638781
638780
638779
638778
638776
638775
638774
638773
638772
638771
638770
638769
638768
638767
638766
638765
638764
638763
638762
638761
638760
638759
638758
638757
638756
638755
638754
638753
638752
638751
638750
638749
638748
638747
638746
638743
638742
638740
638738
638735
638733
638732
638731
638730
638729
638728
638727
638725
638724
638721
638720
638714
638711
638708
638707
638706
638705
638704
638703
638702
638701
638700
638699
638698
638697
638696
638695
638694
638693
638692
638691
638690
638689
638688
638687
638685
638684
638683
638682
638681
638680
638679
638678
638677
638676
638675
638674
638673
638672
638660
638659
638658
638657
638654
638653
638652
638651
638650
638649
638648
638647
638646
638645
638644
638643
638642
638641
638640
638639
638638
638637
638636
638635
638634
638632
638630
638629
638627
638626
638625
638624
638623
638622
