617006
616997
616996
616995
616985
616983
616975
616974
616970
616969
616967
616966
616959
616952
616949
616948
616947
616946
616945
616944
616943
616941
617012
616852
616919
616920
616916
616917
616911
616850
616901
616909
617067
617052
616938
616940
616838
616841
617066
617072
617074
617070
616831
616829
616973
616971
617005
616977
616976
617065
616964
616960
616942
616914
616907
616902
616900
616861
617040
617037
617035
617034
617038
617039
617036
617033
616968
616921
617045
617046
617053
616936
616893
616884
617013
617009
617003
616978
616979
616962
616906
616904
616903
616875
616873
616874
616872
616868
616864
616854
616853
616825
617001
617000
617002
617004
616822
616823
616821
617042
617043
616860
616913
616828
616910
617008
617069
617068
617063
617064
617062
617061
617060
617059
617058
617057
617056
616956
616881
616965
616981
617054
616950
616912
616957
616954
616963
616987
617051
617050
617048
617047
617044
617041
617032
617031
617025
617017
617022
617021
617020
617016
617015
616955
617011
617007
616999
616998
616994
616993
616992
616991
616990
616989
616988
616986
616982
616980
616958
616937
616865
616939
616934
616932
616935
616933
616931
616930
616929
616928
616926
616925
616924
616923
616922
616915
616908
616905
616899
616898
616897
616896
616895
616894
616892
616891
616889
616877
616890
616882
616818
616879
616878
616848
616820
616819
616888
616887
616886
616885
616883
616880
616876
616871
616870
616869
616867
616866
616863
616859
616851
616846
616845
616843
616842
616840
616837
616836
616835
616834
616833
616832
616830
616827
616826
616824
616817
