668788
668755
668748
668749
668756
668754
668759
668758
668688
668702
668701
668700
668847
668845
668681
668682
668690
668708
668726
668729
668730
668731
668807
668815
668827
668834
668835
668839
668841
668851
668853
668878
668906
668917
668918
668919
668922
668940
668957
668984
668983
668977
668980
668981
668982
668978
668979
668976
668975
668974
668973
668972
668971
668970
668969
668968
668967
668966
668965
668964
668963
668962
668961
668960
668959
668958
668955
668954
668953
668952
668951
668950
668949
668948
668947
668946
668945
668944
668943
668942
668941
668939
668938
668937
668936
668935
668934
668933
668932
668931
668930
668929
668928
668927
668926
668925
668924
668923
668921
668920
668916
668915
668914
668913
668912
668911
668910
668909
668908
668907
668904
668905
668903
668902
668901
668896
668898
668899
668897
668894
668892
668891
668890
668889
668888
668887
668886
668885
668883
668882
668881
668880
668877
668876
668875
668873
668872
668871
668869
668868
668867
668866
668865
668864
668863
668861
668855
668856
668857
668858
668860
668852
668850
668849
668848
668846
668844
668843
668842
668840
668838
668837
668836
668833
668832
668831
668830
668829
668828
668826
668825
668824
668823
668822
668821
668820
668819
668818
668817
668816
668814
668813
668812
668811
668810
668809
668808
668806
668805
668804
668803
668802
668800
668799
668798
668797
668796
668795
668794
668793
668792
668791
668787
668786
668785
668784
668783
668782
668781
668780
668779
668778
668777
668776
668774
668773
668772
668771
668770
668769
668768
668767
668765
668766
668764
668763
668762
668761
668760
668757
668753
668752
668751
668750
668747
668746
668745
668744
668743
668742
668741
668740
668739
668738
668737
668736
668735
668734
668733
668728
668727
668725
668724
668723
668719
668718
668717
668716
668715
668714
668713
668712
668711
668710
668709
668707
668706
668705
668704
668703
668699
668698
668697
668696
668695
668694
668693
668692
668691
668689
668687
668686
668685
668684
668683
