682596
682608
682607
682606
682605
682604
682603
682602
682601
682600
682599
682598
682597
682595
682594
682593
682592
682591
682590
682583
682585
682584
682587
682586
682588
682589
682560
682559
682556
682554
682552
682548
682543
682531
682550
682544
682529
682525
682539
682557
682540
682558
682549
682542
682519
682553
682547
682546
682537
682534
682522
682518
682530
682555
682551
682527
682545
682536
682538
682521
682524
682626
682629
682627
682624
682625
682631
682630
682533
682541
682535
682532
682526
682523
682520
682319
682318
682317
682316
682315
682314
682308
682307
682306
682305
682304
682303
682302
682498
682497
682496
682495
682494
682493
682491
682490
682301
682300
682507
682506
682505
682504
682508
682511
682512
682513
682514
682298
682297
682296
682295
682294
682293
682292
682291
682492
682561
682563
682564
682615
682616
682617
682290
682289
682638
682637
682636
682635
682634
682633
682632
682628
682623
682622
682621
682620
682619
682618
682614
682613
682612
682611
682610
682609
682581
682580
682579
682578
682577
682576
682575
682574
682573
682572
682571
682570
682569
682568
682567
682566
682565
682562
682528
682517
682516
682515
682510
682509
682503
682502
682501
682500
682499
682455
682461
682471
682488
682489
682487
682486
682485
682484
682483
682482
682481
682480
682479
682478
682477
682476
682475
682474
682473
682470
682469
682468
682467
682466
682465
682463
682462
682460
682459
682458
682457
682456
682454
682453
682452
682451
682450
682449
682447
682245
682246
682253
682324
682325
682343
682384
682406
682409
682428
682431
682442
682446
682445
682444
682443
682441
682440
682439
682438
682437
682436
682435
682434
682433
682432
682430
682429
682427
682426
682425
682424
682423
682422
682421
682420
682419
682418
682417
682416
682415
682414
682412
682411
682410
682408
682407
682405
682404
682403
682402
682401
682400
682399
682398
682397
682396
682395
682394
682393
682392
682391
682390
682389
682388
682387
682386
682385
682382
682381
682375
682377
682378
682379
682380
682376
682374
682373
682372
682371
682370
682369
682368
682366
682365
682364
682363
682362
682361
682360
682357
682356
682355
682354
682353
682351
682350
682349
682348
682347
682346
682345
682344
682342
682341
682340
682339
682337
682336
682335
682334
682333
682332
682331
682329
682328
682327
682326
682323
682322
682321
682320
682313
682312
682311
682310
682309
682299
682288
682287
682286
682285
682284
682283
682281
682280
682279
682278
682277
682276
682275
682274
682273
682272
682271
682270
682269
682268
682267
682266
682265
682264
682262
682261
682260
682259
682258
682257
682256
682255
682254
682252
682251
682250
682249
682248
682247
682243
682242
682240
682239
682238
682237
682236
682235
682234
682233
682232
682231
682230
682229
682228
682227
682226
682225
682224
682223
682222
682221
682220
682219
682218
