684039
684038
684037
684036
684035
684034
684033
684032
684031
684030
684029
684028
684027
684026
684025
684024
684023
684022
684021
684020
684019
684018
684017
684016
684015
684014
684013
684012
684011
684010
684009
684008
684007
684006
684005
684004
684003
684002
684001
684000
683999
683998
683997
683996
683995
683994
683993
683992
683991
683990
683989
683988
683987
683986
683985
683984
683983
683982
683981
683980
683979
683977
683976
683975
683974
683972
683971
683970
683968
683967
683966
683965
683964
683963
683962
683961
683960
683958
683957
683956
683955
683954
683953
683952
683951
683950
683949
683948
683947
683946
683945
683944
683943
683942
683941
683940
683939
683938
683937
683936
683935
683934
683933
683932
683931
683930
683929
683928
683927
683926
683925
683924
683923
683922
683921
683920
683918
683917
683916
683915
683914
683913
683912
683911
683910
683909
683908
683907
683906
683905
683904
683903
683902
683901
683900
683899
683898
683897
683896
683895
683894
683893
683892
683891
683890
683888
683887
683886
683885
683884
683883
683882
683881
683880
683879
683877
683876
683875
683874
683873
683872
683871
683870
683869
683868
683867
683866
683865
683864
683863
683862
683861
683860
683859
683858
683857
683856
683855
683854
683853
683852
683851
683850
683849
683848
683847
683846
683845
683844
683843
683842
683841
683840
683839
683838
683837
683836
683835
683834
683833
683832
683831
683830
683829
683828
683827
683826
683825
683824
683823
683822
683821
683820
683819
683818
683817
683816
683815
683814
683813
683812
683811
683810
683809
683808
683807
683806
683805
683804
683803
683802
683801
683800
683799
683798
683797
683796
683795
683794
683793
683792
683791
683790
683789
683788
683787
683786
683785
683784
683783
683782
683781
683780
683779
683778
683777
683776
683775
683774
683773
683772
683771
683770
683769
683768
683767
683766
683765
683764
683763
683762
683761
683760
683759
683758
683757
683756
683755
683754
683753
683752
684088
684083
684084
684075
684070
684089
684078
684087
684082
684069
684077
684074
684085
684073
684086
684068
684076
684072
683751
683750
683749
683748
683747
683746
683745
683744
683743
683742
683740
683739
683738
683737
683736
683735
683734
683733
683732
683731
683730
683729
683593
683602
683597
683589
683591
683610
683620
683544
683543
683545
683549
683548
683546
683587
683590
683592
683598
683625
683609
683611
683603
683624
683599
683594
683600
683608
683595
683596
683601
683621
683641
683642
683648
683666
683686
683718
683969
683973
684081
684114
684126
683604
683617
683616
683615
683614
683613
684127
684125
684124
684123
684122
684121
684120
684119
684118
684117
684116
684115
684113
684112
684111
684110
684109
684108
684107
684106
684105
684103
684102
684101
684100
684099
684098
684097
684096
684095
684094
684090
683582
683583
683584
683588
684080
684079
684071
684067
684066
684065
684064
684063
684062
684061
684060
684059
684058
684057
684056
684055
684054
684053
684052
684051
684050
684049
684048
684047
684046
684045
684044
684043
684042
684041
684040
683978
683959
683919
683889
683878
683741
683722
683723
683724
683725
683726
683727
683728
683721
683720
683719
683717
683716
683715
683714
683713
683712
683711
683710
683709
683708
683707
683706
683705
683704
683703
683702
683701
683700
683699
683698
683697
683696
683695
683693
683692
683691
683690
683687
683685
683684
683683
683682
683681
683680
683679
683678
683677
683676
683675
683674
683673
683672
683671
683670
683669
683668
683667
683665
683664
683663
683662
683661
683660
683659
683658
683657
683656
683655
683654
683652
683651
683650
683649
683647
683646
683645
683644
683643
683640
683639
683638
683637
683636
683635
683634
683632
683631
683630
683629
683627
683626
683623
683622
683619
683618
683612
683607
683606
683605
683586
683585
683581
683580
683579
683537
683570
683578
683577
683576
683575
683572
683571
683569
683568
683567
683566
683565
683564
683563
683562
683561
683560
683559
683558
683557
683556
683555
683554
683553
683552
683551
683550
683547
683542
683541
683540
683539
683538
683536
683535
683534
683533
683532
683531
683530
683529
683526
683525
683524
683523
683522
683521
683520
