681980
681979
681978
682150
682148
682149
682147
682177
682178
681857
681854
681856
681894
682196
681853
681898
681977
681976
681975
681966
681965
681964
681963
681962
681961
681960
681959
681958
681957
681956
681955
681954
681953
681951
681952
682217
682216
682215
682214
682213
682212
682211
682210
682209
682208
682207
682206
682205
682204
682203
682202
682201
681995
681997
682016
682049
682123
682174
682191
682194
682200
682199
682197
682195
682193
682192
682190
682189
682188
682187
682186
682185
682184
682183
682182
682181
682180
682179
682176
682175
682173
682172
682171
682170
682169
682168
682167
682166
682165
682164
682163
682161
682160
682158
682156
682155
682154
682153
682152
682151
682146
682145
682144
682143
682142
682140
682139
682138
682137
682136
682135
682134
682133
682132
682131
682130
682129
682128
682127
682126
682125
682124
682121
682122
682120
682119
682118
682117
682116
682115
682114
682113
682112
682111
682110
682109
682108
682107
682106
682105
682104
682103
682102
682101
682100
682099
682098
682097
682096
682095
682094
682093
682092
682091
682090
682089
682088
682087
682086
682085
682084
682083
682082
682081
682080
682079
682077
682076
682075
682074
682073
682072
682071
682070
682069
682068
682067
682066
682065
682064
682063
682062
682061
682060
682059
682058
682057
682056
682055
682053
682052
682051
682050
682048
682047
682046
682044
682042
682041
682040
682039
682038
682037
682036
682035
682034
682033
682032
682031
682030
682029
682028
682027
682026
682025
682024
682023
682022
682021
682018
682017
682015
682013
682012
682011
682010
682009
682008
682007
682006
682005
682004
682003
682002
682001
681974
681973
681972
682000
681999
681998
681996
681993
681992
681991
681990
681989
681988
681986
681987
681985
681984
681983
681982
681981
681971
681970
681969
681968
681967
681950
681949
681948
681947
681946
681945
681944
681943
681942
681940
681938
681937
681936
681935
681934
681933
681932
681931
681929
681928
681927
681926
681925
681924
681922
681921
681920
681918
681917
681916
681915
681914
681911
681910
681909
681908
681907
681906
681905
681904
681903
681902
681901
681900
681899
681897
681896
681895
681893
681892
681891
681890
681889
681888
681887
681886
681885
681884
681883
681882
681881
681880
681879
681878
681877
681876
681875
681874
681873
681872
681871
681870
681869
681868
681867
681866
681865
681864
681863
681862
681861
681860
681859
681858
681855
681852
681851
681850
681849
681848
