689559
689554
689556
689548
689550
689557
689547
689549
689555
689558
689553
689351
689389
689399
689407
689414
689415
689426
689478
689537
689552
689566
689451
689452
689453
689455
689456
689457
689458
689459
689460
689461
689463
689464
689465
689469
689573
689572
689571
689570
689569
689568
689567
689565
689564
689563
689562
689561
689560
689551
689546
689544
689543
689542
689541
689540
689539
689538
689536
689535
689534
689533
689532
689531
689530
689529
689528
689527
689526
689525
689524
689523
689522
689521
689520
689519
689518
689517
689516
689515
689514
689513
689512
689511
689510
689509
689508
689507
689506
689505
689504
689502
689501
689500
689499
689498
689497
689496
689495
689494
689493
689492
689491
689490
689489
689488
689487
689486
689485
689484
689483
689482
689481
689480
689479
689475
689474
689473
689472
689471
689470
689467
689466
689462
689454
689450
689449
689448
689447
689446
689445
689444
689443
689442
689441
689440
689439
689438
689437
689436
689434
689433
689432
689431
689430
689429
689428
689427
689425
689424
689423
689422
689421
689420
689419
689418
689417
689416
689413
689412
689411
689410
689409
689408
689406
689405
689404
689403
689402
689401
689400
689398
689397
689394
689395
689396
689393
689392
689391
689390
689388
689387
689386
689385
689384
689383
689382
689381
689380
689379
689378
689377
689376
689374
689373
689372
689371
689370
689369
689368
689366
689367
689365
689364
689363
689362
689361
689360
689359
689358
689357
689356
689355
689354
689353
689352
689350
689349
689348
689347
689346
689345
689344
689343
689339
689338
689337
689336
689335
689334
689333
689332
689331
689330
689329
689328
689327
689326
689325
689324
689321
689320
689319
689318
689317
689316
689315
689314
689313
689312
689311
689310
689309
689308
689307
689306
689305
689304
689303
689302
689301
689300
689299
689298
689297
689296
689295
689294
689293
689292
689291
689290
689289
689288
689287
689286
689285
