639293
639313
639300
639292
639018
639014
639015
639011
639008
638987
638989
639013
639002
639001
638986
638992
638994
639010
639012
639006
638999
639000
639005
639003
638998
638996
638993
638990
638988
639016
639017
639019
638985
639316
639319
639318
639317
639337
639321
639320
639330
639322
639324
639325
639306
639305
639302
639304
639298
639296
639220
639222
639301
639219
639297
639291
639218
639242
639238
639257
639260
639258
639241
639239
639243
639233
639217
639216
639236
639232
639215
639028
639079
639085
639089
639132
639167
639178
639185
639208
639225
639226
639228
639230
639269
639290
639277
639283
639280
639371
639223
639221
639214
639213
639422
639421
639420
639419
639418
639417
639416
639346
639415
639414
639413
639412
639411
639410
639279
639332
639333
639377
639378
639409
639383
639385
639387
639389
639390
639391
639393
639395
639396
639397
639398
639399
639400
639401
639402
639403
639405
639406
639407
639408
639404
639394
639392
639388
639386
639384
639382
639380
639379
639376
639375
639374
639373
639372
639370
639369
639368
639367
639366
639365
639364
639362
639361
639360
639359
639358
639357
639356
639355
639354
639353
639352
639288
639351
639350
639349
639348
639347
639345
639344
639343
639342
639341
639340
639339
639338
639336
639335
639334
639331
639329
639328
639327
639326
639323
639315
639314
639311
639310
639309
639308
639307
639303
639299
639295
639294
639289
639287
639286
639285
639284
639282
639281
639278
639276
639275
639274
639273
639272
639271
639270
639268
639267
639266
639265
639264
639263
639262
639261
639259
639256
639254
639253
639252
639251
639250
639249
639248
639247
639246
639245
639244
639240
639237
639234
639231
639229
639227
639224
639212
639211
639210
639209
639207
639206
639205
639204
639203
639202
639201
639200
639199
639198
639197
639196
639195
639194
639193
639192
639191
639190
639189
639188
639187
639186
639184
639183
639182
639181
639179
639177
639176
639175
639174
639173
639172
639171
639170
639169
639168
639166
639165
639164
639163
639162
639161
639160
639159
639158
639157
639156
639155
639154
639153
639152
639151
639150
639149
639148
639147
639146
639145
639144
639143
639142
639141
639140
639139
639138
639137
639136
639135
639134
639133
639131
639130
639129
639128
639127
639126
639125
639124
639123
639122
639121
639120
639119
639118
639117
639116
639115
639114
639113
639112
639111
639110
639109
639108
639107
639106
639105
639104
639103
639102
639101
639100
639099
639098
639097
639096
639095
639094
639093
639092
639091
639090
639088
639087
639086
639084
639083
639082
639081
639080
639078
639077
639076
639075
639074
639073
639072
639071
639070
639069
639068
639066
639065
639064
639063
639062
639061
639060
639059
639058
639057
639056
639055
639054
639053
639052
639051
639050
639049
639048
639047
639046
639045
639044
639043
639042
639041
639040
639039
639038
639037
639036
639035
639034
639033
639032
639031
639030
639029
639027
639026
639025
639024
639023
639022
639021
639020
639009
639007
639004
638997
638995
638991
638984
638983
638981
638980
638979
