624223
624256
624247
624239
624298
624221
624204
624287
624286
624288
624252
624215
624224
624231
624238
624248
624095
624101
624102
624104
624106
624118
624107
624186
624279
624201
624212
624188
624304
624302
624295
624294
624283
624282
624271
624270
624267
624260
624234
624225
624220
624207
624176
624203
624214
624202
624197
624195
624185
624175
624228
624112
624180
624182
624183
624181
624285
624284
624280
624281
624300
624293
624276
624237
624232
624116
624218
624211
624209
624193
624190
624178
624171
624170
624169
624167
624166
624297
624162
624206
624161
624156
624155
624154
624153
624146
624301
624157
624227
624222
624251
624290
624291
624303
624299
624255
624254
624253
624292
624289
624278
624277
624274
624273
624269
624268
624265
624264
624262
624261
624259
624217
624168
624164
624229
624258
624257
624244
624243
624242
624250
624249
624213
624196
624241
624235
624233
624230
624210
624208
624205
624200
624187
624199
624198
624184
624165
624192
624191
624179
624177
624174
624173
624172
624163
624158
624142
624152
624151
624150
624149
624148
624144
624143
624145
624147
624141
624140
624139
624138
624137
624136
624135
624134
624120
624133
624131
624132
624130
624129
624128
624127
624126
624125
624124
624123
624122
624121
624117
624115
624114
624110
624109
624108
624100
624099
624097
