668652
668657
668425
668635
668680
668679
668678
668677
668676
668675
668674
668673
668672
668671
668670
668669
668668
668667
668666
668665
668664
668663
668662
668661
668660
668659
668658
668656
668655
668653
668651
668649
668647
668646
668645
668644
668643
668642
668641
668640
668639
668638
668637
668636
668634
668428
668435
668438
668444
668546
668555
668556
668557
668558
668574
668575
668622
668633
668632
668631
668630
668629
668628
668627
668626
668625
668624
668623
668621
668620
668617
668616
668615
668614
668613
668612
668611
668610
668609
668608
668607
668606
668605
668604
668603
668602
668601
668600
668599
668598
668597
668596
668595
668594
668592
668591
668588
668587
668586
668585
668584
668583
668581
668580
668579
668577
668576
668573
668572
668571
668570
668569
668568
668567
668566
668565
668564
668563
668562
668561
668560
668559
668554
668553
668552
668551
668550
668549
668548
668547
668545
668544
668543
668542
668541
668540
668539
668538
668537
668536
668535
668534
668533
668532
668531
668530
668524
668525
668526
668527
668528
668523
668522
668521
668520
668519
668518
668516
668515
668514
668513
668512
668511
668510
668508
668506
668504
668503
668501
668500
668498
668497
668496
668495
668494
668493
668492
668491
668490
668468
668467
668466
668465
668489
668488
668487
668486
668484
668483
668482
668481
668480
668479
668478
668476
668475
668474
668473
668472
668471
668470
668469
668464
668463
668462
668461
668460
668459
668458
668457
668456
668455
668454
668453
668452
668451
668450
668449
668448
668446
668445
668443
668442
668441
668440
668439
668437
668436
668432
668427
668424
668423
668403
668401
668400
668398
668397
668396
668395
668392
668391
668390
668388
668387
668386
668385
668384
668383
668382
668381
668380
668379
668378
668376
668375
668374
668373
668372
668371
668367
668365
668362
668329
668278
668271
668251
668250
668249
668248
