622833
622874
622878
622680
622675
622679
622678
622677
622676
622668
622667
622674
622673
622672
622670
622669
622671
622658
622666
622665
622664
622663
622662
622661
622660
622653
622654
622655
622656
622657
622652
622649
622650
622648
622659
622651
622683
622827
622581
622713
622712
622714
622689
622711
622710
622696
622703
622704
622709
622694
622684
622708
622707
622706
622702
622701
622700
622699
622698
622695
622690
622692
622688
622686
622687
622691
622693
622685
622682
622604
622639
622647
622646
622645
622644
622643
622642
622641
622633
622622
622637
622631
622626
622615
622629
622627
622640
622635
622636
622634
622632
622628
622630
622625
622623
622624
622619
622620
622617
622621
622618
622616
622613
622825
622808
622807
622806
622805
622804
622803
622802
622801
622800
622799
622798
622797
622796
622795
622794
622793
622792
622791
622790
622789
622788
622787
622786
622785
622784
622783
622782
622781
622780
622779
622778
622777
622776
622775
622774
622773
622772
622771
622770
622769
622768
622767
622766
622765
622764
622763
622762
622761
622760
622759
622758
622757
622756
622755
622754
622753
622752
622751
622750
622749
622748
622855
622844
622841
622840
622839
622838
622717
622828
622829
622823
622638
622614
622550
622549
622548
622547
622879
622594
622850
622814
622609
622596
622818
622815
622811
622715
622591
622612
622589
622588
622578
622566
622564
622563
622560
622572
622573
622606
622593
622705
622574
622697
622681
622562
622570
622567
622565
622568
622747
622746
622745
622744
622743
622742
622741
622740
622739
622738
622737
622736
622735
622734
622733
622732
622731
622730
622729
622728
622727
622726
622725
622724
622723
622722
622721
622857
622883
622882
622881
622877
622876
622875
622873
622872
622871
622861
622862
622863
622864
622870
622869
622865
622868
622867
622866
622860
622859
622858
622856
622854
622853
622852
622851
622834
622849
622848
622846
622847
622842
622845
622843
622571
622580
622822
622821
622601
622837
622836
622835
622824
622826
622556
622830
622820
622819
622817
622816
622813
622812
622810
622809
622720
622719
622718
622716
622610
622608
622575
622584
622592
622605
622603
622602
622600
622599
622598
622597
622595
622587
622585
622583
622582
622579
622577
622576
622569
622561
622559
622558
622557
622553
622552
622551
622546
