641320
641310
641309
641268
641319
641297
641318
641205
641204
641206
641267
641296
641230
641231
641203
641202
641232
641555
641556
641558
641562
641276
641179
641181
641561
641560
641559
641557
641554
641553
641552
641551
641550
641549
641548
641546
641545
641544
641543
641542
641541
641540
641539
641538
641537
641536
641535
641293
641384
641412
641439
641465
641469
641534
641533
641532
641529
641528
641527
641526
641525
641523
641522
641521
641520
641519
641518
641517
641516
641515
641514
641513
641512
641511
641510
641509
641507
641506
641505
641504
641503
641502
641501
641500
641499
641498
641496
641494
641493
641492
641491
641490
641489
641488
641487
641486
641485
641484
641483
641482
641481
641480
641479
641478
641477
641476
641475
641474
641473
641458
641472
641471
641470
641468
641460
641459
641467
641466
641464
641461
641462
641463
641457
641456
641455
641454
641453
641452
641451
641450
641449
641448
641447
641446
641445
641444
641443
641442
641441
641440
641436
641435
641434
641432
641431
641430
641429
641427
641426
641425
641424
641423
641422
641421
641420
641419
641418
641417
641416
641415
641413
641410
641409
641408
641407
641406
641405
641404
641403
641402
641401
641400
641399
641398
641397
641396
641394
641393
641392
641391
641390
641389
641388
641387
641386
641385
641383
641382
641381
641380
641379
641378
641376
641375
641374
641373
641372
641371
641211
641370
641369
641368
641366
641365
641364
641363
641362
641361
641360
641359
641358
641357
641356
641355
641354
641353
641352
641351
641350
641349
641237
641348
641347
641346
641345
641344
641343
641342
641341
641241
641235
641239
641331
641332
641333
641335
641337
641336
641334
641340
641339
641338
641240
641215
641330
641329
641328
641327
641326
641325
641324
641323
641322
641236
641321
641317
641316
641315
641314
641313
641312
641311
641308
641307
641306
641305
641304
641303
641238
641302
641233
641301
641300
641299
641298
641295
641294
641285
641292
641290
641289
641291
641288
641286
641287
641284
641283
641282
641281
641280
641279
641278
641277
641234
641274
641273
641271
641270
641214
641266
641265
641264
641263
641262
641261
641260
641259
641258
641257
641256
641255
641254
641253
641252
641251
641250
641248
641247
641246
641245
641244
641243
641242
641213
641229
641228
641224
641225
641227
641226
641223
641222
641221
641220
641219
641212
641218
641217
641216
641210
641209
641208
641207
641201
641200
641199
641198
641197
641196
641195
641194
641193
641192
641191
641190
641188
641187
641186
641185
641184
641183
641182
641180
641178
641177
641176
641175
641174
641173
641172
641171
641170
641169
641167
641166
641165
641164
