623236
623180
623183
623211
623285
623350
623261
623262
623361
623358
623155
623248
623160
623355
623353
623354
623331
623324
623323
623321
623320
623312
623306
623295
623286
623273
623269
623263
623195
623178
623177
623168
623167
623164
623308
623231
623310
623221
623343
623340
623337
623272
623266
623265
623302
623309
623258
623255
623247
623233
623242
623241
623240
623237
623228
623234
623226
623282
623287
623260
623280
623179
623191
623190
623188
623192
623165
623193
623194
623197
623232
623206
623196
623230
623229
623224
623223
623204
623201
623200
623199
623218
623357
623158
623175
623162
623335
623334
623349
623356
623326
623360
623359
623328
623189
623352
623351
623348
623169
623347
623346
623344
623325
623339
623338
623336
623332
623330
623329
623327
623322
623319
623318
623317
623316
623214
623315
623314
623313
623311
623307
623300
623298
623297
623296
623289
623288
623305
623304
623303
623301
623235
623299
623292
623291
623290
623284
623283
623281
623279
623278
623277
623271
623270
623216
623268
623267
623264
623215
623256
623254
623253
623252
623251
623246
623245
623244
623238
623227
623225
623222
623219
623213
623212
623210
623209
623208
623203
623202
623198
623187
623186
623185
623184
623182
623176
623174
623173
623172
623171
623163
623170
623157
