613678
613641
613646
613644
613645
613643
613642
613639
613638
613637
613636
613640
613625
613635
613634
613633
613631
613632
613629
613630
613627
613628
613626
613624
613618
613623
613622
613620
613621
613619
613616
613493
613731
613526
613664
613647
613735
613733
613723
613719
613706
613602
613601
613596
613589
613587
613584
613577
613576
613574
613567
613563
613657
613656
613750
613686
613684
613670
613669
613727
613726
613710
613707
613698
613732
613717
613689
613666
613658
613536
613566
613565
613562
613718
613715
613714
613712
613676
613561
613557
613655
613654
613653
613649
613648
613611
613610
613556
613703
613507
613505
613555
613617
613609
613608
613607
613606
613603
613548
613546
613541
613531
613529
613528
613702
613490
613523
613673
613600
613527
613675
613508
613511
613582
613663
613668
613661
613514
613513
613512
613510
613509
613740
613696
613672
613604
613612
613695
613694
613693
613680
613687
613688
613679
613681
613682
613683
613685
613692
613674
613573
613572
613571
613559
613749
613748
613746
613745
613744
613743
613742
613741
613739
613738
613737
613730
613729
613725
613724
613720
613711
613709
613705
613704
613701
613700
613569
613570
613691
613690
613671
613665
613659
613662
613652
613651
613650
613615
613614
613605
613597
613595
613594
613593
613590
613591
613592
613585
613581
613580
613579
613578
613575
613568
613564
613560
613558
613522
613537
613553
613552
613550
613538
613551
613549
613547
613545
613544
613520
613519
613540
613539
613535
613534
613533
613532
613525
613521
613517
613515
613504
613518
613516
613503
613502
613501
613500
613498
613496
613495
613489
613488
613487
