606017
606016
606149
606150
605985
605984
606015
606152
606148
606146
606014
606122
606121
606120
606050
606049
606046
606047
606048
606045
606037
606044
606043
606040
606039
606038
606051
606036
605966
606115
606111
606104
606100
606091
606089
606151
606142
606125
606069
606060
605980
605983
605962
605955
606112
606068
606067
606070
606066
606065
606064
606059
606055
606033
606032
606031
606030
606029
606028
606027
606025
606022
606013
606144
606084
606062
606108
606129
606061
606079
606080
606085
606131
606109
606139
606134
606140
606132
606133
606136
606137
606138
606130
606135
606076
606075
606074
606073
606072
606052
606083
606145
606071
606143
606128
606127
606126
606124
606123
606119
606118
606117
606116
605979
605982
606093
606094
606095
606096
606097
606098
606099
606101
606102
605986
606103
606110
606113
606107
606106
606114
606092
606090
606088
606087
606086
606082
606081
606078
606077
606063
606056
606058
606057
606054
606053
606042
606041
606035
606034
606026
606024
606023
606021
606020
606019
606012
606011
606010
606009
606008
606007
606006
606005
606004
606003
606002
606001
606000
605999
605998
605997
605996
605995
605994
605993
605992
605991
605990
605989
605988
605987
605981
605970
605978
605977
605976
605975
605974
605973
605972
605971
605968
605965
605964
605963
605958
605960
605959
605957
605956
