648436
648463
648449
648448
648447
648445
648446
648444
648438
648439
648440
648441
648442
648443
648437
648464
648462
648466
648467
648465
648461
648460
648459
648458
648457
648456
648454
648455
648453
648452
648451
648468
648469
648419
648422
648420
648421
648433
648434
648431
648425
648426
648429
648432
648428
648423
648427
648430
648435
648418
648416
648415
648411
648410
648409
648406
648412
648407
648413
648414
648408
648417
648405
648404
648470
648087
648312
648308
648212
648205
648215
648199
648206
648203
648131
648197
648188
648186
648128
648503
648504
648505
648506
648508
648189
648198
648196
648180
648214
648195
648211
648191
648126
648132
648178
648187
648264
648192
648179
648093
648096
648166
648181
648184
648127
648177
648130
648518
648517
648516
648515
648514
648513
648512
648511
648510
648509
648507
648502
648501
648500
648499
648498
648496
648494
648493
648492
648491
648490
648489
648488
648487
648486
648485
648484
648483
648482
648481
648480
648479
648478
648477
648476
648475
648474
648473
648472
648471
648450
648424
648403
648400
648399
648398
648397
648395
648394
648393
648392
648391
648390
648389
648388
648387
648385
648384
648382
648381
648380
648379
648378
648377
648376
648375
648374
648373
648372
648365
648361
648358
648364
648362
648363
648360
648366
648359
648367
648370
648369
648368
648357
648356
648355
648354
648353
648352
648351
648350
648349
648348
648347
648346
648345
648344
648342
648341
648250
648339
648338
648337
648336
648335
648334
648333
648332
648331
648330
648329
648328
648327
648326
648325
648324
648323
648322
648321
648320
648319
648254
648318
648317
648316
648315
648314
648313
648311
648310
648309
648307
648306
648305
648304
648303
648302
648301
648299
648298
648297
648296
648295
648294
648293
648292
648291
648290
648288
648287
648286
648285
648284
648283
648282
648281
648228
648222
648227
648223
648224
648221
648226
648225
648280
648279
648278
648277
648276
648275
648274
648273
648272
648271
648253
648251
648270
648268
648267
648266
648265
648263
648262
648261
648260
648259
648258
648257
648256
648252
648255
648249
648248
648247
648246
648245
648244
648243
648242
648241
648240
648239
648238
648237
648236
648235
648234
648233
648232
648230
648229
648220
648219
648218
648217
648216
648213
648210
648209
648207
648204
648202
648201
648200
648194
648193
648190
648185
648183
648182
648176
648175
648174
648173
648172
648171
648170
648169
648168
648167
648165
648164
648163
648162
648161
648160
648158
648157
648156
648155
648154
648153
648152
648151
648150
648149
648148
648147
648146
648145
648144
648129
648143
648142
648141
648140
648139
648138
648137
648136
648135
648134
648133
648125
648124
648123
648122
648121
648120
648119
648118
648117
648116
648115
648114
648113
648112
648111
648110
648109
648108
648107
648106
648105
648104
648103
648102
648101
648100
648099
648097
648095
648094
648092
648091
648090
648089
648088
