604788
604865
604673
604671
604857
604863
604860
604845
604836
604828
604875
604827
604823
604822
604800
604670
604667
604876
604819
604874
604873
604851
604849
604830
604829
604817
604810
604773
604818
604767
604766
604764
604763
604761
604855
604785
604762
604759
604758
604757
604756
604755
604754
604753
604742
604739
604738
604737
604736
604733
604732
604731
604729
604727
604724
604769
604839
604809
604771
604719
604717
604716
604715
604714
604734
604779
604704
604700
604869
604796
604786
604812
604826
604807
604803
604805
604804
604802
604797
604799
604806
604792
604784
604878
604666
604699
604870
604703
604877
604872
604871
604868
604867
604864
604862
604861
604859
604856
604854
604853
604852
604850
604848
604847
604844
604842
604843
604841
604840
604837
604835
604834
604825
604824
604821
604820
604816
604698
604815
604712
604705
604778
604780
604793
604814
604813
604790
604811
604697
604798
604794
604791
604789
604787
604781
604776
604775
604774
604772
604770
604768
604765
604760
604752
604751
604750
604749
604748
604747
604746
604745
604744
604743
604741
604740
604735
604730
604728
604726
604725
604723
604722
604721
604720
604718
604713
604711
604694
604695
604708
604707
604706
604702
604701
604696
604693
604692
604691
604690
604689
604688
604687
604686
604685
604684
604683
604682
604681
604680
604679
604678
604677
604675
604669
604665
