688757
688764
688763
688762
688931
688928
688926
688927
688925
688930
688929
688858
688717
688747
688779
688780
688838
688869
688872
688876
688908
688917
688922
688861
688863
688729
688730
688731
688702
688726
688725
688724
688951
688950
688949
688948
688947
688946
688945
688944
688943
688942
688941
688940
688938
688937
688936
688935
688934
688933
688932
688722
688721
688723
688924
688923
688921
688920
688919
688918
688916
688915
688914
688913
688912
688911
688910
688909
688907
688906
688905
688904
688903
688902
688901
688900
688899
688898
688896
688895
688894
688893
688892
688891
688890
688889
688887
688886
688885
688884
688883
688882
688881
688880
688878
688877
688875
688874
688873
688870
688868
688867
688866
688865
688864
688862
688860
688859
688857
688856
688855
688854
688852
688851
688850
688848
688847
688846
688845
688844
688843
688842
688841
688840
688839
688837
688836
688835
688834
688833
688832
688831
688830
688829
688828
688827
688826
688825
688824
688823
688822
688821
688820
688819
688817
688816
688815
688814
688813
688812
688811
688810
688719
688718
688809
688808
688807
688806
688805
688803
688802
688801
688800
688799
688798
688797
688796
688795
688794
688793
688792
688791
688790
688789
688788
688787
688786
688785
688784
688783
688782
688781
688778
688777
688776
688775
688774
688773
688772
688771
688770
688769
688768
688766
688765
688761
688760
688759
688758
688756
688755
688754
688753
688752
688751
688750
688749
688748
688746
688745
688744
688743
688742
688741
688740
688739
688738
688737
688736
688735
688734
688733
688732
688728
688727
688720
688716
688715
688714
688713
688712
688711
688710
688709
688707
688706
688705
688704
688701
688700
