659625
659626
659464
659456
659451
659448
659446
659596
659579
659562
659561
659557
659555
659481
659442
659441
659436
659459
659440
659439
659438
659435
659452
659450
659414
659412
659449
659447
659411
659410
659409
659406
659405
659396
659407
659392
659437
659390
659628
659627
659415
659404
659389
659388
659394
659457
659395
659393
659463
659475
659566
659608
659652
659674
659673
659678
659677
659676
659675
659690
659689
659687
659686
659685
659684
659683
659682
659681
659680
659679
659672
659671
659670
659669
659668
659667
659666
659665
659664
659663
659662
659661
659660
659659
659658
659657
659656
659655
659654
659653
659651
659650
659649
659648
659647
659646
659645
659644
659641
659640
659639
659638
659637
659636
659635
659634
659633
659632
659631
659630
659629
659624
659623
659622
659621
659620
659618
659617
659616
659615
659614
659613
659612
659611
659609
659606
659605
659604
659603
659602
659601
659600
659599
659598
659419
659595
659594
659593
659592
659591
659590
659589
659588
659587
659586
659585
659584
659583
659582
659581
659580
659577
659576
659575
659573
659572
659571
659569
659568
659567
659564
659563
659560
659559
659558
659556
659554
659553
659552
659551
659549
659548
659547
659546
659545
659544
659543
659542
659429
659423
659541
659540
659539
659538
659537
659536
659535
659534
659533
659532
659531
659530
659529
659528
659527
659526
659525
659524
659523
659522
659521
659520
659519
659518
659517
659516
659514
659513
659512
659425
659424
659511
659510
659509
659508
659507
659506
659505
659504
659503
659501
659500
659499
659498
659497
659496
659495
659494
659493
659492
659491
659490
659489
659488
659487
659486
659485
659484
659483
659482
659480
659479
659478
659477
659476
659428
659421
659474
659473
659472
659471
659470
659469
659468
659467
659466
659465
659462
659461
659460
659422
659420
659458
659455
659454
659453
659430
659427
659445
659444
659443
659434
659433
659432
659431
659426
659418
659417
659416
659413
659408
659403
659402
659401
659400
659399
659398
659397
659391
659387
659386
659385
659384
659383
659382
659381
659380
659379
659378
659377
659376
659375
659374
659373
659372
659371
659370
659369
659368
659367
659366
659365
659364
659363
659362
659361
659360
659359
659358
659357
659356
659355
659354
659353
659352
659351
659350
659349
659348
659347
659346
659345
659344
659343
659342
659341
659340
659339
659338
659337
659336
659335
659334
659333
659332
659331
659330
659329
659328
659327
659326
659325
659324
659323
659322
659321
659320
659319
659318
659317
659316
659315
659314
659313
659312
659311
659310
