625749
625748
625747
625746
625745
625744
625743
625742
625741
625740
625739
625738
625737
625735
625736
625734
625733
625732
625731
625730
625729
625728
625727
625726
625725
625724
625723
625722
625721
625720
625719
625718
625717
625716
625715
625714
625713
625712
625711
625709
625708
625707
625705
625704
625703
625702
625701
625700
625699
625698
625697
625696
625695
625694
625693
625692
625691
625690
625689
625688
625687
625686
625685
625684
625683
625682
625681
625680
625679
625678
625677
625676
625675
625674
625673
625672
625671
625670
625669
625668
625667
625666
625665
625664
625663
625662
625661
625660
625659
625658
625657
625656
625655
625654
625653
625652
625651
625650
625649
625648
625647
625646
625645
625644
625643
625642
625641
625640
625639
625638
625637
625636
625635
625634
625633
625632
625631
625630
625629
625628
625627
625626
625625
625623
625622
625621
625620
625619
625618
625617
625616
625615
625614
625613
625611
625610
625609
625608
625607
625606
625605
625604
625603
625602
625601
625600
625599
625598
625597
625596
625595
625594
625593
625592
625591
625589
625588
625587
625586
625585
625584
625583
625786
625774
625764
625752
625710
625532
625523
625521
625520
625765
625766
625812
625813
625871
625869
625865
625864
625862
625860
625859
625857
625856
625855
625854
625848
625847
625846
625845
625844
625843
625842
625841
625840
625839
625832
625817
625809
625807
625776
625775
625771
625762
625755
625612
625581
625575
625571
625570
625569
625568
625453
625451
625449
625447
625461
625459
625458
625457
625456
625454
625462
625463
625469
625475
625499
625507
625509
625519
625531
625559
625560
625562
625564
625566
625567
625558
625551
625550
625539
625522
625790
625795
625870
625824
625858
625804
625780
625552
625498
625789
625828
625808
625872
625863
625876
625875
625873
625868
625867
625853
625852
625851
625850
625849
625838
625837
625836
625835
625834
625833
625831
625830
625829
625827
625826
625505
625754
625758
625760
625777
625778
625781
625787
625800
625810
625822
625819
625502
625503
625530
625821
625553
625794
625796
625797
625803
625799
625806
625805
625820
625818
625816
625814
625815
625802
625798
625793
625792
625791
625788
625783
625782
625533
625756
625763
625767
625773
625772
625770
625761
625757
625753
625751
625750
625706
625624
625590
625582
625580
625579
625578
625577
625576
625574
625573
625572
625565
625563
625561
625557
625554
625556
625555
625549
625548
625547
625546
625545
625544
625543
625542
625541
625540
625538
625537
625536
625535
625534
625529
625526
625528
625527
625525
625524
625518
625517
625516
625515
625514
625513
625512
625510
625508
625504
625500
625474
625473
625472
625471
625470
625464
625468
625467
625466
625465
625455
625452
625448
625450
625446
