652943
652940
652944
653048
653020
652976
652883
652831
652839
652796
652898
652996
653065
653082
652868
652866
653049
652861
652857
652851
652994
652864
652849
653019
652884
652869
652829
652846
652845
652859
652877
652865
652858
652863
652853
652847
652830
653053
653054
653055
653058
653059
653088
653087
653086
653085
653084
653083
653081
653080
653079
653078
653077
653076
653075
653074
653073
653072
653071
653070
653069
653068
653067
653066
653064
653063
653062
653061
653060
653057
653056
653052
653051
653050
653047
653046
653045
653044
653043
653041
653040
653039
653038
653037
653036
653035
653034
653033
653031
653030
653029
653028
653027
653026
653025
653024
653023
653022
653021
653018
653017
653016
653014
653013
653012
653011
653010
653009
653008
653007
653006
653004
653003
653002
653001
653000
652999
652998
652997
652995
652993
652992
652991
652989
652988
652986
652985
652984
652982
652981
652980
652978
652977
652914
652910
652975
652974
652973
652972
652971
652916
652917
652970
652969
652968
652967
652965
652964
652963
652961
652959
652958
652957
652956
652955
652954
652953
652952
652951
652950
652949
652948
652947
652946
652945
652939
652941
652938
652937
652936
652935
652934
652933
652932
652931
652930
652929
652911
652919
652913
652928
652927
652912
652926
652924
652923
652909
652907
652921
652918
652915
652908
652843
652838
652837
652906
652905
652904
652903
652902
652901
652900
652899
652897
652896
652895
652894
652893
652892
652891
652890
652889
652888
652887
652886
652885
652836
652835
652882
652881
652880
652879
652878
652876
652875
652874
652873
652872
652871
652870
652867
652862
652860
652856
652855
652854
652852
652850
652848
652844
652842
652841
652840
652834
652833
652832
652827
652826
652825
652824
652822
652821
652820
652819
652818
652817
652816
652815
652814
652813
652812
652811
652809
652808
652806
652805
652804
652803
652802
652800
652799
652798
652797
652795
652794
652793
652792
652791
652790
652789
652788
652787
652786
652785
652784
