615504
615452
615262
615415
615405
615417
615478
615422
615421
615419
615418
615414
615413
615412
615411
615408
615407
615406
615382
615383
615385
615386
615387
615388
615389
615384
615381
615380
615390
615404
615303
615494
615485
615475
615474
615263
615518
615447
615443
615436
615429
615427
615420
615360
615342
615482
615476
615473
615483
615469
615361
615366
615367
615368
615369
615370
615371
615372
615290
615341
615340
615472
615480
615264
615276
615279
615315
615347
615461
615467
615464
615471
615462
615346
615345
615344
615348
615351
615349
615355
615354
615353
615352
615336
615335
615334
615333
615292
615283
615271
615468
615317
615313
615312
615298
615297
615287
615286
615295
615296
615470
615499
615442
615329
615328
615327
615498
615497
615496
615495
615465
615466
615446
615445
615444
615441
615519
615517
615516
615511
615510
615509
615502
615501
615515
615512
615508
615500
615514
615513
615507
615503
615506
615505
615493
615492
615491
615490
615489
615488
615487
615486
615484
615479
615463
615460
615459
615458
615457
615456
615455
615454
615453
615450
615449
615448
615440
615439
615424
615437
615435
615434
615432
615430
615416
615426
615423
615410
615409
615403
615402
615401
615400
615399
615398
615397
615396
615395
615394
615393
615392
615391
615309
615306
615321
615379
615350
615378
615377
615376
615375
615374
615373
615365
615364
615363
615362
615359
615358
615357
615356
615343
615337
615338
615325
615326
615330
615331
615332
615324
615323
615322
615320
615319
615318
615316
615314
615311
615308
615310
615307
615305
615304
615302
615301
615299
615294
615293
615291
615289
615288
615285
615284
615282
615281
615280
615274
615273
615272
615270
615269
615267
615268
615266
615265
