648897
649092
648999
648997
648996
649210
649211
649220
649223
649229
649237
649248
648995
648968
649091
648969
649249
649247
649246
649245
649244
649243
649242
649241
649240
649239
649238
649236
649235
649234
649233
649232
649231
649230
649228
649227
649226
649225
649206
649204
649202
649224
649222
649221
649219
649218
649217
649216
649215
649214
649213
649212
649199
649205
649063
649203
649201
649198
649209
649208
649207
649200
649197
649196
649195
649194
649192
649191
649190
649189
649188
649187
649186
649185
649184
649183
649182
649181
648908
648909
648910
648911
648912
648913
648914
648915
648916
648917
648918
649180
649179
649178
649177
649176
649175
649174
649173
648970
648972
649030
649069
649077
649107
649172
649171
649170
649169
649168
649167
649166
649165
649164
649163
649162
649161
649160
649159
649158
649157
649156
649154
649153
649152
649149
649148
649147
649146
649145
649144
649143
649142
649141
649140
649139
649138
649137
649136
649135
649134
649133
649132
649131
649130
649129
649128
649127
649126
649124
649123
649122
649121
649120
649113
649112
649111
649110
649109
649115
649119
649118
649117
649116
649114
649108
649106
649105
649104
649103
649102
649101
649100
649099
649098
649096
649095
649094
649093
649090
649089
649088
649087
649086
649085
649084
649083
649082
649081
649080
649079
649078
649076
649075
649074
649073
649071
649070
649068
649067
649065
649066
649064
648952
649062
649061
649060
649059
649058
649057
649056
649055
649054
649053
649044
649047
649046
649045
649048
649052
649051
649050
649042
649041
649040
648960
648939
649039
649038
649037
649036
649035
649034
649033
649032
649031
649029
649028
648961
649026
649025
649024
649023
649022
649021
648943
649020
649019
649018
649017
649016
649014
649013
649012
649011
648962
649010
649009
649008
649007
649006
649005
649004
649003
649002
649001
649000
648998
648957
648956
648994
648993
648992
648991
648988
648985
648984
648983
648982
648981
648980
648951
648945
648979
648978
648977
648959
648976
648950
648975
648974
648973
648954
648947
648955
648949
648948
648944
648967
648941
648940
648966
648953
648942
648963
648965
648964
648946
648958
648938
648937
648936
648935
648934
648933
648932
648931
648930
648929
648928
648927
648925
648924
648923
648922
648921
648920
648882
648883
648890
648904
648919
648907
648906
648905
648903
648902
648900
648899
648898
648896
648895
648894
648893
648892
648891
648889
648888
648887
648886
648885
648884
648881
648880
648879
