607558
607574
607718
607624
607589
607667
607665
607657
607662
607656
607690
607697
607693
607695
607696
607694
607691
607692
607689
607698
607702
607701
607700
607699
607578
607674
607652
607648
607647
607646
607635
607571
607537
607535
607631
607630
607629
607628
607627
607623
607601
607595
607593
607591
607547
607616
607618
607619
607620
607621
607617
607614
607615
607610
607609
607563
607636
607666
607677
607673
607685
607687
607680
607688
607686
607684
607675
607683
607681
607679
607678
607676
607668
607575
607664
607672
607541
607580
607588
607579
607641
607613
607612
607670
607671
607682
607703
607704
607706
607708
607711
607554
607594
607637
607596
607539
607544
607603
607634
607643
607645
607649
607669
607724
607587
607545
607642
607719
607721
607720
607722
607723
607632
607550
607576
607577
607622
607633
607585
607586
607725
607583
607584
607581
607582
607640
607717
607716
607715
607714
607713
607712
607710
607709
607707
607705
607663
607661
607660
607659
607658
607655
607654
607653
607651
607650
607644
607638
607557
607556
607626
607608
607543
607542
607607
607606
607605
607604
607602
607600
607599
607598
607597
607592
607590
607573
607570
607569
607568
607567
607566
607565
607564
607562
607561
607560
607555
607552
607551
607546
607534
607533
607540
