674430
674667
674419
674415
674615
674647
674611
674604
674637
674386
674416
674384
674414
674388
674387
674382
674381
674353
674352
674351
674349
674348
674347
674346
674345
674344
674343
674406
674438
674434
674436
674437
674440
674441
674443
674444
674445
674447
674448
674449
674450
674451
674452
674453
674455
674456
674457
674458
674459
674460
674461
674462
674463
674464
674465
674467
674468
674469
674470
674471
674472
674473
674474
674475
674477
674478
674479
674480
674328
674385
674399
674418
674420
674424
674425
674439
674496
674526
674531
674555
674556
674558
674565
674584
674625
674627
674628
674629
674632
674645
674670
674671
674693
674692
674691
674690
674689
674688
674687
674686
674685
674684
674683
674681
674680
674673
674672
674669
674668
674666
674665
674664
674663
674662
674661
674660
674659
674658
674657
674656
674655
674654
674653
674652
674651
674650
674649
674648
674646
674644
674643
674642
674641
674640
674639
674638
674636
674635
674634
674631
674630
674626
674624
674623
674622
674621
674620
674619
674618
674617
674616
674614
674613
674612
674610
674609
674608
674607
674606
674605
674603
674602
674601
674600
674599
674598
674597
674596
674595
674593
674592
674591
674590
674589
674588
674587
674586
674585
674583
674582
674581
674580
674579
674577
674576
674575
674574
674573
674572
674571
674570
674569
674568
674567
674566
674564
674563
674562
674561
674560
674559
674557
674554
674553
674552
674551
674550
674547
674546
674545
674544
674543
674542
674541
674540
674539
674537
674536
674535
674534
674533
674532
674530
674529
674528
674527
674525
674524
674523
674522
674521
674520
674519
674518
674515
674514
674513
674512
674510
674508
674507
674506
674505
674503
674501
674500
674499
674498
674497
674379
674377
674495
674494
674493
674492
674491
674490
674489
674486
674485
674484
674483
674482
674375
674373
674481
674476
674466
674454
674446
674442
674435
674433
674432
674431
674429
674428
674427
674426
674383
674378
674370
674423
674422
674421
674417
674413
674412
674411
674410
674409
674408
674407
674376
674372
674369
674404
674403
674401
674380
674371
674400
674398
674397
674396
674395
674394
674393
674392
674391
674390
674389
674368
674374
674367
674366
674365
674364
674363
674362
674361
674360
674359
674358
674357
674356
674355
674354
674350
674342
674341
674340
674339
674338
674337
674336
674335
674334
674333
674332
674331
674330
674329
674327
674326
674325
674324
674323
674322
674321
674320
674319
674318
674317
674316
674315
674314
674312
674313
674309
674311
674310
674308
674307
674306
674305
674304
674303
674302
674301
674300
674299
674298
674297
674296
