675127
675553
675499
675488
675382
675300
675250
675260
675180
675251
675252
675491
675529
675102
675103
675104
675105
675106
675107
675108
675109
675110
675111
675113
675114
675115
675116
675118
675183
675564
675563
675562
675561
675560
675559
675558
675557
675556
675555
675552
675551
675550
675549
675548
675547
675546
675545
675544
675543
675542
675541
675540
675539
675538
675537
675536
675535
675534
675533
675532
675531
675530
675528
675527
675526
675525
675524
675523
675522
675521
675520
675519
675518
675517
675419
675423
675516
675515
675514
675513
675512
675511
675510
675509
675508
675507
675506
675505
675504
675503
675502
675501
675500
675498
675497
675496
675495
675494
675493
675492
675490
675489
675487
675486
675179
675186
675264
675278
675294
675299
675327
675360
675364
675371
675388
675407
675443
675450
675485
675484
675483
675482
675481
675480
675479
675477
675476
675475
675474
675473
675472
675471
675417
675470
675469
675468
675467
675466
675465
675464
675463
675462
675461
675460
675459
675458
675456
675455
675454
675453
675452
675451
675449
675448
675447
675446
675445
675444
675442
675441
675440
675439
675438
675437
675436
675435
675434
675433
675432
675431
675430
675429
675428
675427
675426
675421
675424
675416
675420
675418
675415
675414
675413
675411
675410
675409
675408
675406
675405
675404
675403
675402
675401
675400
675399
675398
675397
675396
675395
675394
675393
675392
675391
675390
675389
675387
675386
675385
675384
675383
675380
675379
675378
675377
675376
675375
675374
675373
675372
675370
675369
675368
675367
675366
675365
675363
675362
675361
675359
675358
675357
675356
675354
675353
675352
675351
675350
675349
675348
675347
675346
675345
675344
675343
675342
675341
675340
675339
675338
675337
675336
675335
675334
675333
675332
675331
675330
675329
675328
675326
675325
675324
675323
675322
675321
675320
675319
675318
675317
675316
675315
675314
675313
675312
675310
675309
675308
675307
675306
675305
675304
675303
675302
675301
675298
675297
675296
675295
675293
675292
675291
675289
675288
675287
675286
675285
675284
675283
675282
675281
675280
675279
675277
675276
675275
675274
675273
675272
675270
675269
675268
675267
675265
675263
675262
675261
675259
675258
675257
675256
675255
675254
675253
675249
675248
675247
675246
675245
675244
675242
675241
675240
675238
675237
675236
675235
675234
675233
675232
675231
675230
675229
675228
675226
675225
675224
675223
675222
675221
675220
675218
675217
675215
675214
675213
675212
675211
675210
675209
675208
675207
675206
675205
675204
675203
675202
675201
675200
675199
675198
675197
675195
675194
675193
675192
675191
675190
675189
675188
675187
675185
675184
675182
675181
675178
675177
675176
675175
675174
675173
675172
675171
675170
675169
675167
675166
675165
675164
675163
675162
675161
675160
675158
675157
675156
675155
675154
675153
675152
675151
675150
675149
675148
675147
675146
675145
675144
675143
675142
675141
675140
675139
675138
675137
675136
675135
675134
675133
675132
675131
675130
675129
675128
675126
675125
675124
675123
675122
675121
675120
675119
675117
675112
675101
