628284
628151
628267
628293
628221
628182
628172
628171
628189
628188
628187
628186
628184
628185
628183
628180
628181
628179
628178
628177
628174
628175
628173
628169
628168
628170
628167
628264
628253
628229
628216
628231
628335
628334
628333
628332
628331
628330
628329
628328
628327
628326
628325
628324
628323
628322
628321
628320
628319
628309
628317
628316
628314
628310
628311
628312
628313
628308
628315
628307
628306
628305
628304
628303
628302
628301
628300
628299
628298
628297
628296
628295
628294
628292
628291
628290
628289
628288
628287
628286
628285
628283
628282
628281
628280
628279
628278
628277
628276
628275
628274
628273
628272
628271
628270
628269
628268
628266
628265
628263
628262
628261
628260
628259
628258
628256
628255
628254
628251
628250
628249
628248
628247
628246
628245
628244
628243
628242
628241
628240
628239
628238
628237
628236
628235
628234
628233
628232
628230
628225
628224
628227
628226
628223
628222
628220
628218
628217
628215
628214
628213
628212
628211
628210
628209
628208
628207
628206
628204
628203
628160
628205
628202
628200
628201
628199
628198
628197
628196
628195
628194
628193
628192
628191
628190
628176
628166
628165
628164
628163
628162
628161
628159
628157
628156
628155
628154
628153
628152
628150
