605138
605140
605178
605179
605177
605176
605159
605133
605163
605154
605149
605132
605137
605136
605164
605160
605165
605150
605158
605153
605156
605151
605152
605139
605147
605131
605141
605135
605134
605130
605050
605143
605142
605144
605145
605002
605021
605041
605082
605193
605076
604881
605115
605189
605187
605184
605180
605169
605129
605116
605122
605113
605111
605048
605102
605052
605047
605046
605045
605040
605039
605038
605030
605024
605015
604936
604937
604948
604961
605027
605023
605020
605017
605013
605012
605010
605009
605008
605007
605005
605003
605016
605028
605001
604934
604932
604920
605101
605100
605099
605022
604970
604989
604990
604883
604892
604893
604894
604902
604909
605079
605083
605084
605157
605006
604905
604911
605096
605081
604985
604986
604987
604988
604935
604908
604907
604912
604930
604929
604922
604924
604925
604926
604949
604941
604896
605162
604906
605004
605061
605062
605059
604938
604942
604957
604959
604991
604992
604993
604996
605000
605198
605170
605197
605172
605200
605199
605195
605196
605194
605192
605191
605190
605188
605186
605185
605183
604914
604962
604958
604939
604980
605181
605182
605106
605110
605095
605105
605104
605107
605094
605103
605097
605109
605108
605091
605092
605089
605090
605093
605088
605166
605161
605155
605146
605167
605168
605174
605171
604928
604921
604923
604927
604950
604951
604952
604964
604974
604968
604984
604983
604882
604946
604947
604967
605175
605173
605148
605128
605127
605126
605125
605124
605123
605121
605120
605119
605112
605118
605117
605098
605087
605086
605080
605078
605077
605074
605073
605072
605064
605065
605070
605069
605068
605067
605066
605063
605060
605058
605057
605056
605055
605054
605053
605051
605044
605042
605037
605036
605031
605035
605034
605033
605032
605029
605026
605025
605019
605018
605014
605011
604913
604999
604998
604997
604994
604995
604982
604897
604944
604965
604981
604953
604966
604969
604971
604979
604978
604976
604975
604973
604963
604960
604972
604954
604956
604945
604943
604933
604931
604915
604910
604903
604901
604900
604899
604898
604891
604890
604889
604888
604887
604886
604885
604884
604880
