676962
676963
676964
676965
676966
676967
676968
676969
676971
676972
676973
676974
676975
676976
676977
676978
676979
676980
676981
676982
676983
676986
676984
676985
676987
676988
676989
676990
676991
676992
677107
677089
677122
677106
676863
676865
676860
676856
677088
676862
676855
677087
676864
676822
676826
676827
676861
676859
676814
676809
676816
676803
676811
676818
676812
676815
676804
676801
676819
676810
676813
676802
676817
676820
676808
677126
677130
677021
677116
677117
677158
677157
677156
677155
677154
677067
677068
677152
677063
677062
677151
677150
677149
677148
677147
677146
677145
677144
677143
677142
677141
677140
677139
677138
677137
677136
677135
677134
677133
677132
677131
677129
677128
677127
677003
677005
677006
677007
677125
676951
677047
677051
677054
677081
677097
677112
677124
677123
677121
677120
677119
677118
677115
677114
677113
677111
677110
677109
677108
677105
677104
677103
677102
677101
677100
677099
677098
677096
677095
677094
677092
677091
677090
677086
677085
677084
677083
677080
677078
677077
677076
677075
677074
677072
677071
677070
677069
676821
677066
677065
677064
677061
677060
677058
677056
677055
677053
677052
677050
677049
677048
677046
677045
677044
677043
677041
677040
677039
677038
677037
677036
677034
677033
677032
677030
677029
677028
677027
677025
677024
677023
677022
677020
677017
677015
677014
677013
677012
677004
677011
677010
677009
677008
677002
677001
677000
676999
676998
676997
676996
676898
676995
676994
676916
676993
676970
676961
676960
676959
676958
676957
676956
676955
676954
676952
676950
676949
676840
676848
676928
676946
676948
676947
676945
676944
676942
676941
676940
676939
676938
676937
676936
676935
676934
676933
676932
676931
676930
676915
676897
676929
676927
676926
676925
676924
676923
676922
676917
676921
676920
676919
676918
676914
676896
676913
676912
676911
676910
676909
676908
676907
676906
676905
676904
676903
676902
676901
676900
676899
676895
676894
676893
676887
676889
676890
676892
676891
676888
676886
676885
676884
676883
676882
676881
676880
676879
676852
676851
676850
676849
676847
676846
676845
676844
676842
676841
676838
676837
676836
676835
676832
676833
676834
676831
676878
676877
676876
676875
676874
676873
676872
676870
676869
676868
676867
676866
676858
676857
676854
676829
676828
676825
676824
676823
676807
676806
676805
676800
676799
676798
676797
676795
676794
676793
676792
676791
676790
676789
676788
676787
676786
676785
676784
676783
676782
676781
676780
676779
676778
676777
676776
676775
676774
676773
676772
676771
676770
676769
