605743
605748
605747
605607
605622
605608
605606
605604
605733
605666
605601
605727
605734
605726
605724
605723
605612
605610
605600
605683
605685
605684
605703
605687
605688
605704
605706
605694
605697
605696
605695
605701
605700
605692
605679
605674
605669
605675
605673
605677
605680
605670
605676
605672
605668
605671
605667
605646
605739
605715
605708
605693
605689
605681
605678
605635
605634
605632
605631
605714
605662
605618
605619
605620
605659
605559
605637
605750
605752
605753
605438
605580
605657
605656
605742
605741
605737
605735
605732
605731
605730
605440
605436
605486
605690
605720
605655
605543
605595
605728
605721
605710
605658
605754
605751
605746
605744
605740
605738
605707
605699
605698
605736
605729
605722
605711
605719
605718
605717
605716
605713
605712
605709
605705
605654
605702
605691
605686
605682
605661
605653
605652
605650
605651
605665
605664
605663
605660
605649
605648
605647
605621
605615
605614
605613
605645
605644
605643
605642
605641
605640
605639
605638
605636
605633
605630
605629
605628
605627
605626
605625
605624
605617
605616
605460
605462
605463
605464
605465
605467
605468
605470
605471
605472
605473
605474
605475
605476
605477
605478
605479
605480
605481
605482
605483
605485
605487
605488
605489
605490
605491
605492
605493
605494
605495
605496
605497
605498
605499
605503
605505
605506
605507
605508
605509
605510
605511
605512
605513
605514
605515
605516
605517
605518
605522
605523
605524
605525
605526
605527
605528
605529
605535
605536
605537
605538
605539
605540
605541
605542
605545
605546
605547
605548
605549
605550
605551
605552
605553
605554
605555
605556
605557
605558
605561
605562
605563
605564
605565
605566
605567
605568
605569
605570
605571
605572
605573
605574
605582
605583
605584
605585
605586
605587
605588
605589
605590
605591
605592
605596
605597
605598
605599
605603
605594
605593
605581
605579
605578
605577
605575
605560
605437
605451
605444
605452
605453
605454
605449
605450
605446
605447
605456
605544
605534
605533
605532
605531
605530
605521
605520
605519
605501
605484
605469
605466
605461
605459
605458
605457
605443
