602645
602718
602732
602648
602724
602722
602638
602640
602643
602644
602633
602632
602647
602690
602743
602775
602746
602689
602688
602683
602685
602680
602682
602747
602737
602733
602731
602730
602729
602727
602726
602725
602720
602601
602703
602577
602579
602663
602764
602758
602759
602761
602760
602762
602763
602757
602755
602754
602756
602753
602752
602677
602661
602659
602653
602715
602695
602692
602588
602706
602665
602664
602766
602765
602582
602598
602599
602604
602651
602655
602734
602799
602602
602699
602603
602668
602580
602700
602802
602801
602800
602777
602793
602798
602797
602796
602795
602791
602790
602789
602788
602787
602786
602785
602784
602783
602782
602781
602779
602774
602773
602772
602748
602745
602742
602741
602740
602739
602736
602728
602735
602721
602667
602669
602670
602671
602694
602717
602716
602714
602713
602701
602705
602698
602712
602711
602707
602710
602709
602704
602697
602696
602693
602687
602686
602681
602679
602675
602674
602672
602666
602662
602658
602657
602656
602652
602650
602649
602646
602642
602641
602637
602636
602631
602630
602629
602628
602627
602626
602625
602624
602623
602622
602621
602620
602619
602618
602617
602616
602615
602614
602613
602612
602611
602610
602609
602608
602607
602606
602605
602595
602581
602600
602597
602596
602593
602592
602590
602589
602587
602586
602585
602584
602578
