662783
662780
662779
662778
662777
662775
662774
662772
662769
662765
662757
662776
662773
662764
662770
662752
662759
662748
662738
662763
662768
662766
662745
662753
662608
662755
662762
662747
662742
662527
662648
662699
662680
662683
662734
662558
662559
662560
662561
662562
662563
662564
662565
662566
662567
662568
662569
662571
662572
662573
662574
662575
662576
662577
662578
662579
662581
662582
662583
662584
662585
662586
662587
662588
662589
662590
662591
662592
662593
662594
662595
662596
662597
662598
662599
662600
662601
662602
662603
662604
662605
662781
662813
662811
662810
662809
662808
662807
662806
662805
662804
662803
662802
662801
662800
662799
662798
662797
662796
662795
662793
662792
662791
662790
662789
662788
662787
662786
662785
662784
662782
662771
662767
662760
662758
662756
662754
662751
662750
662749
662746
662744
662743
662741
662740
662739
662733
662732
662731
662730
662729
662728
662727
662726
662725
662724
662723
662722
662721
662720
662719
662718
662717
662716
662715
662714
662713
662712
662711
662709
662708
662702
662701
662700
662698
662697
662696
662695
662694
662692
662691
662690
662689
662688
662687
662686
662685
662684
662682
662681
662678
662673
662672
662671
662670
662669
662668
662667
662666
662665
662664
662663
662662
662661
662660
662659
662658
662657
662656
662655
662654
662653
662652
662651
662650
662649
662646
662645
662644
662643
662642
662640
662639
662638
662637
662636
662635
662634
662633
662632
662631
662630
662629
662628
662627
662626
662625
662624
662623
662622
662621
662620
662619
662618
662617
662616
662614
662613
662611
662610
662607
662606
662580
662570
662557
662556
662555
662554
662553
662552
662551
662550
662549
662548
662547
662546
662545
662544
662543
662542
662541
662540
662539
662538
662537
662536
662535
662534
662533
662532
662531
662530
662529
662528
662526
662525
662524
662523
662522
662521
662520
662519
662518
662517
662516
662514
662515
662513
662512
662511
662510
662509
662508
662507
