619465
619506
619505
619501
619305
619303
619304
619410
619404
619399
619409
619458
619453
619450
619449
619419
619418
619435
619306
619340
619341
619301
619425
619349
619529
619300
619295
619462
619456
619426
619423
619422
619416
619411
619407
619403
619402
619400
619398
619397
619395
619394
619412
619393
619392
619391
619389
619381
619406
619380
619379
619524
619525
619526
619498
619378
619382
619461
619504
619470
619348
619347
619336
619508
619490
619471
619509
619517
619527
619485
619486
619487
619488
619493
619492
619491
619523
619522
619521
619452
619520
619519
619518
619516
619515
619514
619513
619512
619511
619507
619503
619499
619497
619496
619495
619463
619489
619298
619468
619469
619484
619483
619350
619351
619352
619353
619482
619354
619481
619355
619356
619357
619358
619480
619473
619359
619360
619479
619361
619362
619363
619478
619364
619365
619366
619367
619368
619477
619476
619475
619474
619472
619466
619460
619457
619448
619447
619446
619445
619444
619443
619442
619441
619440
619439
619438
619437
619436
619434
619433
619432
619431
619430
619429
619428
619427
619424
619421
619420
619417
619414
619413
619405
619369
619370
619371
619372
619373
619374
619375
619396
619390
619388
619387
619386
619385
619384
619383
619343
619339
619338
619377
619376
619344
619345
619346
619337
619335
619334
619309
619310
619333
619311
619312
619314
619315
619316
619317
619318
619319
619320
619321
619322
619323
619324
619325
619326
619327
619328
619329
619330
619331
619313
619308
619307
619302
619297
619299
619296
