669813
669794
669795
669598
669792
669788
669591
669703
669791
669702
669660
669793
669786
669595
669784
669701
669597
669594
669596
669593
669590
669797
669802
669589
669675
669676
669677
669706
669708
669764
669672
669712
669739
669751
669756
669776
669805
669837
669836
669835
669834
669833
669832
669831
669830
669829
669828
669827
669826
669825
669824
669823
669822
669821
669820
669819
669818
669817
669816
669815
669814
669812
669811
669810
669809
669808
669807
669804
669803
669801
669800
669799
669798
669796
669790
669787
669785
669783
669782
669781
669780
669779
669778
669777
669685
669688
669689
669690
669691
669692
669693
669695
669696
669697
669698
669699
669770
669769
669768
669766
669765
669763
669762
669761
669760
669759
669773
669772
669771
669775
669774
669767
669758
669757
669755
669754
669753
669750
669749
669748
669747
669746
669745
669743
669742
669741
669740
669738
669737
669736
669735
669734
669733
669732
669731
669730
669729
669728
669727
669726
669724
669723
669722
669721
669719
669718
669717
669716
669715
669714
669713
669711
669710
669709
669510
669511
669572
669586
669636
669639
669642
669653
669654
669657
669707
669705
669704
669700
669694
669687
669686
669683
669682
669681
669680
669679
669678
669674
669673
669671
669670
669669
669667
669668
669666
669665
669664
669663
669662
669661
669659
669658
669656
669655
669652
669651
669650
669649
669648
669646
669645
669644
669643
669641
669640
669638
669637
669635
669634
669633
669632
669631
669630
669629
669628
669627
669626
669625
669624
669623
669622
669621
669620
669619
669618
669617
669616
669615
669614
669612
669611
669610
669609
669608
669606
669605
669604
669603
669602
669601
669600
669599
669592
669588
669587
669585
669584
669583
669582
669580
669579
669578
669577
669576
669575
669574
669573
669570
669569
669568
669567
669566
669565
669564
669563
669562
669561
669560
669559
669557
669556
669554
669553
669552
669550
669548
669546
669545
669544
669543
669542
669541
669540
669539
669538
669537
669536
669535
669534
669533
669532
669531
669530
669529
669528
669527
669526
669525
669524
669523
669522
669521
669520
669519
669518
669517
669516
669515
669514
669512
669509
669465
669467
669474
669504
669502
669501
669500
669498
669497
669496
669495
669494
669493
669492
669491
669490
669489
669488
669487
669486
669485
669484
669483
669482
669481
669480
669479
669477
669476
669475
669473
669472
669471
669470
669469
669468
669464
669463
669462
