608518
608602
608536
608519
608487
608486
608485
608483
608482
608481
608480
608479
608478
608476
608475
608474
608473
608472
608471
608470
608469
608468
608467
608466
608465
608464
608463
608462
608461
608460
608459
608458
608457
608456
608517
608516
608515
608514
608512
608511
608510
608509
608508
608507
608506
608505
608504
608500
608499
608498
608496
608495
608493
608491
608455
608454
608453
608452
608451
608450
608449
608448
608447
608446
608445
608444
608290
608289
608288
608443
608442
608441
608440
608439
608438
608437
608477
608436
608435
608434
608433
608432
608431
608430
608429
608428
608427
608426
608425
608424
608422
608421
608420
608423
608419
608418
608417
608416
608415
608414
608413
608412
608411
608410
608409
608408
608407
608406
608384
608392
608389
608405
608404
608403
608402
608401
608400
608398
608399
608397
608396
608394
608393
608391
608387
608388
608386
608385
608383
608382
608381
608380
608379
608378
608377
608376
608375
608374
608372
608370
608371
608369
608367
608368
608366
608362
608365
608364
608363
608361
608360
608359
608358
608357
608356
608355
608354
608353
608352
608351
608350
608335
608337
608344
608349
608348
608347
608346
608345
608343
608342
608341
608340
608339
608338
608336
608329
608334
608333
608332
608331
608330
608328
608327
608326
608325
608324
608323
608322
608321
608320
608319
608318
608317
608316
608315
608314
608313
608312
608311
608310
608306
608309
608308
608307
608305
608304
608303
608302
608301
608300
608299
608297
608296
608295
608294
608293
608292
608291
608287
608286
608528
608604
608568
608605
608603
608607
608609
608285
608284
608640
608724
608691
608679
608707
608705
608631
608641
608627
608595
608531
608622
608624
608726
608720
608659
608566
608564
608559
608557
608569
608642
608703
608702
608686
608593
608571
608562
608543
608542
608541
608540
608539
608538
608636
608735
608635
608630
608625
608621
608554
608553
608489
608647
608585
608664
608669
608534
608620
608618
608617
608616
608615
608614
608611
608596
608521
608697
608666
608588
608586
608601
608606
608736
608732
608532
608529
608527
608727
608728
608729
608730
608737
608734
608733
608731
608725
608723
608717
608716
608714
608713
608712
608711
608710
608709
608701
608700
608699
608698
608696
608695
608694
608693
608690
608689
608688
608685
608684
608683
608682
608681
608677
608722
608719
608718
608715
608676
608675
608674
608283
608582
608525
608535
608584
608663
608668
608665
608673
608661
608672
608671
608670
608667
608662
608657
608656
608655
608654
608653
608652
608649
608646
608639
608634
608633
608632
608629
608626
608298
608623
608600
608599
608598
608597
608594
608592
608591
608590
608580
608583
608587
608589
608581
608579
608578
608577
608576
608575
608574
608573
608572
608561
608556
608552
608551
608550
608549
608548
608547
608546
608545
608544
608533
608530
608526
608524
608523
608522
608520
608501
608492
608490
608488
608484
608395
608390
608373
608282
