673259
673255
673203
673117
673126
673111
673100
673097
673258
673254
673094
673204
673137
673115
673091
673116
673109
673096
673257
673093
673253
673256
673108
673099
673089
673098
673092
673090
673141
673140
673139
673136
673134
673133
673285
673277
673276
673059
673127
673122
673121
673120
673119
673123
673114
673113
673112
673110
673095
673088
673104
673103
673102
673105
673106
673124
673125
673065
673057
673397
673396
673395
673394
673393
673392
673075
673076
673077
673081
673156
673158
673187
673194
673207
673227
673229
673242
673251
673263
673268
673274
673308
673310
673311
673315
673337
673356
673391
673390
673389
673387
673386
673385
673384
673383
673382
673381
673380
673379
673378
673377
673376
673375
673374
673373
673372
673371
673370
673369
673368
673367
673366
673056
673066
673365
673364
673363
673362
673360
673359
673357
673355
673354
673353
673351
673350
673349
673348
673347
673346
673345
673344
673343
673342
673341
673340
673339
673338
673336
673335
673334
673333
673332
673331
673330
673329
673326
673325
673324
673323
673322
673320
673319
673318
673317
673316
673314
673313
673312
673045
673309
673307
673306
673305
673304
673303
673302
673301
673300
673299
673298
673297
673296
673295
673294
673293
673292
673291
673290
673289
673288
673287
673286
673284
673283
673282
673281
673280
673279
673278
673275
673273
673272
673271
673270
673269
673267
673266
673265
673262
673261
673260
673250
673249
673248
673246
673245
673244
673243
673241
673240
673239
673238
673237
673236
673235
673234
673233
673232
673231
673228
673226
673225
673224
673223
673222
673221
673219
673218
673217
673216
673215
673214
673213
673212
673211
673210
673209
673208
673206
673205
673202
673201
673200
673199
673198
673196
673195
673193
673192
673191
673190
673189
673188
673186
673185
673184
673183
673180
673179
673178
673177
673176
673175
673174
673173
673172
673171
673170
673169
673168
673167
673166
673165
673164
673163
673162
673161
673160
673159
673157
673155
673154
673153
673152
673151
673150
673149
673148
673147
673146
673145
673144
673143
673138
673135
673132
673131
673130
673129
673128
673118
673107
673101
673087
673086
673085
673084
673083
673082
673080
673079
673078
673074
673073
673072
673071
673067
673064
673063
673062
673061
673060
673058
673055
673054
673053
673052
673051
673050
673049
673048
673046
673044
673043
673042
673041
673040
673039
673038
673037
673036
673035
673034
673033
673032
673031
673030
