601588
601665
601669
601648
601689
601685
601662
601661
601653
601618
601697
601680
601679
601675
601633
601670
601691
601684
601525
601629
601622
601621
601613
601612
601604
601593
601599
601587
601586
601585
601583
601582
601578
601577
601654
601630
601620
601619
601634
601632
601631
601624
601528
601683
601572
601562
601560
601557
601555
601674
601688
601636
601596
601531
601603
601601
601527
601608
601657
601678
601687
601597
601711
601598
601605
601686
601627
601640
601682
601638
601681
601677
601676
601673
601672
601664
601663
601660
601659
601656
601655
601652
601651
601649
601647
601646
601645
601644
601643
601642
601641
601639
601637
601626
601623
601617
601616
601614
601615
601594
601602
601595
601611
601600
601610
601609
601606
601591
601590
601589
601584
601581
601580
601579
601576
601575
601574
601573
601571
601570
601569
601568
601567
601566
601565
601564
601563
601561
601559
601558
601556
601554
601553
601552
601551
601550
601549
601548
601547
601546
601545
601544
601543
601541
601540
601539
601538
601537
601536
601535
601534
601533
601532
601530
601526
