629965
629952
630001
630009
630099
630140
630145
629963
629961
629948
629960
630144
630143
630142
630141
630139
630138
630132
630133
630134
630135
630136
630137
630131
630130
630129
630128
630127
630126
630125
630124
630123
630122
630121
630120
630119
630118
630117
630116
630115
630114
630113
630112
630111
630110
630109
630108
630107
630106
630105
630104
630103
630102
630101
630100
630098
630097
630096
630095
630094
630093
630092
630091
630090
630089
630088
630087
630086
630085
630084
630083
630081
630080
630079
630078
630077
630076
630075
630074
630073
630072
630071
630070
630069
630068
630067
630066
630065
630064
630063
630062
630061
630060
630059
630058
630056
630055
630054
630053
630052
630051
630049
630048
630047
630046
630045
630044
630043
630042
630041
630038
630035
630034
630033
630032
630029
630027
630026
630025
630023
630031
630030
630028
630024
630022
630021
630020
630019
630018
630017
630016
630015
630014
630013
630012
630011
630008
630007
630006
630005
630004
630003
630002
630000
629998
629997
629995
629993
629992
629991
629990
629989
629988
629986
629984
629983
629982
629981
629980
629978
629977
629976
629975
629974
629973
629962
629972
629971
629970
629969
629967
629966
629964
629958
629957
629956
629955
629954
629953
629951
629950
629949
629947
629946
629945
629944
629943
629942
629941
629940
629939
629938
629937
629936
629935
629934
629933
629932
629931
629930
629929
629928
629927
629926
629925
629924
629923
629922
629921
629920
629919
629907
629908
629909
629910
629911
629912
629913
629914
629915
629916
629918
629917
629906
629905
629904
629903
629902
629901
629900
629899
629898
