603111
603207
603175
603174
603173
603070
603067
603073
603064
603063
603199
603198
603194
603195
603193
603062
603061
603192
603191
603182
603181
603180
603099
603096
603095
603081
603036
603060
603209
603065
603058
603146
603011
603205
603200
603158
603152
603151
603153
603155
603157
603149
603150
603148
603143
603145
603142
603144
603140
603141
603139
603117
603123
603130
603125
603127
603128
603106
603104
603126
603105
603103
603107
603108
603101
603166
603074
603075
603109
603115
603118
603163
603170
603177
603201
603120
603211
603132
603196
603183
603184
603185
603186
603187
603188
603189
603212
603206
603085
603026
603025
603204
603203
603202
603197
603190
603179
603178
603176
603172
603171
603169
603168
603167
603165
603164
603162
603092
603084
603133
603135
603137
603161
603114
603119
603129
603160
603159
603147
603156
603154
603138
603136
603134
603131
603124
603122
603116
603113
603110
603102
603100
603098
603097
603094
603093
603091
603090
603009
603010
603082
603083
603086
603089
603088
603087
603080
603078
603077
603076
603069
603056
603055
603054
603053
603052
603051
603050
603049
603048
603047
603046
603045
603044
603043
603042
603041
603040
603039
603038
603037
603035
603034
603033
603032
603031
603030
603029
603028
603024
603023
603022
603021
603020
603019
603018
603017
603016
603015
603012
