670200
670195
670161
670205
670159
670176
670160
670045
670044
670113
670009
670090
670122
670138
670141
670146
670147
670148
670149
670183
670190
670193
670216
670222
670223
670110
670111
670112
670114
670115
670117
670118
670244
670243
670242
670241
670240
670239
670238
670237
670236
670235
670234
670233
670232
670231
670229
670230
670228
670227
670226
670225
670224
670221
670220
670219
670218
670217
670215
670214
670213
670212
670211
670210
670209
670208
670207
670206
670204
670203
670201
670199
670198
670197
670196
670194
670192
670191
670189
670188
670187
670186
670185
670184
670182
670181
670179
670178
670177
670174
670173
670172
670170
670180
670175
670171
670169
670168
670167
670166
670165
670164
670163
670162
670158
670157
670156
670155
670154
670152
670151
670150
670145
670144
670142
670140
670139
670137
670136
670134
670133
670132
670130
670129
670128
670127
670126
670124
670123
670121
670120
670119
670116
670109
670108
670107
670106
670105
670104
670103
670102
670101
670100
670099
670098
670097
670096
670095
670094
670093
670092
670091
670089
670088
670087
670086
670085
670084
670082
670081
670080
670078
670077
670076
670075
670074
670073
670072
670071
670070
670069
670068
670066
669848
669850
669853
669935
669938
670065
670064
670063
670061
670060
670059
670058
670057
670056
670055
670054
670053
670052
670050
670049
670048
670047
670046
670043
670042
670041
670040
670039
670038
670037
670036
670035
670034
670033
670032
670031
670030
670029
670027
670026
670025
670024
670023
670022
670021
670020
670019
670018
670017
670016
670015
670014
670013
670012
670011
670010
670008
670007
670006
670005
670004
670003
670002
670001
670000
669999
669998
669997
669996
669995
669994
669993
669992
669991
669990
669989
669988
669987
669986
669985
669973
669974
669984
669980
669983
669982
669981
669979
669978
669977
669976
669975
669972
669971
669970
669969
669968
669967
669966
669965
669964
669963
669961
669960
669959
669958
669957
669956
669955
669954
669953
669952
669951
669950
669949
669948
669947
669946
669945
669944
669943
669942
669941
669940
669939
669937
669936
669934
669933
669932
669931
669930
669929
669928
669927
669926
669925
669924
669923
669922
669921
669920
669919
669918
669917
669916
669915
669914
669913
669912
669911
669910
669909
669908
669907
669906
669905
669904
669903
669902
669900
669899
669898
669897
669896
669895
669894
669892
669891
669890
669889
669888
669887
669886
669885
669884
669883
669882
669881
669880
669879
669878
669877
669876
669875
669874
669873
669872
669871
669870
669869
669868
669867
669866
669865
669864
669863
669862
669861
669852
669851
669849
669860
669859
669858
669857
669856
669855
669854
669847
669846
669845
669844
669843
669842
669841
669840
669839
669838
