637625
637624
637611
637613
637614
637612
637619
637620
637618
637617
637796
637792
637801
637800
637794
637793
637791
637592
637631
637652
637713
637752
637754
637771
637788
637805
637806
637831
637858
637894
637932
637931
637930
637929
637928
637927
637926
637925
637924
637923
637922
637921
637920
637919
637918
637917
637916
637915
637914
637913
637912
637911
637910
637909
637908
637907
637906
637905
637904
637903
637902
637901
637900
637899
637893
637891
637892
637895
637897
637898
637896
637890
637889
637888
637887
637886
637885
637884
637883
637882
637881
637880
637879
637877
637876
637875
637874
637873
637872
637871
637870
637869
637868
637867
637866
637865
637864
637863
637862
637861
637860
637859
637857
637856
637855
637854
637853
637852
637851
637850
637849
637749
637747
637847
637846
637845
637844
637843
637842
637841
637840
637839
637838
637837
637836
637835
637834
637833
637832
637830
637829
637828
637827
637826
637825
637824
637823
637822
637821
637820
637819
637818
637817
637816
637815
637814
637813
637812
637811
637810
637809
637808
637807
637803
637802
637799
637798
637797
637795
637790
637789
637787
637786
637785
637784
637783
637782
637781
637780
637779
637778
637777
637776
637775
637774
637773
637772
637770
637769
637768
637767
637766
637765
637764
637763
637762
637761
637760
637759
637758
637757
637756
637755
637753
637751
637750
637746
637744
637743
637742
637741
637740
637739
637738
637737
637736
637735
637734
637732
637731
637730
637729
637728
637727
637726
637725
637724
637723
637722
637721
637720
637718
637717
637716
637715
637714
637712
637711
637710
637709
637708
637707
637706
637705
637704
637703
637702
637701
637700
637699
637698
637696
637695
637694
637693
637692
637691
637690
637689
637688
637687
637686
637685
637684
637683
637682
637681
637680
637679
637678
637677
637676
637675
637674
637673
637672
637670
637669
637668
637667
637666
637665
637664
637663
637662
637661
637660
637659
637658
637657
637656
637655
637654
637653
637651
637650
637649
637648
637647
637646
637645
637644
637643
637642
637641
637640
637639
637638
637636
637634
637633
637632
637630
637629
637628
637627
637626
637623
637622
637621
637615
637610
637609
637608
637607
637606
637605
637604
637603
637602
637601
637600
637599
637598
637597
637595
637594
637593
637591
637590
637589
637588
