603903
604030
603885
603991
603992
604009
604008
604007
604006
604001
604000
603999
603998
603996
603997
603994
603995
603993
603982
603990
604031
604032
604029
604023
603887
604021
604028
604027
604026
604024
604020
603979
603961
603940
604018
604017
604011
604010
603958
603948
603950
603954
603956
603957
603952
603955
603951
603949
603947
603946
603967
603942
603941
603962
603968
603973
603906
603915
603978
603977
603975
603985
604035
604034
604019
604016
604015
604014
604013
604012
604005
604004
604003
604002
603989
603987
603986
603984
603988
603983
603981
603980
603976
603974
603972
603971
603970
603969
603966
603965
603964
603960
603959
603953
603945
603944
603943
603939
603938
603937
603935
603936
603934
603933
603932
603931
603930
603929
603928
603927
603926
603925
603924
603923
603922
603921
603920
603919
603918
603917
603916
603914
603913
603912
603911
603910
603909
603908
603907
603904
603902
603901
603900
603899
603898
603897
603894
603892
603891
603890
603889
603888
603886
