621019
621017
620946
621123
621131
621132
621005
621023
621027
620998
620991
621016
621000
621150
621152
621151
621148
620931
621060
621058
621057
621049
621030
621006
621076
621075
621074
621062
621048
621046
621041
621040
621039
621024
621018
621008
621004
621002
621001
620997
620993
620992
621003
620989
621054
621053
621055
621052
621051
621050
620986
620983
620982
620980
620979
621033
621034
621035
621037
620976
621061
620975
620969
620968
620966
621059
621056
620965
620948
620947
620941
620940
620938
620939
620937
620936
620967
620973
620977
620978
620964
620963
620953
620954
620955
620956
620944
620952
620951
620950
620949
620945
620943
620942
620921
620925
620924
620923
620922
620926
620930
620929
620927
620928
621073
621072
621071
621070
621069
621068
621066
621065
621064
621063
621038
621077
621078
621079
621080
621081
621082
621083
621084
621085
621147
621146
621145
621144
621143
621142
621141
621140
621139
621138
621137
621136
621135
621134
621133
621130
621129
621128
621126
621125
621124
621122
621086
621087
621088
621089
621090
621091
621092
621093
621120
621094
621095
621096
621097
621098
621099
621100
621101
621102
621103
621104
621105
621106
621107
621108
621109
621110
621111
621112
621113
621114
621115
621116
621118
621119
621067
621047
621045
621044
621043
621042
621036
620995
621032
621031
621029
621026
621028
621025
621022
621012
621020
621021
621014
621013
621011
620994
620996
621010
621009
621007
620999
620990
620988
620984
620981
620987
620985
620974
620972
620970
620962
620961
620960
620935
620959
620958
620957
620933
620934
