623808
623704
623608
623586
623780
623782
623783
623784
623747
623756
623754
623744
623742
623746
623740
623735
623731
623800
623801
623762
623759
623559
623795
623619
623761
623760
623758
623718
623706
623688
623687
623682
623679
623641
623636
623630
623629
623572
623571
623743
623750
623773
623774
623622
623796
623797
623694
623739
623736
623737
623734
623733
623738
623598
623690
623726
623723
623695
623660
623666
623685
623686
623656
623642
623769
623770
623634
623624
623615
623596
623579
623577
623578
623574
623576
623573
623569
623768
623767
623763
623729
623712
623711
623724
623710
623689
623655
623716
623654
623616
623607
623605
623604
623595
623592
623591
623590
623766
623722
623589
623588
623765
623725
623713
623580
623587
623599
623600
623603
623581
623570
623751
623709
623676
623672
623764
623809
623807
623806
623805
623804
623803
623802
623798
623794
623793
623792
623791
623790
623787
623786
623785
623779
623778
623777
623776
623775
623772
623771
623753
623752
623749
623748
623730
623701
623621
623708
623728
623721
623727
623720
623717
623715
623714
623705
623707
623684
623700
623697
623703
623702
623699
623698
623696
623681
623683
623680
623692
623674
623671
623691
623677
623670
623675
623620
623667
623673
623665
623664
623662
623661
623659
623658
623657
623653
623652
623651
623650
623649
623648
623647
623646
623644
623643
623640
623639
623564
623638
623637
623635
623633
623632
623631
623628
623625
623623
623618
623617
623614
623613
623612
623611
623610
623609
623593
623601
623594
623584
623583
623582
623575
623568
623567
623566
623563
623562
623561
623560
