612960
612959
612958
612957
612954
612953
612952
612951
612948
612947
612946
612945
612944
612939
612938
612937
612936
612935
612933
612930
612927
612833
612832
612831
612830
612972
613015
612841
612949
612929
613023
613022
613021
612934
612932
612931
612923
612922
612918
613004
612995
612992
612990
612969
612964
612962
612955
612943
613028
612906
612839
613000
612985
612965
612921
612917
612905
612899
612903
612901
612893
612890
613006
612884
612892
613001
612998
612999
612997
612889
613032
612991
612987
612976
612977
612978
612888
612885
612882
612891
612886
612973
612971
612970
612940
612883
613018
613033
612919
612920
612993
613030
612820
612900
612928
613031
613008
612848
612847
612916
612980
612981
613009
613017
613026
613012
613011
613010
613034
613029
613027
613025
613024
613020
613019
613016
613014
613013
613007
613003
613002
612996
612989
612915
612988
612873
612864
612865
612861
612862
612963
612966
612941
612909
612911
612912
612910
612907
612908
612984
612983
612982
612975
612956
612968
612961
612942
612926
612925
612924
612914
612913
612904
612902
612898
612897
612896
612895
612894
612887
612881
612880
612879
612878
612877
612876
612872
612875
612874
612871
612842
612859
612858
612857
612856
612855
612854
612853
612852
612851
612850
612870
612860
612863
612869
612867
612868
612849
612846
612845
612844
612843
612840
612822
612823
612826
612834
612835
612836
612837
612838
612829
612828
612827
612825
612824
612821
