643729
643730
643728
643443
643442
643508
643506
643503
643500
643505
643482
643507
643499
643498
643504
643481
643502
643718
643749
643763
643768
643536
643712
643713
643714
643715
643716
643717
643770
643767
643765
643764
643762
643761
643760
643759
643758
643757
643756
643755
643754
643753
643752
643748
643747
643746
643745
643744
643743
643742
643741
643740
643739
643738
643737
643736
643735
643734
643733
643732
643731
643727
643726
643725
643724
643723
643722
643721
643720
643719
643483
643573
643644
643663
643700
643702
643703
643704
643705
643711
643710
643709
643708
643707
643706
643701
643689
643683
643682
643681
643699
643698
643697
643696
643695
643694
643693
643692
643691
643690
643688
643687
643685
643684
643680
643679
643678
643677
643676
643675
643674
643673
643672
643671
643670
643669
643668
643667
643666
643665
643664
643662
643661
643660
643659
643658
643657
643656
643655
643654
643653
643652
643651
643650
643649
643648
643647
643646
643645
643643
643642
643641
643640
643639
643637
643636
643635
643634
643633
643632
643631
643630
643629
643628
643627
643626
643625
643624
643623
643622
643621
643620
643619
643618
643617
643616
643615
643614
643613
643612
643611
643610
643609
643608
643607
643606
643605
643603
643602
643601
643600
643599
643598
643586
643592
643595
643597
643596
643589
643594
643593
643591
643590
643588
643587
643585
643583
643581
643582
643580
643579
643532
643530
643578
643577
643576
643575
643574
643572
643571
643570
643569
643568
643567
643566
643565
643564
643563
643562
643561
643560
643559
643558
643557
643556
643555
643554
643553
643552
643551
643550
643534
643533
643549
643548
643547
643546
643545
643544
643543
643542
643540
643539
643513
643511
643514
643538
643537
643535
643529
643528
643512
643527
643526
643525
643524
643523
643522
643521
643520
643519
643518
643517
643516
643515
643510
643509
643501
643497
643496
643495
643494
643493
643492
643491
643490
643489
643488
643487
643486
643485
643484
643479
643478
643477
643476
643475
643474
643473
643472
643471
643470
643469
643468
643467
643466
643465
643464
643463
643461
643460
643457
643456
643455
643454
643451
643450
643449
643448
643447
643446
643445
643444
643441
643440
