610889
610980
610979
610973
610914
610762
610761
610760
610759
610758
610757
610756
610755
610754
610753
610752
610751
610750
610749
610748
610747
610746
610745
610744
610743
610742
610804
610945
610943
610941
610939
610937
610936
610935
610933
610931
610927
610926
610925
610924
610923
610922
610921
610920
610919
610918
610916
610915
610913
610912
610911
610910
610909
610908
610907
610906
610905
610902
610901
610900
610899
610898
610897
610896
610895
610894
610887
610886
610884
610883
610882
610881
610879
610874
610873
610872
610871
610870
610869
610868
610867
610866
610861
610862
610863
610864
610865
610859
610860
611015
611013
611018
611010
611009
610805
610956
610954
610971
610974
610789
610960
610953
610770
610830
610817
610816
610815
610823
610999
610733
610952
610942
610938
610904
610893
610785
610875
611003
611002
611001
611000
610997
610996
610934
610891
610848
610819
610885
610878
610877
610858
610857
610856
610855
610854
610946
610850
610847
610843
610840
610839
610837
610892
610818
610814
610807
610801
610800
610798
610796
611019
611020
610968
610795
610838
610929
610820
610822
610821
610880
611022
611026
611024
610776
610809
610831
610876
610928
610932
610948
611006
611005
611004
611021
611017
611012
611007
610944
610966
610981
610982
610983
610984
610985
610986
610987
610988
610989
610990
610991
610992
610993
610994
610995
610978
610977
610976
610970
610967
610965
610964
610963
610962
610959
610958
610803
610951
610950
610890
610836
610841
610949
610947
610917
610903
610853
610852
610851
610849
610842
610824
610844
610835
610833
610832
610829
610828
610827
610826
610825
610813
610812
610811
610806
610810
610808
610799
610797
610794
610792
610791
610790
610782
610781
610780
610772
610773
610775
610779
610778
610774
610769
610768
610767
610766
610765
610764
610763
610741
610740
610739
610738
610737
610736
610735
610734
610732
610731
610730
610729
610728
610727
610726
