657172
657173
657171
657169
657170
657168
657167
657166
657165
657164
657163
657162
657161
657160
657159
657158
657157
657156
657155
657154
657153
657152
657151
657150
657149
657148
657147
657146
657145
657144
657143
657142
657141
657140
657139
657138
657137
657136
657135
657134
657133
657132
657131
657130
657128
657127
657126
657125
657124
657123
657122
657121
657120
657119
656865
656740
656759
656999
656996
656978
656945
656884
656973
656874
656870
656729
656717
656857
656745
656958
656886
656760
656728
656724
656673
656679
656663
657118
657117
657116
657115
657114
657113
657112
657111
657110
657109
657108
657107
657106
657105
657104
657103
657102
657101
657100
657099
657098
657097
657096
657095
657094
657093
657090
657089
657088
657087
657086
657085
657084
657083
657082
657081
657080
657079
657078
657077
657076
657075
657074
657073
657072
657071
657070
657069
657068
657067
657066
656653
656676
656646
656998
656722
656695
656688
656816
656814
656802
656801
656861
656748
656684
656879
656727
656749
656995
656946
656872
656637
656726
656716
656642
656983
656665
656888
656800
656969
656613
656808
656815
656818
656919
656925
656720
656702
656678
656664
656674
656623
656725
656714
656683
656655
656645
656719
656647
656680
656675
656644
656898
656897
656896
657024
657015
656625
656639
657036
657021
657019
657017
657182
657020
656638
656677
657018
657035
657023
656632
656633
656634
656635
656636
656648
656649
656650
656652
656656
656657
656658
656659
656660
656661
656662
657184
657185
657186
657187
657188
657016
657014
657012
657191
657190
657189
657183
657181
657179
657178
657177
657176
657175
657174
656621
657129
657092
657091
657065
657064
657063
657062
657061
657060
657059
657058
657057
657056
657055
657054
657053
657052
657051
657048
657047
657046
657045
657044
657043
657042
657041
657040
657039
657038
657037
657034
657033
657032
657031
657030
657029
657028
657027
657026
657025
656631
657022
657013
657011
657010
657009
657008
657006
657007
657005
657004
657003
657002
657001
656992
656991
656989
656988
657000
656997
656908
656907
656906
656994
656987
656986
656985
656984
656982
656980
656979
656977
656976
656975
656974
656972
656971
656970
656967
656965
656964
656963
656962
656960
656905
656904
656938
656959
656957
656956
656954
656953
656951
656950
656948
656944
656943
656942
656940
656939
656937
656936
656935
656934
656933
656932
656931
656930
656929
656928
656927
656926
656924
656923
656922
656921
656920
656918
656917
656916
656915
656914
656913
656912
656911
656910
656909
656903
656902
656901
656900
656899
656895
656894
656893
656891
656890
656889
656887
656885
656883
656882
656881
656880
656878
656877
656876
656875
656789
656788
656783
656778
656873
656871
656869
656868
656866
656864
656863
656862
656860
656859
656858
656856
656855
656854
656853
656852
656851
656850
656849
656848
656847
656846
656845
656844
656843
656782
656781
656842
656841
656840
656839
656838
656837
656787
656786
656785
656784
656836
656835
656834
656833
656832
656831
656830
656829
656828
656827
656826
656825
656824
656823
656822
656821
656820
656819
656780
656817
656777
656812
656811
656810
656809
656807
656806
656805
656804
656798
656797
656796
656795
656794
656779
656793
656792
656791
656790
656776
656767
656768
656769
656772
656773
656774
656765
656763
656762
656761
656775
656771
656770
656766
656764
656758
656757
656756
656755
656754
656753
656752
656751
656750
656747
656746
656744
656742
656741
656739
656738
656737
656736
656735
656734
656733
656732
656731
656730
656723
656721
656718
656715
656713
656712
656711
656710
656709
656708
656707
656706
656705
656704
656703
656701
656700
656699
656698
656697
656696
656694
656693
656692
656691
656690
656689
656687
656686
656685
656682
656681
656672
656671
656670
656669
656668
656667
656666
656654
656643
656641
656640
656630
656629
656628
656627
656626
656624
656620
656619
656618
656617
656614
656612
656611
656608
656607
656606
656605
656604
656603
656602
