670248
670247
670278
670281
670280
670284
670283
670273
670271
670541
670540
670536
670539
670537
670542
670558
670249
670338
670340
670363
670386
670392
670404
670427
670429
670459
670460
670461
670468
670522
670350
670351
670352
670356
670346
670345
670344
670343
670308
670564
670563
670562
670561
670560
670557
670556
670555
670553
670552
670551
670550
670549
670548
670547
670546
670545
670544
670543
670538
670535
670534
670533
670532
670531
670529
670528
670527
670526
670525
670524
670523
670521
670520
670519
670518
670517
670516
670515
670514
670513
670512
670511
670510
670509
670508
670507
670506
670505
670504
670503
670502
670501
670500
670499
670498
670497
670496
670494
670493
670492
670490
670488
670485
670484
670489
670483
670481
670480
670479
670478
670477
670476
670475
670474
670473
670472
670471
670470
670469
670495
670491
670487
670486
670467
670466
670465
670464
670463
670462
670458
670457
670456
670455
670454
670453
670452
670450
670448
670447
670446
670445
670444
670443
670441
670440
670439
670438
670437
670436
670435
670434
670433
670432
670431
670430
670426
670425
670424
670423
670422
670421
670420
670419
670418
670417
670416
670415
670414
670413
670412
670411
670410
670409
670408
670407
670406
670405
670403
670402
670401
670400
670399
670398
670397
670396
670395
670394
670393
670391
670390
670389
670388
670384
670383
670382
670381
670379
670378
670377
670376
670375
670374
670373
670372
670371
670370
670369
670368
670367
670366
670365
670364
670362
670361
670360
670359
670358
670357
670355
670354
670353
670349
670348
670347
670342
670341
670339
670333
670332
670331
670337
670336
670335
670334
670330
670329
670328
670327
670326
670325
670324
670323
670322
670321
670320
670319
670318
670317
670316
670315
670314
670313
670312
670311
670310
670309
670307
670306
670305
670304
670303
670302
670301
670300
670299
670298
670297
670295
670294
670293
670292
670291
670290
670289
670288
670287
670286
670285
670282
670279
670277
670276
670275
670274
670272
670270
670269
670268
670267
670266
670265
670264
670263
670262
670261
670260
670259
670256
670258
670257
670255
670254
670253
670252
670251
670250
670246
670245
