606695
606537
606680
606530
606745
606747
606743
606674
606668
606662
606605
606689
606696
606649
606651
606654
606597
606594
606588
606590
606760
606759
606524
606751
606593
606748
606732
606730
606727
606558
606521
606582
606520
606474
606703
606568
606671
606646
606643
606636
606434
606462
606463
606461
606458
606459
606457
606460
606455
606454
606452
606436
606450
606445
606449
606448
606446
606447
606451
606443
606442
606439
606435
606437
606438
606645
606713
606714
606715
606716
606717
606676
606561
606559
606554
606549
606547
606540
606544
606546
606539
606749
606536
606528
606526
606525
606557
606522
606519
606518
606516
606515
606509
606433
606512
606510
606507
606633
606632
606630
606626
606620
606610
606604
606603
606600
606599
606584
606581
606489
606432
606508
606440
606441
606419
606642
606641
606639
606628
606629
606614
606613
606616
606617
606627
606609
606611
606612
606615
606608
606538
606681
606702
606464
606750
606752
606487
606596
606422
606421
606704
606721
606722
606686
606687
606761
606762
606708
606723
606724
606725
606726
606712
606711
606710
606709
606707
606706
606705
606701
606700
606694
606692
606691
606496
606556
606555
606505
606490
606504
606682
606683
606684
606685
606765
606764
606763
606758
606757
606756
606755
606753
606466
606497
606498
606499
606513
606569
606570
606574
606580
606660
606664
606541
606542
606550
606551
606742
606741
606467
606468
606469
606471
606475
606476
606477
606478
606479
606480
606481
606482
606483
606485
606486
606514
606517
606602
606607
606733
606734
606735
606736
606737
606738
606739
606740
606731
606728
606427
606426
606425
606424
606423
606564
606565
606720
606718
606679
606678
606672
606670
606667
606661
606659
606658
606657
606656
606653
606650
606648
606647
606618
606623
606624
606634
606635
606640
606638
606637
606631
606625
606621
606619
606601
606592
606587
606586
606585
606583
606579
606578
606577
606576
606575
606573
606572
606571
606566
606563
606562
606553
606548
606545
606543
606535
606534
606532
606531
606529
606527
606523
606511
606506
606503
606502
606500
606495
606494
606491
606488
606484
606473
606472
606470
606465
606456
606453
606444
606431
606430
606429
606428
606420
606418
606417
606416
606415
606414
606413
606412
