609466
609465
609463
609467
609468
609469
609471
609479
609475
609474
609473
609470
609502
609501
609500
609499
609498
609497
609496
609495
609494
609493
609492
609491
609489
609446
609445
609444
609443
609442
609441
609462
609461
609460
609459
609458
609457
609456
609454
609453
609452
609451
609450
609449
609448
609447
609440
609439
609437
609436
609435
609434
609433
609432
609431
609430
609429
609428
609427
609426
609425
609424
609423
609541
609566
609564
609562
609560
609593
609581
609565
609561
609559
609568
609349
609356
609586
609603
609602
609612
609607
609600
609597
609598
609596
609551
609577
609589
609567
609571
609610
609606
609605
609555
609549
609533
609337
609546
609351
609335
609413
609575
609558
609547
609545
609544
609543
609540
609539
609519
609516
609515
609511
609509
609508
609592
609588
609582
609422
609412
609484
609483
609482
609481
609480
609477
609472
609347
609594
609552
609535
609576
609327
609331
609369
609384
609391
609393
609416
609524
609526
609528
609532
609557
609613
609609
609595
609591
609584
609583
609580
609579
609578
609574
609354
609554
609548
609538
609537
609534
609360
609330
609357
609359
609506
609529
609368
609364
609365
609366
609367
609514
609411
609512
609507
609505
609504
609530
609418
609410
609404
609527
609525
609523
609521
609520
609518
609517
609510
609503
609490
609488
609487
609486
609408
609409
609406
609485
609476
609464
609455
609438
609345
609417
609421
609420
609419
609415
609414
609407
609405
609402
609401
609400
609399
609398
609397
609396
609395
609394
609392
609390
609389
609388
609387
609386
609385
609383
609382
609381
609380
609379
609378
609377
609376
609375
609374
609373
609372
609371
609370
609358
609361
609362
609341
609342
609363
609353
609348
609344
609346
609340
609339
609338
609334
609333
609332
609329
609328
609321
609326
609323
609324
609325
609322
609320
609319
