628712
628723
628749
628750
628665
628642
628647
628604
628605
628603
628716
628646
628816
628779
628761
628771
628656
628644
628826
628825
628824
628823
628822
628821
628820
628819
628818
628817
628815
628814
628813
628812
628811
628810
628809
628808
628807
628806
628805
628804
628803
628802
628801
628800
628799
628798
628795
628794
628793
628792
628791
628790
628789
628788
628787
628786
628785
628784
628782
628781
628780
628778
628777
628776
628775
628773
628772
628770
628769
628768
628767
628766
628765
628764
628763
628762
628757
628756
628753
628758
628759
628760
628755
628754
628752
628751
628748
628747
628744
628743
628742
628741
628740
628739
628738
628737
628736
628735
628734
628733
628732
628731
628730
628729
628728
628727
628726
628725
628724
628722
628721
628720
628719
628718
628717
628715
628714
628713
628711
628710
628709
628708
628707
628706
628705
628704
628703
628702
628701
628700
628699
628698
628697
628695
628694
628693
628692
628691
628690
628689
628688
628687
628686
628684
628685
628682
628683
628681
628680
628679
628678
628677
628676
628675
628673
628672
628671
628670
628669
628668
628667
628666
628664
628663
628662
628661
628660
628659
628658
628657
628655
628654
628653
628652
628651
628650
628649
628648
628645
628643
628640
628639
628638
628637
628636
628635
628634
628633
628632
628631
628630
628629
628627
628626
628625
628624
628623
628622
628618
628619
628620
628621
628617
628616
628615
628614
628613
628612
628611
628610
628609
628608
628607
628606
628602
628601
628600
628599
628598
628597
628596
628595
628594
