679807
679801
679810
679809
679813
679808
679797
679798
679803
679799
679806
679805
679812
679804
679800
679796
679802
679790
679795
679794
679793
679791
679792
679788
679789
679923
679921
679911
679883
679863
679927
679859
679852
679929
679850
679888
679885
679882
679866
679869
679922
679930
679915
679858
679855
679849
679862
679853
679851
679854
679825
679928
680017
680025
680031
680049
680068
680067
680063
680066
680065
680064
680062
680061
680060
680059
680058
680057
680056
680055
680054
680053
680052
680051
680050
680048
680047
680046
680045
680044
680043
680042
680041
680040
680039
680038
680037
680036
680035
680034
680033
680032
680029
680028
680027
680026
680024
680023
680022
680021
680020
680019
680018
680016
680015
680014
680013
680012
680011
680010
680009
680008
680007
680006
680005
680004
680003
680002
680001
680000
679999
679998
679997
679996
679995
679994
679993
679992
679991
679990
679989
679988
679986
679985
679984
679983
679982
679981
679980
679979
679978
679977
679976
679975
679974
679973
679972
679971
679970
679969
679968
679967
679966
679965
679962
679961
679960
679959
679958
679957
679956
679955
679954
679953
679952
679951
679950
679949
679948
679947
679946
679945
679944
679943
679942
679941
679940
679939
679938
679937
679936
679934
679933
679932
679931
679926
679925
679920
679919
679918
679917
679916
679914
679913
679912
679910
679909
679908
679907
679906
679905
679904
679903
679902
679901
679900
679899
679898
679897
679896
679895
679894
679893
679892
679891
679890
679889
679887
679886
679884
679880
679879
679878
679877
679876
679875
679874
679873
679872
679871
679870
679868
679867
679865
679864
679861
679860
679857
679856
679848
679847
679846
679845
679844
679843
679842
679841
679840
679839
679838
679837
679836
679835
679834
679832
679831
679830
679829
679828
679827
679826
679824
679823
679822
679821
679820
679819
679818
679817
679816
679815
679814
679811
679787
679786
679785
679784
679783
679782
