638447
638399
638347
638398
638345
638338
638409
638423
638425
638426
638463
638466
638467
638486
638491
638492
638509
638530
638539
638540
638573
638574
638400
638287
638354
638360
638386
638404
638494
638340
638348
638337
638582
638621
638620
638619
638618
638617
638616
638615
638614
638613
638612
638611
638610
638609
638608
638607
638606
638605
638604
638603
638602
638601
638600
638599
638598
638597
638596
638595
638594
638593
638592
638591
638590
638589
638588
638587
638586
638585
638584
638583
638581
638580
638579
638578
638577
638576
638575
638572
638571
638570
638569
638568
638567
638566
638565
638564
638563
638562
638561
638560
638559
638558
638557
638556
638555
638554
638553
638552
638550
638549
638548
638547
638546
638545
638544
638543
638542
638541
638538
638537
638536
638535
638534
638533
638532
638531
638529
638528
638527
638526
638525
638524
638523
638522
638521
638520
638519
638518
638517
638516
638515
638514
638513
638512
638511
638510
638508
638505
638504
638503
638502
638501
638500
638499
638498
638497
638496
638495
638493
638490
638489
638488
638487
638485
638484
638483
638482
638480
638479
638478
638477
638476
638475
638474
638473
638472
638471
638470
638469
638468
638465
638464
638462
638461
638460
638459
638458
638457
638456
638455
638454
638453
638452
638451
638450
638449
638448
638446
638445
638443
638442
638441
638440
638439
638438
638437
638436
638435
638434
638433
638432
638431
638430
638429
638428
638427
638424
638422
638421
638420
638419
638418
638417
638416
638415
638414
638413
638412
638411
638410
638408
638407
638406
638405
638403
638402
638401
638397
638396
638395
638394
638393
638392
638391
638390
638389
638388
638387
638385
638384
638383
638382
638381
638380
638379
638378
638377
638376
638375
638374
638373
638372
638371
638370
638369
638368
638366
638365
638364
638363
638362
638361
638359
638358
638357
638356
638355
638353
638352
638351
638350
638349
638346
638344
638343
638342
638341
638339
638336
638334
638333
638332
638331
638330
638329
638328
638327
638326
638325
638324
638323
638322
638321
638320
638319
638318
638317
638316
638315
638314
638313
638312
638311
638310
638309
638308
638307
638306
638305
638304
638303
638302
638301
638300
638299
638298
638297
638296
638295
638294
638293
638292
638291
638290
638289
638288
638286
638285
638284
638283
638282
638281
