609808
609807
609806
609805
609804
609803
609801
609800
609799
609798
609797
609796
609795
609794
609793
609792
609791
609790
609788
609787
609786
609785
609784
609783
609782
609781
609780
609779
609778
609776
609775
609774
609773
609772
609771
609688
609685
609681
609677
609623
609649
609666
609668
609813
609814
609817
609736
609820
609699
609749
609755
609731
609730
609729
609728
609727
609726
609724
609723
609722
609721
609720
609719
609718
609717
609716
609715
609714
609713
609843
609834
609833
609831
609823
609752
609828
609746
609818
609690
609756
609687
609683
609679
609675
609733
609669
609629
609622
609618
609617
609646
609647
609654
609692
609741
609696
609819
609809
609765
609764
609763
609761
609759
609754
609739
609634
609633
609641
609639
609637
609632
609762
609748
609660
609674
609689
609750
609665
609842
609841
609839
609838
609836
609832
609830
609829
609827
609826
609825
609824
609816
609812
609811
609810
609707
609711
609709
609710
609712
609708
609705
609704
609706
609703
609702
609701
609700
609802
609789
609777
609770
609769
609767
609766
609760
609753
609758
609757
609751
609744
609743
609742
609740
609738
609735
609732
609725
609698
609697
609695
609694
609693
609673
609670
609671
609664
609663
609662
609661
609659
609658
609657
609655
609656
609652
609651
609614
609615
609619
609653
609650
609645
609644
609643
609642
609640
609638
609636
609635
609631
609621
609620
609616
