601153
601197
601167
601110
601109
601233
601231
601140
601216
601235
601222
601230
601228
601227
601221
601215
601214
601166
601163
601198
601224
601170
601123
601122
601121
601119
601118
601243
601176
601115
601116
601143
601148
601168
601186
601188
601189
601268
601267
601266
601265
601264
601263
601262
601261
601260
601259
601258
601257
601256
601255
601128
601254
601253
601252
601251
601250
601249
601248
601247
601246
601245
601244
601242
601241
601240
601239
601238
601237
601236
601229
601226
601225
601223
601217
601213
601212
601211
601210
601209
601208
601207
601206
601205
601204
601203
601202
601201
601200
601199
601136
601195
601194
601193
601144
601181
601179
601177
601134
601192
601191
601190
601182
601184
601185
601183
601180
601178
601138
601175
601174
601173
601172
601171
601169
601164
601162
601161
601160
601159
601158
601157
601156
601155
601154
601152
601151
601150
601149
601147
601146
601145
601137
601142
601117
601133
601135
601139
601141
601132
601131
601130
601129
601127
601126
601124
601120
601114
601113
601111
601108
601107
601106
601105
