627441
627368
627374
627384
627393
627397
627407
627459
627438
627297
627283
627278
627296
627468
627467
627466
627465
627464
627463
627462
627461
627460
627457
627456
627455
627454
627453
627452
627451
627450
627449
627448
627447
627446
627445
627444
627443
627442
627440
627433
627436
627430
627439
627429
627428
627427
627437
627435
627434
627432
627431
627426
627425
627424
627423
627422
627420
627419
627418
627417
627416
627415
627414
627413
627409
627408
627406
627405
627404
627403
627402
627401
627400
627399
627398
627396
627395
627394
627392
627391
627390
627389
627387
627386
627385
627383
627381
627380
627379
627378
627367
627377
627376
627375
627373
627372
627371
627370
627369
627366
627365
627364
627363
627362
627361
627360
627359
627358
627357
627356
627355
627354
627353
627352
627351
627350
627349
627348
627347
627346
627345
627344
627343
627342
627341
627339
627338
627337
627336
627335
627334
627333
627332
627331
627330
627328
627329
627327
627326
627325
627324
627323
627322
627321
627320
627319
627318
627317
627316
627315
627314
627313
627312
627311
627310
627309
627302
627303
627305
627308
627307
627306
627304
627301
627300
627299
627298
627295
627294
627293
627292
627291
627290
627289
627288
627287
627286
627285
627284
627282
627281
627280
627279
627276
627273
627277
627275
627274
627272
627271
627270
627269
627268
627267
627266
627265
627264
627263
627262
627261
627260
627258
627259
627257
627256
627255
627253
627252
627251
627250
627249
627248
627247
627246
627245
627244
627243
627242
627241
627240
627239
627238
627237
627236
627235
627234
627233
627232
627231
627230
627229
627228
627227
627226
627225
627224
627223
627222
627221
627220
627219
627218
627217
627216
627215
627214
627213
627212
627211
627210
