658291
658292
658294
658295
658296
658187
658189
658207
658379
658380
658381
658283
658290
658298
658299
658300
658301
658302
658303
658304
658305
658262
658261
658255
658231
658226
658259
658234
658229
658219
658217
658215
658212
658211
658209
658206
658203
658202
658174
658169
658260
658156
658155
658154
658144
658232
658200
658153
658152
658142
658244
658243
658242
658150
658257
658204
658171
658148
658164
658322
658147
658258
658355
658327
658326
658325
658324
658323
658321
658320
658319
658318
658316
657925
657922
657906
658350
658349
658348
658337
658331
658347
658343
658342
658336
658335
658334
658332
658365
657954
657955
657956
657957
657958
657959
657960
657961
657962
657963
657964
657965
657966
657967
657968
657969
657970
657971
657972
657973
657974
657975
657976
657977
657978
657979
657980
657981
657982
657983
657984
657985
657986
657987
657988
657989
657990
657991
657992
657993
657995
657996
657997
657998
658000
658001
658002
658003
658005
658006
658007
658008
658009
658010
658011
658012
658013
658014
658015
658016
658017
658018
658019
658020
658021
658022
658023
658024
658025
658026
658027
658028
658256
658270
658288
658289
658287
658297
658286
658285
658282
658280
658279
658275
658269
658264
658263
658277
658265
658278
657905
657921
658378
658377
658376
658374
658373
658372
658371
658370
658369
658368
658367
658366
658364
658363
658362
658361
658360
658359
658358
658357
658356
658354
658353
658308
658314
658313
658312
658310
658309
658352
658351
658346
658345
658344
658341
658340
658339
658338
658333
658330
658329
658328
658317
658315
658311
658307
658306
658293
658284
658281
658276
658274
658273
658272
658268
658267
658266
658254
658253
658252
658251
658250
658249
658248
658247
658245
658241
658240
658239
658238
658237
658236
658235
658233
658230
658228
658227
658224
658223
658222
658221
658220
658218
658216
658214
658213
658210
658208
658205
658199
658198
658197
658196
658195
658194
658193
658192
658191
658190
658188
658186
658185
658184
658183
658182
658180
658179
658177
658176
658175
658173
658172
658170
658168
658167
658166
658165
658163
658162
658161
658160
658159
658158
658157
658151
658149
658146
658145
658143
657994
658140
658139
658138
658137
658136
658135
658134
658133
658132
658131
658130
658129
658128
658127
658126
658125
658124
658123
658122
658121
658120
658119
658118
658117
658116
658115
658114
658113
658112
658110
658109
658108
658107
658106
658105
658104
658103
658102
658101
658100
658099
658098
658097
658096
658095
658094
658093
658092
658091
658090
658089
658088
658087
658086
658085
658084
658083
658082
658081
658080
658078
658077
658076
658075
658074
658072
658070
658069
658068
658067
658066
658065
658064
658063
658062
658061
658060
658059
658058
658057
658056
658055
658054
658053
658052
658051
658050
658049
658048
658047
658046
658045
658044
658043
658042
658041
658040
658039
658038
658037
658036
658035
658034
658032
658031
658029
658004
657999
657953
657952
657951
657950
657949
657948
657947
657946
657945
657944
657943
657942
657941
657940
657939
657938
657937
657936
657935
657934
657933
657932
657931
657930
657929
657928
657927
657926
657924
657923
657920
657919
657917
657916
657915
657914
657913
657912
657911
657910
657908
657907
