601296
601429
601511
601508
601444
601489
601418
601510
601507
601506
601523
601486
601485
601471
601458
601454
601445
601503
601502
601501
601481
601412
601496
601476
601432
601430
601428
601426
601410
601522
601425
601395
601417
601420
601450
601455
601456
601457
601460
601461
601462
601467
601468
601469
601472
601473
601474
601478
601483
601484
601440
601524
601518
601514
601521
601520
601519
601516
601515
601513
601512
601509
601505
601504
601500
601498
601497
601495
601494
601493
601492
601465
601415
601422
601441
601490
601491
601488
601487
601482
601479
601477
601475
601470
601466
601464
601463
601459
601453
601452
601451
601449
601448
601447
601446
601443
601442
601439
601438
601437
601436
601435
601433
601431
601424
601423
601421
601419
601409
601413
601408
601406
601416
601407
601414
601411
601405
601404
601403
601402
601401
601400
601399
601398
601397
601396
601313
601312
601311
601310
601309
601308
601307
601306
601305
601304
601303
601302
601301
601300
601299
601298
601297
601270
