682829
682821
682817
682828
682825
682819
682816
682809
682805
682826
682824
682820
682815
682807
682804
682851
682850
682803
682856
682855
682846
682844
682843
682842
682847
682862
682861
682835
682840
682841
682845
682860
682859
682858
682857
682854
682853
682849
682839
682838
682837
682836
682834
682833
682832
682831
682830
682827
682823
682822
682814
682813
682812
682811
682810
682808
682806
682802
682801
682800
682799
682798
682643
682652
682654
682660
682797
682796
682795
682794
682793
682792
682791
682790
682788
682787
682786
682785
682784
682783
682782
682781
682779
682778
682777
682775
682774
682773
682772
682771
682770
682769
682768
682767
682765
682764
682763
682762
682761
682760
682759
682758
682757
682755
682754
682753
682752
682751
682749
682748
682747
682746
682745
682744
682743
682742
682741
682740
682739
682738
682737
682736
682735
682734
682733
682732
682731
682730
682729
682728
682727
682726
682725
682724
682723
682722
682721
682720
682719
682718
682717
682716
682715
682714
682713
682712
682711
682709
682708
682707
682706
682705
682704
682703
682702
682701
682700
682699
682698
682697
682696
682695
682694
682693
682692
682691
682690
682689
682678
682679
682680
682681
682683
682684
682687
682688
682686
682685
682682
682676
682675
682674
682673
682672
682671
682670
682669
682668
682667
682666
682664
682663
682662
682661
682659
682658
682657
682656
682655
682653
682651
682650
682649
682648
682647
682645
682644
682642
682641
682640
682639
