615717
615573
615584
615583
615582
615581
615580
615579
615578
615577
615576
615575
615571
615574
615572
615565
615564
615563
615562
615561
615560
615566
615567
615568
615570
615569
615670
615671
615669
615664
615665
615668
615658
615653
615654
615667
615666
615663
615661
615660
615662
615659
615655
615657
615656
615615
615614
615723
615722
615602
615633
615710
615709
615701
615692
615687
615686
615685
615683
615679
615678
615677
615623
615622
615621
615522
615720
615719
615713
615707
615702
615530
615525
615523
615618
615616
615527
615541
615537
615688
615545
615544
615536
615535
615538
615540
615534
615532
615608
615620
615600
615636
615642
615641
615640
615609
615634
615635
615715
615718
615716
615714
615637
615619
615617
615698
615699
615703
615706
615731
615613
615682
615690
615730
615729
615728
615727
615726
615725
615724
615721
615711
615708
615705
615704
615700
615697
615696
615695
615691
615684
615674
615672
615676
615675
615652
615651
615650
615649
615648
615647
615646
615645
615644
615643
615639
615638
615632
615630
615628
615627
615626
615625
615624
615612
615611
615610
615607
615606
615605
615533
615529
615528
615604
615603
615521
615539
615595
615594
615597
615598
615601
615599
615596
615592
615591
615590
615589
615588
615585
615559
615558
615557
615556
615555
615554
615553
615552
615550
615551
615548
615547
615546
615543
615531
615526
