667938
667937
667936
667934
667935
667745
667746
667755
667773
667774
667790
667846
667911
667918
667960
667961
667962
667788
667958
667957
667956
667955
667953
667952
667951
667785
667787
667931
667929
667930
667964
667963
667959
667954
667950
667949
667948
667947
667946
667945
667944
667943
667942
667941
667940
667939
667933
667932
667928
667927
667926
667925
667924
667921
667922
667923
667920
667917
667916
667914
667910
667909
667908
667907
667906
667905
667904
667903
667902
667900
667899
667898
667897
667896
667895
667894
667893
667892
667891
667890
667889
667888
667887
667886
667885
667884
667883
667882
667881
667880
667879
667878
667877
667876
667875
667874
667873
667872
667871
667870
667868
667867
667866
667865
667863
667862
667861
667860
667859
667858
667857
667856
667855
667854
667853
667851
667850
667849
667848
667847
667845
667844
667843
667842
667841
667838
667837
667836
667834
667833
667832
667831
667830
667829
667828
667827
667826
667825
667824
667822
667819
667817
667816
667815
667814
667813
667812
667811
667810
667809
667808
667807
667806
667805
667804
667803
667802
667801
667800
667799
667798
667797
667796
667795
667794
667793
667792
667791
667789
667786
667782
667781
667780
667779
667778
667777
667776
667775
667772
667771
667769
667766
667765
667764
667762
667761
667760
667759
667758
667757
667756
667754
667753
667752
667751
667749
667748
667747
667744
667743
667742
667741
667740
667736
