610028
610058
610059
610064
610063
610062
610061
610060
610065
610067
610066
610057
610056
610055
610054
610053
610052
610051
610050
610049
610048
610047
610046
610045
610044
610043
610042
610041
610040
610039
610038
610037
610036
610034
610033
610032
610031
610030
610092
609916
609919
609939
610018
610022
610020
610027
610026
610025
610024
610023
610021
610017
609890
609952
610120
610124
610122
610090
610088
609850
610019
610015
610115
610119
610117
610116
610004
609955
609950
609945
609944
609926
609937
609935
609934
609932
609925
609923
609918
609915
609894
609892
609889
609888
609887
610081
609986
610069
610076
609886
609885
609884
609882
609880
609853
609852
610072
610070
610007
610010
610003
610086
610118
610114
610113
610112
610111
610110
610109
610108
610107
610106
610105
610104
610103
610102
610101
610100
610099
610098
610097
610096
610095
610094
610093
610087
610085
610084
610083
610082
610080
610079
610077
610075
610074
610073
610071
610068
610029
610011
610009
610012
610014
610013
610008
610006
609921
610002
610001
610000
609999
609998
609997
609996
609995
609994
609993
609992
609991
609990
609989
609988
609987
609985
609984
609983
609982
609981
609980
609979
609978
609977
609976
609975
609974
609973
609972
609971
609970
609969
609968
609967
609966
609965
609964
609963
609962
609961
609960
609959
609958
609957
609956
609954
609953
609951
609949
609948
609878
609877
609876
609875
609874
609947
609946
609931
609943
609941
609940
609912
609911
609910
609920
609933
609906
609917
609909
609905
609922
609929
609928
609924
609907
609908
609927
609913
609902
609901
609900
609899
609897
609896
609895
609893
609881
609879
609883
609873
609872
609871
609869
609868
609867
609866
609865
609864
609863
609862
609861
609860
609859
609858
609857
609856
609855
609849
609848
609847
609846
609845
