664555
664841
664840
664838
664807
664837
664809
664805
664739
664711
664707
664839
664803
664775
664564
664559
664718
664705
664806
664802
664710
664558
664557
664456
664457
664738
664717
664706
664709
664701
664704
664518
664512
664513
664515
664502
664516
664517
664511
664510
664509
664508
664506
664507
664505
664504
664501
664847
664483
664481
664820
664819
664814
664818
664703
664793
664789
664788
664702
664700
664699
664816
664823
664815
664479
664610
664609
664608
664475
664474
664473
664471
664813
664822
664817
664821
664575
664632
664635
664644
664690
664754
664766
664771
664772
664776
664851
664855
664867
664866
664865
664864
664863
664862
664860
664859
664858
664857
664856
664854
664853
664852
664850
664849
664848
664843
664836
664835
664834
664833
664832
664831
664830
664829
664828
664827
664826
664825
664824
664812
664811
664810
664808
664804
664798
664796
664797
664795
664794
664801
664800
664799
664792
664791
664790
664787
664785
664784
664783
664782
664781
664780
664779
664778
664777
664774
664773
664770
664769
664768
664767
664765
664764
664763
664762
664761
664760
664759
664758
664757
664755
664753
664752
664751
664750
664749
664748
664747
664746
664745
664744
664743
664742
664741
664740
664737
664736
664735
664734
664733
664732
664731
664730
664729
664728
664727
664726
664725
664724
664723
664722
664721
664720
664719
664716
664715
664714
664713
664712
664698
664697
664696
664695
664694
664693
664692
664691
664689
664688
664687
664686
664685
664683
664682
664681
664680
664679
664678
664677
664676
664675
664674
664673
664672
664671
664670
664669
664668
664667
664666
664665
664664
664663
664662
664661
664660
664659
664658
664657
664656
664655
664654
664653
664652
664651
664650
664649
664648
664647
664645
664643
664642
664641
664639
664638
664637
664636
664633
664631
664630
664629
664627
664626
664624
664620
664623
664628
664625
664622
664621
664619
664618
664617
664616
664615
664612
664611
664607
664606
664605
664604
664602
664601
664600
664599
664598
664597
664596
664595
664594
664593
664592
664591
664590
664589
664588
664587
664586
664585
664584
664583
664582
664581
664580
664579
664578
664577
664576
664574
664573
664572
664571
664569
664568
664566
664565
664563
664562
664561
664560
664554
664553
664552
664551
664550
664549
664548
664547
664546
664545
664544
664543
664542
664541
664540
664539
664538
664537
664536
664535
664534
664533
664532
664531
664530
664529
664528
664527
664526
664525
664524
664523
664522
664521
664520
664519
664514
664503
664500
664499
664498
664497
664496
664495
664494
664493
664492
664491
664490
664489
664488
664487
664486
664485
664484
664480
664478
664477
664476
664472
664470
664469
664468
664467
664466
664465
664464
664463
664462
664461
664460
664459
664458
664455
