628561
628562
628563
628567
628566
628565
628564
628571
628458
628441
628518
628527
628528
628568
628569
628437
628554
628555
628553
628547
628556
628548
628560
628559
628558
628557
628499
628552
628551
628550
628549
628546
628545
628544
628543
628467
628431
628570
628430
628574
628573
628572
628480
628479
628429
628593
628592
628591
628590
628589
628588
628584
628582
628580
628583
628581
628585
628587
628586
628579
628578
628577
628576
628575
628542
628541
628540
628539
628538
628537
628536
628420
628421
628535
628534
628533
628532
628531
628530
628529
628526
628525
628524
628523
628522
628521
628520
628519
628517
628516
628515
628514
628513
628512
628511
628510
628508
628507
628506
628505
628503
628502
628501
628500
628498
628497
628496
628472
628495
628494
628493
628492
628491
628490
628489
628488
628487
628486
628485
628484
628483
628482
628481
628478
628477
628476
628474
628471
628470
628469
628468
628466
628465
628464
628463
628462
628461
628460
628459
628457
628456
628455
628454
628453
628452
628451
628450
628449
628448
628447
628446
628445
628443
628442
628440
628439
628438
628436
628435
628434
628433
628432
628428
628427
628426
628425
628424
628422
628419
628418
628417
628416
628415
628414
628413
628412
628341
628342
628343
628344
628345
628346
628347
628348
628349
628350
628351
628352
628353
628354
628355
628356
628357
628358
628359
628360
628361
628362
628363
628364
628365
628366
628367
628368
628369
628370
628371
628372
628373
628374
628376
628379
628380
628381
628382
628383
628384
628385
628386
628387
628388
628389
628391
628392
628393
628394
628395
628396
628397
628398
628399
628401
628402
628403
628404
628405
628406
628407
628408
628409
628410
628411
628400
628390
628377
628375
628340
628339
628338
628337
628336
