671197
671196
671191
671190
671189
671185
671201
671184
671181
671179
671177
671173
671178
671182
671187
671192
671175
671165
671188
671202
671194
671198
671180
671158
671098
671208
670941
670949
670950
670963
670962
670961
671018
671104
671141
671142
671150
671151
671154
671183
670978
670977
670975
670967
670966
670965
670964
670972
670971
670970
671231
671230
671227
671226
671225
671224
671222
671221
671220
671218
671217
671216
671215
671214
671213
671212
671211
671210
671209
671207
671206
671205
671204
671203
671200
671199
671195
671193
671186
671176
671174
671164
671162
671156
671155
671153
671152
671149
671148
671146
671145
671144
671143
671140
671139
671138
671137
671136
671135
671134
671133
671132
671131
671130
671129
671128
671127
671126
671125
671123
671122
671119
671118
671117
671116
671115
671114
671113
671112
671110
671108
671107
671106
671105
671103
671102
671101
671100
671099
671097
671096
671001
671015
671053
671071
671085
671093
671095
671094
671092
671091
671090
671089
671088
671087
671086
671084
671083
671082
671081
671080
671079
671078
671077
671076
671075
671074
671073
671072
671069
671068
671067
671065
671064
671063
671062
671061
671060
671059
671058
671057
671056
671055
671054
671052
671051
671050
671049
671048
671047
671046
671045
671044
671043
671042
671041
671040
671039
671038
671037
671036
671035
671034
671033
671032
671031
671030
671029
671028
671027
671026
671025
671024
671023
671022
671021
671020
671019
671017
671016
671014
671013
671012
671011
671010
671009
671008
671007
671005
671004
671003
671002
671000
670999
670998
670997
670996
670995
670994
670993
670992
670991
670990
670989
670988
670987
670986
670985
670984
670983
670982
670981
670980
670979
670976
670974
670973
670969
670968
670959
670958
670957
670956
670955
670954
670953
670952
670951
670948
670947
670946
670945
670944
670943
670942
670940
670939
670938
670937
670936
670920
670935
670934
670933
670932
670931
670930
670929
670928
670927
670921
670907
670919
670918
670917
670916
670914
670912
670910
670909
670908
670906
670905
670904
