602017
601980
601955
601929
601920
601919
601918
601916
601951
601846
602079
602082
602081
601800
601790
602032
601921
602083
602084
602086
601782
602069
602068
601713
601933
601912
601863
601714
601841
601814
601847
601926
601949
601915
601888
601875
601874
601856
601830
601839
601780
601828
601882
601880
601887
601885
601879
601878
601876
601877
601883
602095
602094
601987
601864
601862
601860
601858
601857
601731
601845
601842
601834
601833
601827
601914
601826
601823
601821
601820
601819
601818
601817
601816
601813
601815
601716
601924
601844
601719
601892
601891
601889
601899
601984
601973
601896
601895
601894
601897
601898
601832
601835
601872
601948
601840
601909
601772
601773
601774
601775
601776
601777
601778
601779
601781
601783
601784
601786
601788
601791
601792
601793
601794
601795
601796
601797
601798
601799
601801
601807
601809
601810
601811
601812
602093
602096
602089
602088
602078
602077
602076
602073
602075
602074
602072
602071
602070
602066
602065
602063
602062
601725
601727
601902
602057
602061
602055
601908
601901
601991
601992
601981
601971
601965
601946
601917
601910
601905
601903
601900
601911
601906
601904
601893
601890
601804
601871
601734
601802
601803
601806
601870
601873
601869
601868
601867
601866
601865
601861
601854
601771
601769
601768
601766
601853
601765
601764
601762
601761
601760
601759
601758
601757
601756
601755
601754
601753
601752
601751
601750
601749
601748
601747
601746
601745
601744
601743
601742
601740
601852
601851
601850
601849
601848
601843
601837
601836
601829
601824
601822
601808
601789
601787
601785
601770
601767
601763
601741
601739
601738
601737
601736
601735
601733
601730
601728
601726
601724
601723
601722
601721
601720
601718
601717
601712
