617236
617205
617203
617201
617200
617199
617204
617202
617198
617081
617079
617077
617075
617228
617227
617223
617220
617218
617209
617208
617186
617181
617171
617167
617169
617168
617219
617213
617212
617211
617197
617210
617216
617196
617195
617184
617188
617187
617185
617183
617084
617101
617177
617189
617182
617160
617179
617159
617144
617142
617134
617131
617120
617104
617097
617098
617292
617090
617088
617087
617243
617117
617114
617115
617116
617113
617112
617233
617232
617093
617094
617291
617290
617289
617288
617287
617286
617285
617281
617274
617266
617265
617275
617284
617269
617282
617273
617267
617268
617270
617271
617272
617276
617277
617278
617279
617280
617283
617264
617176
617170
617221
617263
617262
617261
617260
617259
617258
617257
617256
617255
617254
617253
617252
617251
617249
617248
617247
617234
617235
617239
617241
617246
617244
617240
617238
617245
617237
617214
617231
617230
617229
617226
617207
617225
617224
617222
617215
617206
617194
617193
617192
617191
617190
617178
617175
617174
617173
617172
617166
617147
617165
617162
617161
617158
617157
617156
617155
617154
617153
617152
617151
617150
617149
617148
617146
617145
617143
617141
617136
617083
617139
617132
617140
617135
617124
617123
617122
617121
617119
617118
617111
617110
617108
617107
617106
617105
617103
617086
617100
617099
617096
617095
617092
617082
