687286
687288
687289
687290
687292
687219
687427
687421
687274
687210
687417
687303
687270
687180
687181
687262
687424
687413
687426
687418
687510
687362
687425
687420
687273
687261
687416
687259
687263
687499
687500
687501
687468
687469
687470
687235
687246
687247
687287
687291
687298
687323
687350
687401
687410
687446
687452
687480
687507
687534
687494
687493
687492
687491
687490
687489
687538
687539
687540
687541
687542
687543
687544
687545
687546
687547
687548
687549
687550
687551
687552
687553
687554
687555
687556
687557
687537
687536
687535
687533
687532
687531
687488
687487
687530
687529
687528
687527
687524
687523
687522
687520
687519
687518
687517
687516
687515
687514
687513
687512
687509
687508
687506
687505
687504
687503
687502
687498
687497
687496
687495
687454
687485
687484
687483
687482
687481
687479
687478
687477
687476
687455
687474
687473
687472
687471
687467
687466
687465
687464
687282
687278
687293
687463
687462
687461
687459
687458
687457
687456
687453
687451
687450
687449
687448
687444
687443
687442
687441
687440
687439
687438
687437
687436
687435
687434
687432
687430
687429
687428
687423
687422
687419
687294
687281
687415
687414
687411
687408
687407
687406
687405
687404
687403
687402
687400
687399
687398
687397
687276
687279
687396
687395
687394
687393
687392
687391
687390
687388
687387
687386
687385
687384
687383
687382
687381
687380
687379
687378
687377
687376
687375
687374
687373
687372
687371
687370
687369
687368
687367
687365
687364
687363
687361
687359
687358
687357
687356
687355
687354
687353
687277
687280
687352
687351
687347
687346
687344
687349
687348
687345
687343
687342
687341
687340
687339
687338
687337
687336
687335
687334
687333
687332
687331
687330
687329
687328
687327
687326
687325
687324
687322
687321
687320
687319
687318
687317
687316
687315
687314
687313
687312
687311
687310
687309
687308
687307
687306
687305
687304
687302
687301
687300
687299
687297
687295
687285
687284
687283
687275
687271
687267
687266
687265
687264
687260
687258
687257
687254
687256
687255
687253
687252
687251
687250
687249
687248
687244
687243
687242
687241
687240
687239
687238
687237
687236
687234
687233
687232
687231
687230
687229
687228
687227
687226
687225
687224
687223
687222
687221
687220
687218
687216
687215
687214
687213
687212
687211
687209
687208
687206
687204
687203
687202
687201
687200
687199
687198
687197
687196
687195
687194
687193
687192
687191
687190
687189
687188
687187
687186
687185
687184
687183
687182
687179
687178
687177
687176
