626570
626521
626638
626639
626571
626599
626609
626613
626633
626635
626534
626658
626607
626559
626558
626557
626556
626596
626678
626677
626676
626675
626673
626672
626671
626670
626668
626666
626665
626664
626663
626662
626661
626660
626659
626657
626656
626655
626626
626654
626653
626652
626651
626650
626649
626648
626647
626646
626645
626644
626643
626642
626640
626641
626634
626632
626631
626630
626629
626628
626624
626623
626621
626620
626619
626618
626617
626616
626615
626614
626612
626611
626610
626603
626600
626582
626604
626598
626608
626606
626605
626602
626601
626595
626594
626593
626592
626591
626590
626589
626588
626526
626583
626586
626585
626584
626587
626581
626580
626579
626576
626572
626569
626568
626566
626564
626567
626565
626563
626562
626561
626560
626555
626554
626552
626551
626550
626548
626547
626546
626545
626543
626542
626541
626540
626539
626538
626537
626536
626535
626533
626532
626531
626530
626529
626528
626527
626525
626524
626523
626522
626520
626519
626518
626517
626516
626515
626514
626513
626511
626509
626510
626508
626507
626506
626505
626503
626502
626501
626499
626498
626497
626496
626495
626494
626493
626492
626491
626490
626489
626488
626487
