623114
623061
623060
623059
623058
623057
623056
622910
622909
622907
622946
623099
623098
623096
622994
622945
623009
623008
623007
623006
623004
623003
623002
623001
623000
622998
622999
622996
622995
622993
622982
622981
622992
622990
622991
622989
622987
622986
622988
622985
622983
622980
623012
623030
623032
623028
623021
623025
623029
623027
623031
623022
623019
623023
623020
623010
623091
623092
623093
623094
623152
623151
623150
623149
623101
623087
623082
623084
623083
623078
623077
623076
623075
623069
623066
623065
623039
623038
623026
623024
623005
622997
622925
623067
622957
622960
622979
623102
623153
623079
623015
623014
623011
623095
623097
623088
623054
623046
622969
623081
623080
622984
623100
623049
623089
623013
623090
623144
623146
623113
623139
623108
622952
622949
623047
622958
623104
622950
623055
622951
622953
622948
622940
622930
622926
623050
622955
622954
622898
622899
622923
622894
622895
622888
622934
622932
622927
622928
622931
622906
622904
622901
622900
622903
622897
622896
622921
622929
622941
622924
622939
623106
623103
623141
622963
623154
623148
623147
623145
623142
623143
623140
623136
623135
623134
623131
623132
623130
623129
623127
623110
623111
623112
623123
623124
623122
623121
623120
623119
623118
623117
623116
623115
622976
622974
623107
623086
623085
623074
623072
623071
623070
623068
623064
623063
623062
623052
623051
623048
623017
623016
622956
623045
623044
623043
623041
623040
623036
623035
623034
623033
622978
622977
622975
622973
622972
622971
622970
622968
622967
622966
622965
622964
622962
622961
622959
622944
622943
622942
622936
622913
622919
622914
622920
622922
622935
622933
622915
622918
622902
622911
622908
622905
622893
622892
622891
622890
622886
622885
622884
