599999
599957
599874
599939
599990
600017
600011
600005
600004
599993
599988
599973
599969
599967
599961
599936
599933
599930
599918
599908
599886
599885
599884
599883
599880
599879
599849
599847
599901
599876
599875
599992
599989
599987
599954
600025
599962
599965
599907
599855
599870
599871
599955
599970
600007
599862
599854
599825
599984
600012
600008
600022
599912
600024
600020
600021
600023
600019
600018
600016
600015
600014
600013
600010
600000
600006
600003
600002
600001
599998
599997
599996
599995
599991
599994
599986
599896
599866
599950
599944
599985
599983
599982
599981
599980
599978
599977
599976
599975
599974
599956
599959
599960
599963
599964
599966
599972
599971
599968
599958
599953
599952
599951
599949
599948
599947
599946
599945
599943
599942
599941
599940
599938
599937
599934
599935
599932
599931
599929
599928
599927
599926
599925
599924
599923
599922
599921
599920
599919
599917
599916
599915
599914
599913
599911
599910
599909
599906
599905
599904
599903
599873
599897
599899
599898
599895
599894
599893
599892
599891
599890
599889
599888
599887
599864
599827
599878
599877
599872
599882
599881
599869
599868
599831
599846
599863
599865
599867
599861
599860
599858
599850
599851
599852
599853
599848
599845
599844
599843
599842
599841
599840
599839
599838
599837
599836
599834
599832
599830
599829
599826
599824
