665014
665013
665012
665010
664899
664900
664901
664903
664908
664993
665028
665049
665082
665081
665080
665079
665078
665077
665076
665075
665074
665073
665072
665071
665070
665069
665068
665067
665066
665065
665064
665063
665062
665061
665060
665059
665058
665057
665056
665055
665054
665053
665052
665051
665048
665047
665046
665045
665044
665043
665042
665041
665040
665039
665038
665037
665036
665035
665034
665032
665031
665030
665029
665027
665025
665022
665020
665019
665018
665017
665016
665015
665011
665009
665008
665007
665006
665005
665004
665003
665002
665001
665000
664999
664998
664997
664996
664995
664994
664992
664990
664989
664988
664986
664985
664984
664983
664982
664981
664980
664979
664978
664977
664976
664964
664965
664967
664975
664974
664973
664972
664971
664970
664969
664968
664966
664963
664962
664961
664960
664959
664957
664955
664954
664953
664952
664951
664950
664949
664948
664947
664946
664945
664944
664943
664942
664941
664940
664939
664938
664937
664936
664935
664934
664933
664932
664931
664930
664929
664928
664927
664926
664925
664924
664923
664922
664921
664920
664919
664918
664917
664916
664915
664914
664913
664912
664911
664910
664909
664907
664906
664905
664904
664902
664898
664897
664896
664895
664894
664893
664892
664891
664890
664889
664888
664887
664886
664885
664884
664883
664882
664881
664880
664879
664878
664877
664876
664875
664874
664873
664872
664871
664870
664869
664868
