618058
617949
617820
617958
617954
617964
617963
617961
617960
617959
617957
617950
617966
617941
617988
617880
617881
617786
618048
618047
618004
618003
617989
617984
617980
617970
617939
617937
617936
617908
617895
617889
617888
618056
618055
618011
617938
617913
618046
618045
618044
617793
617795
617797
617801
617879
617785
618032
618029
618041
617978
617818
617884
618027
618026
617962
618018
618017
618016
618039
617990
617967
617922
617902
618036
617900
617991
617897
618035
617896
617981
618034
618033
617924
617917
617919
617999
618001
618015
618040
617979
617973
617965
617946
617886
617885
617876
617869
617864
617862
617858
617849
617857
617852
618062
617974
617873
618037
617813
618042
618038
618053
617968
617975
618063
618061
618060
618059
618057
618051
618050
618049
618043
618031
618030
617992
618028
618025
618024
618023
618022
618021
618020
618019
618012
618010
618008
618007
618002
617945
617976
617977
618000
617998
617997
617926
617995
617994
617993
617987
617898
617874
617878
617877
617863
617875
617872
617871
617870
617955
617901
617899
617985
617952
617953
617969
617972
617982
617971
617956
617951
617948
617947
617944
617943
617942
617940
617935
617934
617933
617932
617931
617930
617929
617928
617927
617925
617923
617921
617920
617918
617916
617915
617914
617912
617910
617909
617911
617907
617906
617905
617883
617904
617882
617903
617894
617890
617893
617892
617891
617868
617867
617866
617865
617861
617860
617859
617856
617854
617855
617853
617814
617850
617848
617847
617809
617789
617846
617845
617844
617843
617842
617841
617840
617839
617838
617837
617836
617834
617832
617831
617830
617827
617826
617825
617824
617823
617822
617819
617816
617817
617815
617812
617811
617810
617808
617807
617805
617804
617803
617800
617792
617791
617790
617787
617788
