629248
629199
629198
629151
629160
629184
629255
629289
629295
629313
629200
629197
629130
629131
629137
629129
629154
629152
629364
629363
629362
629361
629360
629359
629358
629357
629356
629355
629354
629353
629352
629351
629350
629349
629348
629347
629346
629345
629344
629343
629327
629328
629329
629332
629333
629334
629335
629336
629337
629338
629339
629340
629342
629318
629319
629320
629321
629322
629323
629324
629330
629331
629326
629325
629317
629316
629315
629314
629312
629311
629310
629309
629308
629307
629306
629305
629304
629303
629302
629301
629300
629299
629298
629297
629296
629294
629290
629288
629287
629286
629285
629284
629283
629281
629280
629279
629278
629277
629276
629275
629274
629273
629272
629271
629270
629269
629268
629267
629266
629265
629264
629263
629262
629261
629259
629258
629257
629256
629254
629253
629252
629251
629249
629246
629245
629244
629243
629242
629240
629239
629238
629237
629236
629235
629234
629233
629232
629231
629230
629229
629228
629227
629226
629225
629224
629223
629222
629221
629220
629219
629218
629217
629216
629215
629214
629213
629212
629211
629210
629209
629208
629207
629206
629204
629203
629202
629201
629196
629195
629194
629193
629192
629191
629190
629189
629186
629183
629182
629180
629179
629178
629177
629176
629175
629174
629172
629171
629170
629169
629168
629167
629166
629165
629164
629163
629162
629161
629159
629157
629156
629155
629153
629150
629149
629148
629147
629146
629145
629144
629143
629142
629141
629140
629139
629128
629127
629138
629136
629135
629134
629133
629132
629126
629125
629123
629122
629121
629120
629119
629118
629117
629116
629115
