622542
622389
622145
622144
622152
622147
622149
622150
622148
622146
622151
622180
622301
622284
622273
622281
622246
622270
622263
622259
622257
622254
622414
622489
622490
622491
622413
622269
622264
622247
622248
622255
622256
622241
622240
622233
622227
622218
622250
622251
622253
622249
622245
622244
622243
622242
622239
622237
622234
622232
622230
622229
622228
622278
622277
622271
622268
622258
622261
622260
622262
622224
622540
622537
622139
622168
622167
622176
622175
622174
622170
622171
622172
622173
622169
622165
622164
622163
622162
622161
622160
622155
622159
622158
622156
622157
622154
622166
622153
622355
622339
622274
622272
622275
622276
622265
622266
622267
622238
622236
622235
622226
622231
622225
622221
622280
622279
622223
622222
622220
622219
622217
622216
622215
622214
622213
622212
622282
622283
622518
622508
622405
622468
622465
622463
622461
622458
622457
622456
622448
622439
622438
622427
622426
622410
622406
622401
622397
622440
622348
622349
622358
622359
622372
622376
622385
622395
622354
622353
622393
622184
622186
622178
622190
622181
622182
622193
622192
622194
622449
622412
622437
622442
622441
622421
622422
622424
622425
622428
622430
622407
622338
622429
622423
622417
622418
622419
622403
622362
622337
622300
622297
622294
622288
622341
622398
622343
622342
622433
622434
622293
622287
622142
622211
622210
622208
622207
622206
622200
622201
622202
622203
622204
622199
622205
622209
622328
622325
622326
622327
622289
622345
622346
622324
622323
622292
622411
622295
622543
622483
622535
622539
622544
622536
622534
622533
622532
622531
622530
622529
622528
622527
622526
622525
622524
622523
622522
622521
622520
622519
622517
622516
622515
622514
622513
622512
622511
622510
622509
622507
622506
622505
622504
622503
622502
622501
622500
622499
622498
622497
622496
622495
622494
622493
622488
622487
622486
622485
622484
622482
622481
622480
622479
622478
622477
622476
622475
622474
622473
622472
622471
622470
622469
622467
622466
622464
622462
622460
622459
622455
622454
622453
622452
622451
622450
622447
622445
622444
622443
622399
622436
622435
622432
622431
622420
622416
622415
622409
622381
622396
622394
622392
622382
622379
622404
622391
622390
622388
622386
622384
622383
622380
622378
622377
622375
622373
622371
622370
622368
622367
622366
622365
622364
622363
622361
622360
622357
622356
622352
622351
622350
622347
622344
622340
622330
622331
622320
622336
622335
622334
622333
622332
622329
622322
622321
622319
622318
622317
622316
622315
622314
622313
622312
622311
622310
622309
622308
622307
622306
622305
622304
622303
622302
622298
622296
622285
622191
622183
622189
622188
622185
622290
622187
622195
622198
622286
622252
622197
622177
622143
622141
622140
622138
