636110
636114
636105
636102
636108
636109
636113
636103
636107
636099
636101
636098
636112
636100
636104
636106
636097
635985
636046
636013
636011
636009
636062
636005
636026
636089
635861
635865
635957
636020
636014
635844
635837
636010
636008
636012
635839
635843
635880
635881
635882
635883
635884
635885
635887
635888
635889
635890
635891
635892
635893
635894
635895
635896
635898
635899
635900
635901
635902
635903
635904
635905
635906
635907
635908
635909
635910
635911
635912
635913
635914
635915
635916
635917
635918
635919
635920
635921
635922
635923
635924
635925
635926
635927
635928
635929
635930
635933
635934
635935
635936
635937
635938
635939
635940
635941
635942
635943
635945
635946
635947
635948
635949
635950
635951
635952
635953
635954
635955
635961
635779
635778
636111
636096
636095
636094
636093
636092
636091
636090
636088
636087
636086
636085
636084
636082
636081
636080
636079
636078
636077
636076
636075
636074
636073
636069
636068
636072
636071
636070
636066
636065
636064
636063
636061
636059
636058
636057
636056
636055
636054
636053
636052
636051
636050
636049
636048
636047
636045
636044
636043
636042
636041
636039
636038
636037
636036
636035
636034
636033
636031
636030
636029
636028
636027
636025
636024
636023
636022
636021
636019
636018
636017
636016
636015
636007
636006
636004
636003
636002
636001
636000
635999
635998
635997
635996
635995
635993
635992
635991
635989
635988
635987
635986
635984
635983
635982
635981
635980
635978
635977
635976
635975
635974
635973
635972
635971
635970
635969
635968
635967
635966
635965
635964
635963
635962
635960
635959
635958
635956
635932
635931
635897
635886
635879
635878
635877
635876
635875
635874
635873
635872
635871
635870
635869
635868
635867
635866
635863
635862
635860
635859
635858
635857
635856
635855
635854
635853
635852
635851
635850
635849
635848
635847
635846
635845
635842
635841
635840
635838
635836
635835
635834
635833
635832
635831
635830
635829
635828
635827
635826
635825
635824
635823
635822
635821
635820
635819
635818
635817
635816
635815
635814
635812
635811
635810
635809
635808
635807
635806
635804
635802
635801
635800
635799
635798
635797
635796
635775
635795
635794
635793
635792
635791
635790
635789
635788
635787
635786
635785
635784
635783
635782
635781
635780
635777
635776
635774
635773
635772
635771
