636245
636224
636225
636272
636192
636283
636278
636179
636275
636274
636242
636200
636205
636409
636335
636117
636307
636203
636204
636209
636211
636164
636187
636273
636232
636233
636234
636235
636236
636238
636250
636251
636259
636261
636436
636435
636434
636433
636432
636431
636430
636429
636428
636427
636426
636425
636424
636423
636422
636421
636420
636419
636418
636417
636416
636415
636414
636413
636412
636411
636410
636408
636407
636406
636405
636404
636403
636402
636401
636398
636400
636399
636397
636396
636395
636394
636393
636392
636391
636390
636389
636388
636387
636386
636385
636384
636383
636382
636381
636380
636379
636378
636377
636376
636375
636374
636373
636372
636371
636370
636369
636367
636366
636365
636363
636362
636361
636359
636358
636357
636356
636360
636355
636353
636352
636351
636350
636349
636347
636346
636345
636354
636348
636344
636343
636342
636341
636340
636339
636338
636337
636334
636332
636331
636330
636329
636328
636327
636325
636324
636323
636322
636321
636320
636319
636318
636317
636316
636315
636314
636313
636312
636311
636310
636309
636308
636305
636304
636303
636302
636301
636300
636299
636298
636297
636296
636295
636293
636292
636291
636290
636289
636288
636287
636286
636285
636282
636281
636280
636279
636277
636276
636271
636270
636269
636268
636267
636266
636265
636264
636263
636262
636260
636258
636257
636256
636255
636254
636253
636252
636249
636248
636247
636246
636244
636243
636241
636237
636231
636230
636229
636228
636227
636226
636223
636222
636221
636216
636218
636219
636215
636214
636217
636220
636213
636212
636210
636208
636207
636206
636202
636201
636199
636198
636197
636196
636195
636194
636193
636191
636190
636189
636188
636186
636185
636184
636183
636182
636181
636180
636178
636177
636176
636175
636174
636173
636172
636171
636170
636169
636168
636167
636166
636165
636163
636162
636161
636160
636159
636157
636156
636155
636154
636153
636152
636151
636150
636149
636148
636147
636146
636145
636144
636143
636142
636141
636140
636139
636138
636137
636136
636135
636134
636133
636132
636131
636130
636129
636128
636127
636126
636125
636124
636123
636122
636121
636120
636119
636116
636115
