635497
635502
635508
635501
635509
635510
635506
635507
635505
635500
635498
635499
635503
635504
635496
635466
635636
635623
635635
635618
635617
635627
635578
635613
635565
635615
635551
635616
635546
635542
635545
635579
635538
635541
635552
635539
635624
635751
635759
635760
635770
635769
635768
635767
635766
635765
635764
635763
635762
635761
635758
635757
635756
635755
635754
635753
635752
635750
635749
635748
635747
635745
635744
635743
635742
635741
635740
635739
635738
635737
635465
635514
635555
635588
635590
635610
635614
635626
635633
635638
635640
635655
635718
635727
635735
635736
635734
635733
635732
635731
635729
635728
635726
635725
635724
635723
635722
635721
635720
635719
635717
635716
635715
635714
635713
635712
635711
635710
635709
635708
635707
635706
635705
635704
635703
635702
635701
635700
635699
635698
635697
635696
635695
635694
635693
635692
635691
635690
635689
635688
635687
635686
635685
635684
635683
635682
635681
635680
635679
635678
635677
635676
635675
635674
635673
635672
635671
635670
635669
635668
635666
635665
635663
635662
635661
635660
635659
635658
635656
635654
635653
635652
635651
635650
635649
635648
635647
635646
635645
635644
635643
635642
635641
635639
635637
635634
635632
635631
635630
635629
635628
635625
635622
635621
635620
635619
635612
635611
635609
635608
635607
635606
635605
635604
635603
635602
635601
635600
635599
635598
635597
635596
635595
635594
635591
635589
635587
635586
635585
635584
635583
635582
635581
635580
635577
635576
635575
635574
635573
635572
635571
635570
635569
635568
635567
635566
635564
635563
635562
635561
635560
635559
635557
635556
635554
635553
635550
635549
635548
635544
635543
635540
635537
635535
635534
635533
635532
635531
635530
635529
635528
635527
635526
635525
635523
635522
635521
635519
635518
635517
635516
635515
635513
635512
635511
635495
635494
635493
635492
635491
635490
635489
635488
635487
635486
635485
635484
635483
635482
635481
635480
635479
635478
635477
635476
635475
635474
635473
635472
635471
635470
635469
635468
635467
