651554
651552
651469
651489
651553
651454
651488
651428
651477
651450
651556
651555
651197
651196
651446
651472
651473
651478
651480
651481
651482
651483
651484
651485
651486
651487
651491
651492
651494
651500
651502
651503
651504
651505
651506
651507
651510
651511
651513
651514
651516
651517
651519
651520
651521
651522
651524
651525
651526
651528
651529
651530
651531
651532
651533
651534
651579
651453
651474
651465
651467
651464
651463
651462
651461
651460
651459
651458
651457
651456
651191
651256
651375
651393
651396
651397
651423
651431
651445
651508
651509
651512
651518
651523
651545
651580
651578
651577
651576
651575
651574
651573
651572
651571
651570
651569
651568
651566
651565
651563
651562
651561
651560
651559
651558
651557
651551
651550
651549
651548
651547
651546
651408
651407
651405
651544
651543
651542
651406
651541
651404
651540
651539
651537
651535
651527
651515
651501
651499
651498
651497
651496
651495
651490
651493
651479
651475
651471
651470
651468
651466
651455
651452
651451
651449
651447
651444
651443
651442
651441
651440
651439
651438
651437
651436
651435
651434
651433
651430
651429
651427
651425
651422
651421
651420
651419
651418
651417
651416
651415
651414
651413
651411
651410
651409
651403
651402
651401
651400
651399
651398
651395
651394
651392
651391
651390
651389
651388
651385
651384
651383
651381
651380
651379
651378
651377
651376
651223
651225
651276
651346
651188
651374
651373
651372
651371
651370
651369
651368
651367
651366
651365
651364
651363
651362
651361
651360
651359
651358
651357
651356
651355
651354
651353
651350
651349
651348
651347
651345
651343
651342
651341
651340
651339
651338
651337
651336
651335
651333
651332
651330
651329
651328
651327
651326
651325
651324
651323
651322
651321
651320
651319
651318
651317
651316
651315
651314
651313
651311
651310
651309
651308
651307
651306
651304
651303
651302
651299
651298
651297
651295
651294
651293
651291
651290
651289
651288
651287
651286
651285
651284
651283
651282
651280
651279
651277
651275
651274
651273
651272
651271
651268
651267
651266
651265
651264
651263
651262
651261
651260
651259
651258
651257
651255
651254
651253
651252
651251
651250
651249
651248
651247
651246
651245
651244
651243
651242
651241
651227
651226
651224
651240
651239
651238
651237
651236
651235
651229
651228
651234
651233
651232
651231
651222
651221
651220
651219
651218
651217
651216
651214
651213
651212
651210
651209
651208
651207
651206
651205
651203
651202
651201
651200
651199
651198
651193
651194
651195
651190
651189
651187
651186
651185
651184
651183
