660015
660016
660017
660018
660019
660020
660023
660025
660026
660027
660029
660074
660087
660088
660089
660090
660091
660092
660093
660094
660095
660096
660097
660099
660100
660101
660102
660104
660105
660106
660108
660109
660110
660112
660113
660114
660115
660116
660118
660119
660120
660121
660122
660123
660124
660131
660080
660083
660082
660084
660086
660085
660081
660078
660076
660077
660191
660190
660189
660188
660187
660186
660183
660182
660181
660179
660178
660177
660176
660174
660173
660172
660171
660127
660130
660129
660195
660148
660147
660196
659785
659786
659792
659793
659811
659790
659784
659813
659789
659799
659812
659791
659788
660013
660014
660011
660009
660008
660006
660005
660004
660003
660075
660073
660072
660069
660067
660068
660070
660065
660066
660060
660058
660056
660055
660048
660041
660042
660039
660037
660052
660051
660043
660111
660036
660035
659782
659794
659800
659707
660149
660150
660151
660152
660153
659871
659872
659873
659874
659875
659878
659879
659882
659883
659888
659893
659884
659885
659886
659887
659801
659807
659783
659787
659795
659802
659806
659809
659910
659911
659912
659913
659914
659915
659916
659918
659919
659920
659921
659922
659923
659924
659925
659926
659714
659712
659710
660062
660061
660059
660057
660054
660053
660050
660049
660047
660046
660045
660044
660040
660038
660034
660033
660032
660031
660030
660028
660024
660022
660021
659748
659743
659798
659810
659808
659954
659955
659956
659957
659958
659959
659961
659962
659963
659965
659896
659897
659898
659899
659900
659901
659902
659903
659904
659905
659906
659907
659908
659909
659803
659805
659804
659869
659870
660223
660221
660220
660230
660229
660228
660227
660226
660225
660224
660222
660219
660218
660217
660216
660215
660214
660213
660212
660211
660210
660209
660208
660207
660206
660204
660203
660202
660200
660199
660198
660197
660194
660193
660192
660185
660180
660169
660168
660167
660166
660165
660164
660163
660162
660161
660160
660159
660158
660157
660156
660155
660146
660145
660144
660143
659727
659845
659865
659973
659998
660000
660002
660007
660107
660142
660141
660140
660139
660138
660137
660136
660135
660134
660133
660132
660128
660126
660125
660117
660103
660098
660079
660071
660063
660064
660012
660010
660001
659997
659996
659995
659994
659993
659992
659991
659990
659989
659988
659987
659986
659985
659984
659983
659982
659980
659979
659978
659977
659976
659975
659972
659971
659969
659968
659967
659966
659964
659953
659952
659951
659950
659949
659948
659947
659946
659720
659716
659944
659715
659942
659941
659940
659939
659938
659937
659936
659935
659934
659932
659930
659928
659927
659917
659895
659894
659892
659891
659890
659889
659881
659868
659867
659866
659864
659863
659862
659861
659859
659858
659857
659856
659855
659854
659853
659852
659851
659850
659849
659848
659847
659846
659844
659843
659842
659841
659840
659839
659838
659837
659836
659835
659834
659833
659832
659831
659830
659829
659828
659827
659826
659825
659824
659823
659822
659821
659820
659819
659818
659817
659816
659815
659814
659797
659796
659781
659780
659779
659775
659774
659773
659766
659772
659771
659770
659769
659768
659767
659765
659764
659763
659762
659761
659760
659759
659758
659757
659756
659755
659736
659735
659737
659754
659753
659750
659749
659747
659745
659744
659742
659741
659740
659739
659738
659734
659733
659732
659731
659730
659729
659728
659726
659725
659724
659722
659721
659719
659718
659717
659713
659711
659706
659705
659703
659702
659701
659700
659699
659698
659695
659696
659694
659693
659692
659691
