623419
623418
623412
623532
623531
623510
623488
623409
623363
623552
623553
623377
623554
623557
623514
623520
623509
623443
623506
623505
623504
623502
623501
623497
623493
623487
623481
623480
623479
623478
623476
623473
623471
623470
623546
623545
623556
623474
623547
623548
623551
623550
623519
623483
623516
623542
623541
623540
623385
623428
623430
623431
623449
623467
623376
623375
623367
623507
623489
623494
623495
623513
623469
623460
623468
623464
623465
623448
623447
623414
623445
623440
623407
623408
623438
623439
623530
623528
623415
623404
623405
623403
623402
623400
623521
623491
623462
623461
623458
623452
623446
623442
623399
623397
623398
623441
623411
623410
623401
623396
623383
623384
623393
623370
623365
623380
623381
623382
623392
623379
623371
623391
623390
623389
623388
623457
623459
623372
623529
623525
623490
623366
623558
623549
623544
623543
623539
623538
623537
623536
623512
623511
623535
623534
623533
623406
623416
623527
623524
623523
623522
623515
623518
623517
623503
623472
623500
623499
623498
623485
623484
623482
623475
623463
623456
623455
623454
623453
623451
623450
623444
623435
623436
623437
623433
623429
623421
623417
623420
623422
623423
623432
623424
623425
623426
623427
623413
623395
623394
623387
623386
623374
623373
623368
623369
