686149
686153
686145
686060
686152
686143
686148
686058
686061
686055
686052
686050
686057
686151
686053
686150
686147
686141
686056
686054
686051
686049
686173
686200
686199
686198
686196
685866
685859
686214
686213
686212
686211
686210
686209
686208
686207
686206
686205
686204
686195
686194
686193
686192
686191
686190
686189
686188
686187
686186
686185
686184
686183
686182
686180
686179
686178
686177
686176
686174
686172
685828
685862
685894
685896
685915
685916
685977
685978
685985
686001
686008
686012
686022
686095
686125
686171
686169
686168
686167
686166
686165
686164
686163
686162
686161
686160
686159
686158
686157
686156
686154
686146
686144
686142
686140
686139
686138
686137
686135
686134
686133
686132
686131
686130
686129
686128
686127
686126
686124
686123
686121
686120
686119
686118
686117
686116
686115
686114
686113
686112
686110
686108
686107
686106
686105
686104
686103
686102
686101
686100
686099
686098
686097
686096
686094
686093
686091
686090
686089
686088
686084
686083
686082
686081
686079
686078
686077
686076
686075
686074
686073
686072
686071
686070
686069
686068
686066
686065
686064
686059
686048
686047
686046
686045
686044
686043
686042
686041
686040
686039
686038
686037
686036
686035
686034
686033
686032
686031
686030
686029
686028
686027
686026
686025
686024
686023
686021
686020
686019
686018
686017
686014
686013
686011
686010
686007
686006
686005
686004
686003
686002
686000
685999
685998
685997
685995
685994
685993
685992
685991
685990
685989
685988
685987
685986
685984
685983
685982
685981
685980
685979
685976
685975
685974
685972
685971
685970
685969
685968
685967
685966
685965
685964
685963
685962
685961
685960
685959
685958
685957
685956
685955
685954
685953
685952
685951
685950
685949
685948
685947
685946
685945
685944
685943
685942
685941
685940
685939
685938
685937
685936
685935
685934
685933
685932
685930
685929
685928
685925
685924
685923
685922
685921
685920
685919
685918
685917
685914
685913
685912
685911
685908
685907
685906
685905
685904
685903
685902
685901
685900
685899
685898
685897
685895
685893
685892
685891
685890
685889
685888
685887
685886
685885
685884
685883
685882
685881
685880
685879
685878
685877
685876
685875
685874
685873
685872
685871
685870
685869
685868
685867
685865
685864
685863
685861
685860
685858
685855
685854
685853
685852
685851
685850
685849
685848
685847
685846
685845
685844
685843
685842
685841
685840
685839
685838
685837
685836
685835
685834
685833
685832
685831
685829
685827
685826
685825
685824
685823
685822
685821
685820
685819
685818
685817
685816
685815
685814
685813
685812
685811
685810
685809
685808
685807
685806
685805
685804
685803
685802
685801
685800
685799
