610592
610572
610571
610570
610569
610568
610567
610566
610565
610564
610563
610549
610510
610449
610447
610446
610445
610441
610440
610439
610438
610437
610436
610435
610434
610433
610591
610597
610598
610599
610497
610668
610666
610636
610477
610473
610472
610471
610556
610555
610554
610627
610619
610581
610578
610576
610561
610724
610722
610720
610718
610672
610660
610652
610558
610573
610626
610644
610645
610521
610524
610492
610491
610470
610469
610450
610448
610494
610493
610552
610442
610431
610534
610665
610656
610655
610657
610654
610658
610651
610530
610527
610509
610508
610506
610523
610522
610507
610504
610496
610499
610495
610500
610502
610501
610642
610490
610594
610579
610532
610707
610708
610717
610451
610716
610715
610714
610713
610711
610710
610709
610706
610705
610704
610703
610702
610701
610700
610699
610697
610696
610695
610694
610693
610692
610691
610690
610689
610688
610687
610686
610685
610684
610683
610682
610681
610680
610679
610678
610677
610676
610675
610662
610659
610674
610671
610664
610663
610661
610519
610649
610648
610647
610629
610630
610631
610632
610633
610634
610635
610638
610639
610640
610641
610650
610643
610586
610628
610595
610596
610590
610625
610585
610580
610605
610624
610623
610603
610622
610612
610611
610608
610604
610606
610609
610614
610620
610615
610616
610617
610618
610607
610602
610584
610593
610577
610589
610588
610575
610562
610560
610557
610551
610550
610548
610547
610546
610545
610544
610543
610542
610541
610540
610539
610538
610537
610536
610535
610533
610531
610529
610528
610526
610525
610518
610512
610511
610516
610517
610515
610514
610513
610503
610498
610489
610488
610487
610475
610481
610486
610484
610483
610482
610479
610478
610476
610474
610468
610465
610464
610463
610462
610461
610460
610459
610458
610457
610455
610454
610453
610444
