704711
704706
704710
704709
704720
704509
704506
704597
704712
704717
704502
704499
704489
704508
704602
704580
704495
704501
704713
704708
704473
704491
704707
704478
704705
704507
704487
704483
704481
704475
704488
704500
704480
704490
704482
704477
704535
704537
704716
704536
704555
704511
704561
704586
704589
704590
704661
704674
704681
704698
704735
704552
704533
704554
704722
704719
704739
704738
704737
704736
704734
704733
704731
704730
704729
704728
704727
704726
704725
704724
704723
704718
704715
704714
704704
704703
704702
704701
704700
704699
704697
704696
704695
704694
704693
704692
704691
704550
704556
704689
704688
704687
704686
704685
704684
704683
704682
704680
704679
704678
704677
704675
704673
704612
704672
704671
704664
704666
704667
704670
704669
704665
704663
704662
704660
704659
704658
704657
704655
704654
704651
704650
704649
704648
704647
704646
704645
704644
704643
704642
704641
704640
704639
704637
704636
704635
704634
704633
704632
704631
704630
704629
704628
704627
704626
704625
704624
704623
704622
704621
704620
704619
704618
704617
704616
704615
704613
704611
704610
704609
704608
704607
704606
704605
704553
704604
704603
704601
704600
704599
704598
704596
704595
704594
704593
704592
704591
704557
704588
704587
704585
704584
704583
704486
704582
704581
704579
704578
704574
704573
704577
704576
704575
704571
704570
704569
704568
704567
704566
704565
704564
704563
704562
704560
704559
704558
704551
704549
704548
704547
704546
704545
704544
704543
704542
704541
704540
704539
704538
704534
704532
704531
704530
704529
704528
704527
704526
704525
704524
704523
704522
704521
704520
704519
704518
704517
704515
704514
704513
704512
704505
704504
704503
704498
704496
704494
704493
704492
704485
704484
704479
704476
704474
704472
704471
704470
704469
704468
704467
704466
704465
704464
704463
704462
704461
704460
704459
704458
704457
704456
704455
704454
704453
704452
704451
704450
704448
704435
704438
704439
704440
704441
704442
704444
704445
704446
704447
704443
704437
704434
704433
704432
704431
704429
704428
