706319
706321
706282
706134
706131
706141
706139
706137
706144
706138
706135
706133
706130
706322
706136
706132
706129
706296
706301
706297
706302
706046
706047
706087
706185
706210
706212
706272
706274
706295
706123
706119
706298
706124
706118
706064
706065
706121
706127
706122
706153
706053
706327
706326
706325
706324
706323
706126
706318
706317
706316
706315
706314
706313
706312
706311
706128
706310
706309
706308
706307
706306
706305
706304
706303
706300
706299
706294
706293
706292
706291
706290
706289
706288
706287
706286
706285
706125
706120
706284
706283
706281
706280
706279
706278
706277
706276
706275
706273
706271
706270
706269
706268
706267
706266
706265
706264
706263
706262
706261
706260
706259
706258
706257
706256
706255
706254
706253
706252
706251
706250
706249
706248
706247
706246
706245
706244
706243
706242
706241
706240
706239
706238
706237
706236
706235
706233
706232
706231
706230
706228
706227
706226
706225
706224
706223
706221
706220
706219
706218
706217
706216
706215
706214
706213
706211
706209
706207
706206
706205
706204
706203
706202
706201
706200
706199
706198
706197
706196
706194
706158
706157
706156
706193
706192
706190
706189
706188
706187
706186
706184
706183
706182
706181
706180
706179
706178
706177
706163
706162
706160
706176
706175
706173
706172
706171
706170
706169
706165
706164
706166
706168
706167
706161
706159
706155
706154
706152
706151
706150
706149
706148
706147
706146
706145
706143
706142
706140
706117
706116
706115
706114
706113
706112
706111
706110
706109
706108
706107
706106
706105
706104
706103
706102
706101
706100
706099
706098
706096
706095
706094
706093
706092
706090
706089
706088
706086
706085
706084
706083
706082
706081
706080
706079
706078
706077
706076
706074
706073
706072
706071
706070
706069
706068
706067
706066
706063
706062
706061
706060
706058
706057
706056
706055
706054
706052
706050
706049
706048
