713127
713128
713175
713176
713177
713178
713083
713084
713086
713087
713088
713089
713090
713091
713092
713093
713094
713095
713096
713097
713098
713099
713100
713101
713102
713103
713104
713105
713106
713107
713108
713109
713110
713111
713112
713113
713061
713059
713065
713067
713064
713063
713066
713062
713057
713056
713054
713060
713055
713053
713052
713058
713051
713050
713048
713049
713287
713148
713345
713347
713346
713286
713157
713165
713151
713154
713290
713159
713150
713163
713164
713147
713156
713153
713152
713155
713149
713158
713179
713180
713409
713378
713368
713367
713376
713369
713365
713370
713363
713362
713361
713364
713372
713381
713374
713375
713373
713366
713341
713340
713342
713339
713255
713256
713371
713377
713252
713418
713417
713416
713415
713414
713412
713411
713351
713357
713356
713410
713046
713126
713133
713213
713279
713355
713408
713407
713406
713405
713404
713403
713402
713401
713400
713399
713398
713397
713396
713395
713241
713393
713392
713391
713390
713388
713387
713386
713385
713384
713383
713382
713380
713379
713360
713359
713358
713354
713353
713352
713350
713349
713348
713344
713251
713343
713338
713337
713336
713335
713334
713333
713332
713331
713330
713329
713328
713327
713326
713325
713324
713323
713322
713321
713320
713319
713318
713317
713316
713315
713314
713313
713312
713311
713310
713309
713308
713307
713306
713305
713304
713303
713302
713301
713300
713299
713298
713297
713296
713295
713294
713293
713292
713291
713289
713288
713285
713283
713282
713281
713280
713257
713278
713277
713276
713275
713274
713273
713272
713271
713270
713269
713268
713267
713266
713264
713263
713262
713261
713260
713259
713258
713254
713253
713250
713249
713248
713247
713246
713245
713244
713243
713242
713240
713239
713238
713237
713236
713235
713234
713233
713232
713231
713230
713229
713228
713226
713225
713224
713223
713222
713221
713220
713219
713218
713217
713216
713215
713214
713212
713200
713198
713211
713210
713209
713208
713207
713206
713205
713204
713203
713202
713201
713199
713197
713196
713195
713194
713193
713192
713191
713190
713189
713188
713187
713186
713185
713184
713183
713182
713181
713174
713173
713172
713171
713170
713169
713168
713167
713166
713162
713161
713160
713146
713145
713144
713143
713141
713140
713139
713138
713137
713136
713135
713134
713132
713131
713130
713129
713125
713123
713122
713121
713120
713119
713118
713117
713116
713115
713114
713085
713082
713081
713080
713079
713078
713077
713076
713075
713074
713073
713072
713071
713068
713047
713045
