703396
703371
703370
703369
703368
703367
703364
703355
703354
703352
703353
703351
703350
703250
703264
703423
703422
703272
703266
703424
703349
703348
703342
703346
703339
703338
703321
703319
703313
703318
703312
703310
703309
703307
703425
703255
703253
703363
703361
703359
703358
703360
703357
703337
703335
703336
703334
703331
703323
703324
703330
703329
703327
703325
703326
703317
703316
703315
703304
703314
703311
703305
703303
703383
703392
703395
703388
703399
703406
703384
703407
703403
703404
703393
703400
703402
703391
703397
703225
703205
703151
703152
703153
703154
703155
703156
703157
703158
703159
703160
703161
703162
703163
703164
703165
703166
703167
703168
703169
703170
703171
703172
703143
703144
703216
703240
703387
703398
703381
703405
703401
703203
703201
703204
703457
703456
703455
703454
703453
703452
703451
703450
703449
703448
703447
703446
703445
703444
703443
703442
703441
703440
703439
703438
703436
703435
703434
703433
703431
703430
703429
703428
703427
703426
703394
703390
703421
703420
703419
703418
703417
703416
703415
703414
703385
703389
703413
703386
703379
703412
703411
703410
703409
703408
703380
703378
703377
703376
703375
703374
703373
703372
703366
703365
703362
703356
703347
703341
703345
703344
703343
703340
703333
703332
703328
703322
703320
703306
703302
703308
703300
703301
703299
703298
703297
703296
703295
703294
703293
703292
703291
703290
703289
703288
703287
703286
703285
703284
703283
703282
703281
703280
703279
703278
703277
703276
703275
703274
703273
703271
703270
703269
703268
703267
703265
703263
703262
703261
703260
703259
703258
703257
703256
703254
703252
703251
703249
703248
703247
703246
703245
703244
703243
703242
703241
703239
703238
703237
703236
703235
703234
703233
703232
703231
703230
703229
703228
703227
703226
703224
703223
703222
703221
703220
703219
703218
703217
703215
703214
703212
703211
703210
703209
703206
703207
703208
703197
703200
703199
703198
703196
703195
703194
703193
703192
703191
703190
703189
703187
703186
703185
703184
703182
703181
703180
703179
703178
703177
703176
703175
703174
703173
703150
703149
703148
703147
703146
703145
703142
703141
703140
703139
703138
703136
703135
703134
703133
703131
703130
703129
703128
703127
703126
703125
703124
