694251
694351
694326
694362
694366
694325
694335
694357
694353
694352
694328
694361
694364
694363
694250
694252
694239
694240
694256
694322
694341
694343
694376
694378
694512
694511
694510
694493
694516
694514
694513
694563
694562
694561
694560
694559
694557
694556
694555
694554
694553
694552
694551
694550
694549
694548
694547
694546
694545
694544
694543
694542
694541
694540
694539
694538
694537
694536
694535
694534
694533
694532
694531
694530
694529
694528
694527
694526
694525
694524
694523
694522
694521
694520
694517
694427
694430
694426
694509
694508
694507
694506
694505
694504
694503
694502
694501
694500
694499
694425
694422
694498
694497
694496
694495
694494
694492
694491
694490
694489
694488
694487
694485
694484
694483
694482
694481
694480
694479
694478
694477
694475
694463
694474
694473
694472
694471
694470
694469
694468
694467
694466
694465
694464
694462
694461
694460
694459
694458
694457
694456
694455
694454
694453
694452
694451
694450
694449
694448
694446
694445
694443
694442
694441
694440
694439
694438
694435
694431
694429
694428
694423
694421
694420
694419
694418
694417
694412
694413
694416
694415
694414
694411
694410
694408
694407
694406
694404
694403
694401
694400
694399
694398
694397
694396
694395
694394
694393
694392
694391
694390
694388
694387
694386
694385
694384
694383
694382
694381
694380
694379
694377
694375
694374
694373
694372
694371
694370
694369
694368
694367
694365
694360
694359
694358
694356
694355
694354
694350
694349
694348
694347
694346
694345
694344
694342
694340
694339
694338
694337
694336
694334
694333
694332
694331
694330
694329
694327
694324
694323
694321
694320
694319
694318
694317
694316
694315
694314
694313
694311
694310
694309
694308
694307
694306
694305
694304
694303
694302
694301
694300
694299
694298
694296
694295
694294
694293
694292
694291
694290
694289
694288
694287
694286
694285
694284
694283
694281
694280
694279
694278
694277
694275
694274
694273
694272
694271
694270
694269
694268
694267
694266
694265
694264
694263
694262
694261
694260
694259
694258
694257
694255
694254
694253
694249
694248
694247
694246
694245
694243
694242
694241
