718770
718768
718832
718829
718815
718811
718807
718805
718831
718833
718813
718804
718809
718806
718605
718606
718607
718608
718609
718611
718612
718613
718614
718615
718616
718619
718620
718621
718622
718623
718624
718625
718626
718630
718723
718812
718803
718726
718725
718724
718722
718733
718736
718717
718738
718737
718732
718731
718735
718727
718730
718734
718728
718729
718721
718720
718690
718719
718674
718693
718694
718695
718696
718697
718692
718691
718686
718685
718627
718628
718709
718706
718705
718704
718699
718703
718701
718711
718710
718708
718713
718712
718707
718702
718700
718698
718924
718923
718931
718932
718927
718925
718684
718683
718679
718680
718681
718676
718678
718682
718675
718677
718673
718672
718671
718670
718667
718668
718669
718666
718665
718664
718663
718633
718660
718657
718652
718647
718644
718636
718635
718648
718645
718641
718639
718662
718661
718659
718656
718655
718658
718653
718654
718651
718646
718649
718642
718643
718640
718638
718637
718634
718632
718631
718629
718929
718926
718922
718918
718618
718838
718864
718915
718956
718961
718972
718984
718985
719009
719028
719041
719042
719053
719052
719051
719050
719045
719044
719043
719040
719039
719038
719037
719036
719035
719034
719033
719032
719031
719030
719029
719026
719025
719024
719023
719022
719021
719020
719019
719018
719017
719016
719015
719014
719013
719012
719011
719010
719008
719007
719006
719004
719003
719002
719001
719000
718999
718998
718997
718996
718995
718994
718993
718991
718990
718989
718988
718987
718986
718983
718982
718981
718980
718979
718978
718977
718975
718974
718973
718971
718970
718969
718881
718880
718879
718968
718967
718966
718965
718964
718963
718962
718960
718959
718958
718957
718955
718954
718953
718952
718951
718950
718949
718948
718947
718946
718945
718944
718943
718942
718941
718940
718938
718937
718936
718935
718934
718933
718930
718928
718921
718920
718917
718916
718914
718913
718912
718911
718910
718909
718908
718907
718906
718905
718904
718903
718902
718901
718900
718899
718898
718897
718896
718895
718893
718892
718891
718890
718889
718888
718886
718885
718884
718883
718882
718878
718877
718876
718875
718874
718873
718872
718871
718870
718869
718868
718867
718866
718863
718862
718861
718860
718859
718858
718857
718856
718855
718854
718853
718852
718851
718850
718849
718848
718847
718846
718844
718843
718842
718841
718840
718839
718837
718836
718835
718834
718830
718828
718827
718826
718825
718824
718823
718822
718821
718820
718819
718818
718817
718816
718814
718810
718808
718802
718801
718800
718799
718798
718797
718796
718795
718794
718793
718792
718791
718790
718789
718788
718787
718786
718785
718784
718783
718782
718781
718780
718779
718778
718777
718776
718775
718774
718773
718772
718771
718767
718766
718765
718764
718763
718762
718761
718760
718759
718757
718756
718755
718753
718752
718751
718750
718749
718747
718746
718745
718744
718743
718742
718741
718739
718718
718716
718715
718714
718689
718688
718687
718650
718617
718610
718604
718603
718602
718601
