719560
719556
719554
719563
719562
719551
719545
719546
719559
719557
719561
719549
719432
719587
719586
719585
719731
719728
719626
719627
719628
719632
719635
719658
719665
719690
719702
719764
719793
719708
719707
719822
719821
719820
719818
719817
719816
719815
719814
719813
719812
719810
719809
719808
719807
719806
719805
719804
719803
719802
719801
719741
719748
719744
719743
719747
719745
719800
719799
719740
719798
719797
719796
719795
719794
719792
719791
719790
719789
719788
719787
719786
719785
719784
719783
719782
719781
719780
719779
719778
719777
719776
719775
719774
719773
719772
719771
719639
719770
719769
719768
719767
719766
719765
719742
719746
719763
719762
719761
719760
719759
719749
719758
719757
719756
719755
719754
719753
719752
719751
719750
719739
719738
719737
719736
719735
719723
719734
719732
719729
719727
719726
719722
719725
719724
719721
719720
719718
719717
719716
719714
719713
719712
719711
719710
719709
719706
719705
719704
719703
719701
719700
719699
719696
719695
719694
719693
719692
719691
719688
719687
719686
719685
719684
719683
719682
719681
719680
719679
719678
719675
719674
719673
719672
719671
719669
719668
719667
719664
719663
719661
719660
719659
719657
719656
719655
719654
719653
719652
719651
719650
719649
719648
719647
719644
719645
719643
719641
719646
719642
719640
719638
719637
719636
719634
719633
719631
719630
719629
719625
719624
719621
719620
719619
719592
719595
719605
719607
719612
719613
719615
719616
719618
719617
719614
719611
719610
719609
719608
719606
719604
719603
719601
719600
719599
719598
719597
719596
719594
719593
719591
719590
719462
719589
719588
719584
719583
719581
719580
719579
719578
719577
719576
719575
719574
719573
719572
719571
719570
719569
719568
719567
719566
719565
719558
719555
719553
719552
719550
719547
719544
719543
719542
719541
719540
719539
719538
719537
719536
719535
719534
719533
719532
719531
719530
719529
719528
719527
719526
719525
719524
719523
719522
719521
719520
719519
719518
719517
719516
719515
719514
719513
719512
719510
719509
719508
719507
719506
719505
719504
719503
719502
719501
719500
719499
719498
719497
719496
719495
719494
719493
719492
719491
719490
719489
719488
719487
719486
719485
719484
719483
719482
719481
719480
719479
719478
719477
719476
719475
719474
719473
719472
719471
719470
719469
719468
719467
719466
719465
719464
719463
719461
719460
719459
719458
719457
719456
719455
719454
719453
719452
719451
719450
719449
719448
719447
719446
719445
719444
719443
719442
719441
719440
719439
719438
719437
719436
719435
719434
719433
719430
719429
719428
