694002
694038
694039
694125
694126
694151
694152
694166
694168
694180
694237
694214
694215
694216
694217
694218
694219
694220
694221
694222
694223
694188
694236
694235
694234
694233
694232
694231
694230
694228
694227
694226
694225
694224
694213
694212
694211
694210
694209
694208
694207
694206
694205
694204
694203
694202
694201
694200
694199
694198
694197
694196
694195
694194
694193
694192
694191
694190
694189
694187
694186
694185
694184
694183
694182
694181
694179
694177
694176
694175
694174
694173
694172
694171
694170
694169
694167
694165
694164
694163
694132
694162
694161
694160
694159
694158
694157
694156
694155
694154
694153
694150
694149
694148
694147
694146
694145
694144
694143
694142
694141
694140
694139
694138
694137
694136
693969
693970
693971
693972
693973
693974
693975
694135
694134
694133
694131
694130
694129
694128
694127
694124
694123
694122
694121
694120
694119
694118
694117
694116
694115
694114
694113
694111
694110
694109
694107
694106
694104
694102
694101
694100
694099
694098
694097
694096
694095
694094
694093
694092
694091
694090
694089
694088
694087
694086
694085
694084
694083
694082
694081
694080
694079
694078
694077
694076
694075
694073
694072
694071
694070
694069
694068
694067
694066
694065
694064
694063
694062
694061
694060
694059
694058
694056
694055
694054
694051
694050
694049
694048
694047
694046
694045
694044
694043
694042
694041
694040
694037
694036
694035
694034
694033
694032
694031
694030
694029
694028
694027
694026
694025
694024
694023
694022
694021
694020
694019
694018
694016
694015
694014
694013
694012
694011
694010
694009
694008
694007
694006
694005
694004
694003
694000
693999
693998
693997
693996
693995
693994
693993
693957
693968
693991
693990
693989
693988
693987
693985
693984
693983
693982
693980
693979
693978
693977
693976
693967
693966
693965
693964
693963
693962
693961
693960
693959
693958
693956
693955
