692821
692820
692691
692823
692690
692905
692825
692688
692694
692698
692689
692708
692709
692707
692718
692679
692713
692939
692937
692936
692935
692934
692933
692932
692931
692930
692929
692928
692927
692714
692760
692926
692925
692924
692923
692922
692920
692919
692918
692916
692914
692913
692912
692911
692910
693052
692717
692762
693055
692733
692734
692755
692789
692870
692873
692940
692726
693053
692712
692720
693056
692759
692721
692763
692725
692723
692757
692641
692642
692643
692644
692645
692646
692647
692648
692649
692650
692651
692652
692653
692947
693040
693039
693038
692722
692724
693037
693036
693034
693033
692876
692877
692878
692879
692880
692882
692884
692885
692886
692887
692888
692889
693032
693031
692761
692719
693054
693051
692608
692758
692715
693029
693028
693027
693023
693022
693020
692634
692640
692639
692638
692637
692636
692635
692633
692632
692631
692630
692875
693018
693017
693015
693065
693064
693063
693062
693061
693060
693059
693058
693057
693050
693049
693048
693047
693046
693045
693044
693043
693042
693041
693035
693030
693025
693021
693019
693016
693014
693013
693012
693011
693010
693009
693008
693007
693006
693005
693004
693003
693002
693001
693000
692999
692998
692997
692996
692995
692993
692992
692991
692990
692989
692988
692987
692986
692985
692984
692983
692982
692981
692980
692979
692977
692975
692974
692973
692972
692971
692970
692969
692968
692967
692966
692965
692964
692963
692962
692961
692960
692959
692958
692957
692956
692955
692954
692953
692952
692951
692950
692949
692948
692946
692945
692944
692942
692941
692938
692921
692917
692915
692909
692908
692907
692906
692904
692903
692902
692901
692900
692899
692898
692897
692896
692895
692894
692893
692892
692891
692890
692883
692881
692874
692872
692868
692865
692864
692863
692862
692861
692860
692859
692858
692857
692856
692855
692853
692851
692850
692848
692847
692846
692845
692844
692843
692842
692841
692840
692839
692838
692837
692836
692835
692834
692833
692832
692831
692830
692829
692828
692827
692826
692824
692822
692819
692818
692817
692816
692815
692814
692813
692812
692811
692810
692809
692808
692807
692806
692805
692804
692803
692802
692801
692800
692799
692798
692797
692796
692795
692794
692793
692792
692791
692790
692788
692787
692786
692785
692784
692783
692782
692780
692779
692778
692776
692775
692774
692773
692772
692771
692770
692769
692768
692767
692766
692765
692764
692756
692754
692752
692751
692750
692749
692748
692747
692746
692745
692744
692743
692742
692741
692740
692739
692738
692737
692736
692735
692732
692731
692729
692728
692727
692711
692710
692706
692705
692704
692702
692701
692700
692699
692697
692696
692695
692693
692692
692687
692686
692685
692684
692683
692682
692681
692680
692678
692677
692676
692675
692674
692673
692672
692671
692670
692669
692668
692667
692666
692665
692664
692663
692662
692661
692660
692659
692658
692657
692656
692655
692654
692629
692627
692626
692625
692624
692623
692622
692621
692620
692619
692618
692617
692616
692615
692614
692612
692611
692610
692609
692607
692606
692605
692604
692603
692602
692601
692599
692598
692596
692594
692593
692592
