693313
693302
693308
693298
693251
693307
693227
693157
693303
693254
693310
693300
693312
693208
693226
693250
693224
693220
693212
693156
693206
693304
693301
693223
693249
693205
693081
693080
693079
693191
693458
693274
693273
693130
693259
693339
693345
693350
693352
693354
693366
693372
693380
693381
693457
693472
693473
693225
693222
693221
693219
693213
693210
693209
693204
693203
693202
693199
693198
693197
693189
693188
693183
693181
693184
693474
693471
693470
693469
693468
693467
693466
693465
693464
693463
693462
693459
693456
693455
693454
693453
693452
693451
693450
693449
693448
693447
693446
693445
693444
693443
693442
693441
693440
693439
693438
693437
693436
693434
693433
693432
693431
693430
693429
693428
693207
693216
693217
693218
693427
693426
693425
693424
693423
693422
693421
693420
693419
693417
693416
693415
693413
693412
693411
693410
693409
693408
693407
693406
693405
693404
693403
693402
693401
693400
693399
693398
693397
693396
693395
693394
693390
693391
693392
693393
693389
693388
693387
693386
693385
693384
693383
693382
693379
693378
693377
693376
693374
693373
693363
693364
693371
693370
693369
693368
693367
693365
693362
693361
693360
693359
693358
693357
693356
693355
693353
693351
693349
693348
693347
693346
693185
693187
693344
693343
693342
693341
693340
693338
693337
693336
693335
693334
693333
693332
693331
693330
693329
693328
693327
693326
693325
693324
693323
693321
693320
693319
693318
693317
693316
693315
693314
693186
693311
693309
693305
693306
693299
693294
693293
693292
693290
693289
693287
693286
693284
693282
693281
693280
693279
693278
693277
693276
693275
693272
693271
693270
693268
693267
693266
693265
693264
693263
693262
693261
693258
693257
693256
693255
693253
693252
693248
693247
693246
693245
693244
693243
693242
693241
693240
693239
693238
693237
693236
693235
693233
693232
693231
693230
693229
693228
693215
693214
693211
693201
693200
693196
693194
693193
693192
693190
693182
693180
693177
693176
693175
693174
693173
693172
693171
693170
693169
693168
693167
693165
693164
693166
693163
693162
693161
693160
693159
693158
693155
693154
693153
693152
693151
693150
693149
693143
693144
693145
693146
693147
693148
693142
693141
693140
693139
693138
693137
693136
693135
693134
693133
693132
693129
693128
693127
693126
693125
693124
693123
693122
693120
693119
693118
693117
693116
693115
693114
693113
693112
693111
693110
693109
693108
693107
693106
693105
693104
693103
693102
693101
693100
693099
693098
693097
693096
693095
693094
693093
693090
693089
693088
693087
693086
693085
693084
693083
693078
693077
693068
693075
693073
693072
693071
693069
693067
693066
