707772
707811
707803
707879
707813
707797
707943
707808
707810
707770
707768
707748
707814
707812
707804
707769
707795
707796
707794
707955
707954
707957
707956
707952
707951
707940
707936
707933
708003
707716
707785
707801
707841
707856
707882
707960
707961
707931
707868
707867
707983
707984
707948
707953
707942
707853
707852
707927
707932
707941
707930
707850
707825
707949
707847
707849
707929
707937
707835
707823
707820
707846
707836
707950
707926
708035
708029
708028
708027
708026
708034
708033
708032
708031
708030
708025
708024
708023
708022
708021
708020
708019
708018
708017
708016
708015
708014
708013
708012
708011
708010
708008
708006
708005
708004
708002
708001
708000
707999
707998
707997
707996
707995
707895
707904
707899
707897
707900
707898
707994
707993
707992
707991
707989
707896
707894
707826
707851
707988
707987
707986
707985
707982
707981
707979
707978
707977
707976
707975
707974
707973
707972
707971
707970
707969
707968
707967
707966
707965
707964
707963
707962
707901
707903
707959
707958
707821
707822
707947
707946
707945
707944
707939
707938
707935
707934
707928
707925
707924
707923
707922
707921
707920
707917
707916
707915
707914
707913
707912
707911
707909
707908
707907
707905
707902
707893
707892
707891
707890
707889
707884
707885
707888
707887
707886
707883
707881
707880
707878
707877
707876
707875
707874
707873
707872
707871
707870
707869
707866
707828
707864
707863
707862
707861
707860
707859
707857
707855
707854
707848
707830
707827
707845
707844
707843
707842
707840
707839
707837
707834
707833
707832
707831
707824
707819
707818
707817
707816
707815
707809
707806
707805
707802
707800
707799
707798
707793
707792
707791
707790
707789
707788
707787
707786
707784
707783
707782
707781
707780
707778
707777
707776
707775
707774
707773
707771
707767
707766
707765
707764
707763
707762
707761
707760
707759
707758
707757
707756
707755
707754
707753
707752
707751
707750
707749
707747
707746
707745
707744
707743
707741
707740
707739
707738
707737
707736
707734
707733
707732
707731
707730
707729
707727
707726
707725
707724
707723
707722
707721
707717
707715
707714
