710547
710468
710466
710469
710462
710460
710467
710385
710464
710461
710428
710390
710465
710444
710410
710399
710463
710459
710402
710401
710400
710397
710457
710403
710411
710396
710443
710529
710530
710585
710584
710583
710582
710581
710580
710569
710579
710578
710577
710576
710575
710574
710568
710567
710566
710565
710564
710563
710573
710572
710571
710570
710562
710561
710560
710559
710558
710557
710556
710555
710554
710553
710552
710551
710550
710549
710548
710546
710545
710544
710543
710542
710541
710540
710539
710537
710527
710528
710533
710532
710531
710536
710535
710534
710525
710524
710523
710522
710521
710520
710519
710518
710517
710516
710515
710514
710513
710512
710511
710510
710509
710508
710507
710506
710505
710504
710503
710502
710501
710500
710499
710498
710495
710494
710493
710492
710491
710490
710489
710488
710487
710486
710485
710484
710483
710482
710481
710480
710479
710478
710477
710476
710475
710474
710473
710472
710471
710470
710458
710456
710455
710454
710453
710452
710450
710449
710448
710447
710446
710445
710442
710441
710440
710439
710438
710437
710436
710435
710434
710433
710432
710431
710430
710429
710427
710426
710425
710424
710423
710422
710421
710420
710419
710418
710417
710415
710414
710413
710412
710409
710408
710407
710406
710405
710404
710398
710395
710393
710392
710391
710389
710388
710387
710386
710384
710383
710382
710381
710380
710379
710376
710378
710377
710375
710374
710373
710372
710371
710370
710369
710368
710366
710365
710364
710363
710361
710360
710359
710358
710357
710356
710355
710354
710353
710352
710351
710350
710349
710348
710347
710345
710344
710343
710341
710339
710338
710337
710335
710333
710331
710330
