690001
689999
689998
689996
690169
690163
690150
690148
690141
690145
690155
690133
690152
690170
690130
690147
690143
690139
690125
690151
690153
690132
690128
690149
690144
690146
690142
690138
690131
690127
689942
689941
690185
690186
690187
690189
690184
690190
690188
689972
689993
690021
690023
690050
690051
690091
690093
690114
690199
690206
690205
690204
690203
690202
690201
690198
690197
690196
690195
690194
690193
690192
690191
690183
690182
690181
690180
690179
690178
690177
690176
690175
690174
690173
690172
690171
690168
690167
690166
690165
690164
690162
690161
690160
690159
690158
690157
690156
690154
690140
690137
690136
690135
690129
690126
690124
690123
690122
690121
690120
690119
690118
690117
690116
690115
690113
690112
690110
690109
690106
690104
690103
690102
690101
690100
690099
690098
690097
690096
690095
690094
690092
690090
690089
690088
690087
690086
690085
690084
690083
690082
690081
690080
690079
690078
690077
690076
690075
690074
690073
690072
690071
690070
690069
690068
690067
690066
690065
690064
690063
690062
690061
690060
690059
690058
690057
690056
690055
690054
690053
690052
690049
690048
690047
690046
690045
690044
690043
690042
690041
690040
690039
690038
690037
690036
690035
690034
690033
690032
690031
690030
690029
690028
690027
690026
690025
690022
690020
690019
690018
690017
690015
690014
690013
690012
690010
690009
690008
690007
690005
690004
690003
690002
690000
689997
689995
689994
689992
689991
689990
689989
689988
689987
689986
689985
689984
689982
689981
689980
689979
689978
689977
689976
689975
689974
689973
689971
689970
689967
689963
689962
689961
689960
689959
689958
689957
689956
689955
689954
689953
689952
689951
689950
689949
689948
689947
689946
689945
689944
689943
689940
689938
689937
689936
689935
689934
689933
689932
