695165
695161
695159
695163
695166
695157
695124
695122
695164
695156
695115
695108
695099
695096
695092
695072
695158
695126
695123
695109
695069
695067
695160
695097
695065
695116
695162
695090
695070
695068
695066
695111
695093
695153
694890
695011
695010
694883
694899
694941
694942
694943
695033
695037
695038
695073
695080
695082
695133
695155
695195
695204
695210
695211
695146
695139
695145
695148
695147
695143
695140
695144
695138
695209
695208
695207
695206
695205
695203
695202
695201
695200
695199
695198
695197
695196
695194
695193
695192
695191
695190
695189
695188
695187
695186
695185
695184
695183
695182
695181
695180
695179
695178
695177
695176
695175
695174
695055
695173
695172
695171
695063
695054
695052
695169
695168
695167
695154
695141
695137
695152
695151
695150
695149
695142
695061
695056
695136
695135
695134
695132
695131
695130
695129
695128
695127
695125
695057
695053
695121
695120
695119
695118
695117
695114
695113
695112
695110
695107
695106
695105
695104
695103
695102
695101
695100
695095
695094
695091
695088
695087
695086
695085
695084
695083
695081
695079
695078
695077
695076
695075
695074
695064
695062
695060
695059
695051
695050
695049
695048
695047
695046
695044
695043
695042
695041
695040
695039
695036
695035
695034
695032
695031
695030
695029
695028
695027
695026
695025
695024
695023
695022
695021
695020
695019
695018
695017
695016
695015
695014
695013
695012
695009
695007
695006
695005
695004
695003
695002
695001
695000
694999
694998
694997
694996
694995
694994
694993
694991
694990
694989
694988
694986
694984
694983
694982
694981
694980
694979
694978
694977
694976
694975
694974
694973
694972
694971
694970
694969
694968
694967
694966
694965
694964
694963
694962
694961
694960
694959
694958
694957
694956
694955
694953
694952
694951
694950
694949
694948
694947
694946
694945
694944
694939
694938
694936
694935
694934
694933
694932
694931
694930
694929
694928
694927
694926
694925
694924
694923
694919
694920
694922
694921
694917
694918
694916
694915
694914
694913
694912
694911
694910
694909
694908
694907
694906
694905
694904
694903
694902
694901
694900
694898
694897
694896
694895
694894
694893
694892
694891
694889
694888
694887
694886
694885
694882
694881
694880
694879
694878
694877
