694614
694613
694611
694615
694854
694853
694851
694849
694847
694846
694850
694848
694845
694570
694866
694819
694817
694816
694813
694814
694818
694710
694728
694571
694634
694635
694636
694876
694875
694874
694873
694872
694871
694870
694869
694868
694867
694865
694864
694863
694862
694861
694860
694859
694858
694857
694856
694855
694852
694844
694843
694842
694841
694840
694839
694838
694837
694836
694835
694834
694833
694832
694831
694830
694829
694828
694827
694826
694825
694824
694823
694822
694821
694820
694815
694812
694811
694810
694809
694808
694807
694806
694805
694804
694803
694802
694801
694800
694799
694798
694797
694796
694795
694794
694793
694792
694791
694790
694789
694788
694787
694786
694784
694782
694781
694779
694778
694777
694776
694775
694774
694773
694772
694771
694770
694769
694768
694767
694766
694765
694764
694763
694762
694761
694760
694759
694758
694757
694756
694755
694754
694753
694751
694750
694749
694748
694746
694745
694744
694743
694742
694741
694740
694739
694738
694737
694736
694735
694734
694733
694732
694731
694730
694729
694727
694726
694725
694724
694723
694722
694721
694720
694719
694718
694717
694716
694715
694714
694713
694712
694711
694709
694708
694707
694706
694705
694704
694703
694702
694701
694700
694699
694698
694697
694696
694695
694694
694693
694692
694691
694690
694689
694688
694687
694686
694685
694684
694683
694682
694680
694679
694678
694676
694675
694674
694673
694672
694671
694670
694669
694668
694667
694666
694665
694664
694663
694662
694661
694660
694659
694658
694657
694655
694654
694653
694652
694651
694650
694649
694648
694647
694646
694645
694644
694643
694642
694641
694640
694639
694638
694637
694633
694632
694631
694630
694629
694628
694627
694625
694624
694623
694622
694621
694620
694619
694618
694617
694616
694612
694609
694608
694607
694606
694605
694603
694602
694601
694600
694599
694598
694597
694596
694595
694594
694593
694590
694589
694588
694587
694586
694585
694584
694583
694582
694581
694580
694579
694578
694577
694576
694575
694574
694573
694569
694568
694567
694566
694565
694564
