691996
691951
691928
691907
691923
691779
691778
691785
691686
691781
691997
691937
691788
691918
691908
691906
691936
691927
691929
691913
691777
691787
691905
691935
691786
691780
691749
691745
691748
691718
691782
691711
691776
691688
691660
691662
691693
691694
691764
691801
691833
691883
691884
691893
691899
691903
691930
691933
692039
692040
691691
691746
691716
691932
691708
691744
691980
691979
691690
691663
691689
691668
691667
691966
691972
691969
691960
691664
691866
691872
691878
691959
691867
691627
691626
691625
691624
691623
691622
691621
691620
691619
691618
691617
691616
691869
691965
691859
691963
691971
691962
691857
691964
691853
691847
691968
691873
691874
691850
691846
691876
692046
692045
692044
692043
692042
692041
692038
692037
692036
692035
692034
692033
692032
692031
692030
692029
692028
692027
692026
692025
692024
692023
692018
692022
692021
692019
692017
692016
692015
692014
692013
692012
692011
692010
692009
692008
692007
692006
692005
692004
692003
692002
691860
691967
691844
692001
692000
691995
691999
691998
691864
691994
691993
691992
691991
691990
691989
691987
691986
691985
691984
691983
691982
691981
691978
691865
691855
691977
691976
691975
691974
691973
691970
691854
691877
691961
691958
691957
691875
691851
691956
691955
691954
691953
691952
691943
691858
691950
691949
691948
691947
691946
691944
691848
691845
691942
691940
691939
691938
691934
691931
691926
691925
691924
691922
691921
691920
691919
691917
691916
691914
691912
691911
691910
691909
691904
691902
691901
691900
691898
691897
691896
691895
691894
691892
691891
691889
691888
691887
691886
691885
691882
691881
691880
691879
691871
691870
691868
691863
691862
691861
691852
691849
691843
691842
691841
691840
691839
691838
691837
691836
691835
691834
691832
691831
691830
691829
691828
691827
691826
691825
691824
691823
691822
691821
691820
691819
691818
691817
691816
691751
691815
691814
691813
691812
691811
691810
691809
691808
691807
691806
691805
691804
691803
691802
691800
691799
691798
691797
691796
691795
691794
691793
691792
691791
691790
691789
691784
691783
691775
691774
691773
691772
691771
691770
691769
691768
691767
691766
691765
691763
691762
691761
691760
691759
691758
691757
691756
691755
691754
691753
691750
691747
691743
691742
691741
691740
691739
691737
691735
691734
691733
691732
691731
691730
691729
691728
691727
691726
691725
691724
691723
691722
691721
691719
691717
691714
691713
691712
691710
691709
691707
691706
691705
691704
691703
691701
691699
691698
691697
691696
691695
691692
691687
691685
691684
691683
691682
691681
691680
691679
691678
691677
691676
691675
691674
691673
691672
691671
691670
691669
691666
691665
691661
691659
691656
691655
691654
691653
691652
691651
691650
691649
691648
691647
691646
691645
691644
691643
691642
691641
691640
691639
691638
691637
691636
691635
691634
691633
691632
691631
691630
691629
691628
691615
691614
691613
691612
691611
691610
