702706
702703
702701
702702
702705
702704
702700
702699
702698
702697
702696
702866
702865
702864
702863
702659
702681
702717
702837
702852
702811
702825
702847
702785
702870
702874
702875
702878
702877
702876
702873
702872
702871
702869
702868
702867
702862
702861
702860
702859
702858
702857
702856
702855
702854
702853
702850
702849
702846
702845
702844
702843
702842
702840
702838
702834
702833
702832
702831
702830
702829
702828
702827
702826
702824
702823
702822
702821
702820
702819
702818
702817
702816
702814
702813
702812
702810
702809
702807
702806
702805
702804
702803
702802
702800
702799
702798
702797
702796
702795
702794
702793
702792
702790
702789
702788
702786
702784
702783
702782
702781
702780
702779
702778
702777
702776
702775
702774
702773
702772
702771
702770
702769
702768
702767
702766
702765
702764
702763
702762
702761
702760
702759
702758
702757
702756
702755
702754
702753
702752
702740
702741
702742
702743
702744
702745
702746
702751
702750
702749
702748
702747
702739
702738
702737
702736
702735
702734
702733
702732
702731
702730
702729
702728
702727
702726
702725
702724
702723
702722
702721
702720
702719
702718
702716
702715
702714
702713
702712
702711
702710
702709
702708
702707
702695
702694
702693
702692
702690
702689
702688
702687
702686
702685
702684
702683
702682
702680
702679
702678
702677
702676
702675
702674
702673
702672
702671
702670
702669
702668
702667
702666
702665
702664
702663
702662
702661
702658
702657
702654
702652
702651
702650
702649
702648
702647
702646
702645
702644
702643
702642
702641
702639
702638
702637
702636
702635
