695840
695753
695648
695754
695725
695821
695825
695847
695650
695768
695647
695652
695645
695848
695704
695706
695702
695701
695744
695709
695781
695785
695742
695777
695750
695740
695751
695703
695749
695746
695780
695782
695849
695620
695618
695619
695748
695747
695778
695862
695861
695859
695858
695857
695856
695705
695617
695855
695854
695622
695784
695853
695852
695851
695850
695846
695845
695844
695843
695842
695841
695839
695838
695837
695836
695835
695834
695833
695832
695831
695830
695829
695828
695827
695826
695824
695823
695822
695776
695820
695783
695779
695819
695818
695817
695816
695815
695814
695813
695812
695811
695810
695809
695808
695807
695805
695804
695803
695802
695801
695800
695799
695797
695796
695795
695794
695793
695792
695791
695790
695789
695614
695788
695787
695786
695775
695774
695773
695772
695771
695770
695769
695767
695766
695765
695764
695763
695762
695761
695760
695759
695758
695757
695756
695615
695752
695745
695743
695741
695739
695738
695737
695736
695734
695733
695732
695730
695729
695728
695727
695726
695724
695723
695722
695721
695720
695719
695718
695717
695716
695715
695714
695713
695712
695711
695710
695708
695707
695700
695699
695698
695696
695695
695694
695693
695692
695691
695690
695689
695688
695687
695686
695685
695684
695683
695682
695681
695680
695679
695678
695677
695676
695675
695674
695673
695672
695625
695613
695671
695670
695669
695668
695667
695666
695530
695535
695572
695579
695581
695582
695641
695665
695664
695663
695662
695661
695660
695659
695658
695657
695656
695655
695654
695653
695616
695651
695649
695646
695644
695643
695642
695640
695639
695638
695637
695636
695635
695634
695633
695632
695631
695630
695629
695628
695627
695626
695624
695623
695621
695612
695611
695610
695609
695608
695607
695606
695605
695604
695603
695602
695601
695600
695599
695598
695597
695596
695595
695593
695592
695591
695590
695589
695588
695587
695586
695585
695584
695583
695578
695577
695576
695575
695574
695573
695571
695570
695569
695568
695567
695566
695565
695564
695563
695562
695560
695559
695558
695557
695556
695555
695554
695553
695552
695551
695550
695549
695548
695547
695546
695545
695544
695543
695542
695541
695540
695539
695538
695537
695536
695534
695533
695532
695531
695529
695528
695527
695526
695525
695524
695523
695522
695521
695520
695519
695518
695517
695516
