707455
707432
707453
707452
707431
707430
707429
707592
707533
707534
707535
707536
707509
707406
707427
707512
707575
707614
707631
707647
707648
707649
707650
707651
707694
707698
707467
707465
707522
707523
707514
707539
707544
707549
707552
707468
707550
707464
707542
707462
707545
707548
707458
707541
707551
707470
707713
707712
707711
707710
707709
707708
707707
707706
707705
707704
707703
707702
707701
707700
707699
707697
707696
707695
707691
707690
707689
707546
707461
707469
707688
707687
707686
707685
707683
707609
707680
707679
707672
707656
707657
707658
707659
707660
707661
707662
707663
707664
707665
707666
707667
707668
707669
707670
707671
707677
707676
707675
707674
707673
707466
707547
707655
707654
707653
707652
707646
707645
707644
707643
707642
707641
707640
707639
707638
707637
707634
707632
707630
707629
707628
707627
707626
707625
707624
707623
707622
707621
707612
707620
707619
707618
707617
707616
707615
707613
707611
707610
707540
707608
707607
707606
707605
707604
707603
707602
707601
707600
707599
707598
707543
707597
707596
707595
707594
707593
707590
707589
707588
707587
707586
707585
707584
707583
707582
707581
707579
707578
707577
707576
707574
707573
707572
707571
707570
707569
707568
707567
707566
707565
707564
707563
707562
707561
707560
707559
707558
707557
707556
707555
707554
707553
707460
707537
707532
707531
707530
707529
707528
707527
707526
707524
707521
707520
707519
707518
707517
707516
707515
707511
707510
707508
707507
707506
707505
707504
707463
707459
707502
707501
707500
707499
707498
707497
707496
707495
707494
707493
707492
707491
707490
707489
707488
707487
707486
707485
707484
707483
707482
707481
707480
707479
707478
707477
707476
707475
707474
707446
707447
707448
707449
707445
707450
707451
707473
707472
707471
707457
707456
707454
707442
707443
707444
707441
707440
707439
707435
707438
707437
707436
707434
707433
707428
707426
707425
707424
707423
707422
707421
707420
707419
707418
707417
707416
707415
707414
707413
707412
707411
707410
707409
707408
707407
707405
707404
707403
707402
707400
707399
707398
707397
707396
707395
707394
