691535
691517
691520
691338
691533
691528
691525
691540
691534
691524
691519
691516
691294
691301
691527
691293
691423
691508
691491
691490
691489
691486
691303
691504
691501
691474
691471
691466
691465
691464
691462
691461
691460
691458
691457
691282
691290
691349
691373
691409
691480
691494
691510
691549
691609
691608
691607
691606
691605
691604
691603
691602
691601
691600
691599
691598
691597
691596
691595
691594
691593
691592
691591
691590
691589
691588
691587
691586
691585
691584
691583
691582
691581
691580
691579
691578
691577
691576
691575
691574
691573
691572
691570
691569
691568
691567
691566
691565
691564
691563
691562
691561
691560
691559
691558
691557
691556
691555
691554
691419
691420
691553
691552
691551
691422
691550
691547
691546
691545
691544
691298
691299
691417
691542
691541
691539
691538
691537
691536
691532
691531
691530
691529
691526
691418
691424
691522
691521
691518
691514
691513
691512
691511
691509
691507
691506
691505
691503
691502
691500
691499
691498
691497
691496
691495
691493
691492
691488
691487
691485
691483
691481
691479
691478
691477
691476
691475
691472
691469
691468
691467
691463
691459
691456
691455
691454
691453
691452
691451
691450
691449
691448
691447
691446
691445
691444
691442
691441
691440
691421
691439
691438
691437
691436
691435
691434
691432
691431
691430
691427
691426
691396
691425
691416
691415
691414
691394
691413
691412
691411
691410
691393
691408
691407
691406
691405
691404
691395
691403
691402
691401
691400
691399
691398
691397
691392
691391
691390
691389
691388
691387
691386
691385
691384
691383
691382
691381
691380
691379
691378
691377
691376
691375
691374
691372
691371
691370
691369
691368
691367
691366
691365
691364
691363
691362
691361
691360
691359
691358
691357
691356
691355
691354
691353
691352
691351
691350
691348
691347
691346
691345
691344
691343
691342
691341
691340
691339
691337
691336
691335
691334
691333
691332
691331
691330
691329
691328
691327
691326
691325
691324
691323
691322
691321
691320
691319
691318
691317
691315
691312
691311
691310
691308
691307
691306
691305
691304
691302
691300
691297
691296
691295
691292
691291
691289
691288
691287
691286
691285
691284
691283
691281
691280
691279
691278
691277
691276
691275
691274
691273
691272
691271
691270
691269
691268
691267
691266
691265
691264
