699104
698869
698864
698867
698861
698857
698862
698865
698855
698848
698860
698859
698845
698841
698850
698847
698839
698858
698856
698868
698844
698851
698840
698849
698846
698843
699102
699101
699100
698928
698929
698822
698919
698923
698931
698920
698930
698916
698914
698922
698913
698932
698842
698978
698977
698976
698975
698974
698973
698972
698971
698970
699086
699087
699093
699149
699150
699151
699152
698924
698925
698915
699159
699158
699153
699148
699147
699146
699145
699144
699143
699142
699141
699140
699137
699135
699134
699133
699132
699130
699129
699128
699127
699126
699125
699124
699123
699122
699121
699120
699119
699131
699139
699138
699136
699118
699117
699116
699115
699114
699113
699112
699111
699110
699109
699107
699106
699105
699103
699099
699097
699096
699095
699094
699092
699091
699090
699089
699085
699084
699082
699081
699080
699079
699078
699077
699076
699075
699074
699073
699072
699071
699070
699069
699068
699067
699066
699065
699064
699063
699062
699061
699060
699059
699044
699047
699056
699058
699057
699055
699054
699053
699052
699051
699050
699049
699048
699046
699045
699043
699042
699041
699040
699039
699038
699036
699035
699034
699033
699032
698795
698796
698797
698938
699028
699029
699027
699026
699025
699024
699023
699020
699019
699018
699017
699016
699015
699014
699013
699012
699011
699010
699009
699008
699007
699006
699005
699004
699003
699002
699001
699000
698999
698998
698997
698964
698961
698960
698959
698958
698957
698956
698996
698995
698994
698993
698992
698991
698990
698989
698988
698987
698986
698985
698984
698983
698982
698981
698980
698979
698969
698967
698966
698965
698962
698955
698954
698953
698952
698951
698950
698949
698948
698947
698946
698945
698944
698943
698942
698941
698940
698939
698937
698936
698935
698934
698933
698927
698926
698918
698917
698912
698911
698910
698909
698908
698907
698906
698905
698904
698903
698902
698901
698900
698899
698898
698897
698896
698895
698894
698893
698892
698891
698890
698889
698888
698887
698886
698885
698883
698881
698880
698878
698877
698876
698875
698874
698873
698872
698871
698870
698866
698863
698854
698853
698852
698838
698837
698835
698834
698833
698832
698831
698830
698829
698828
698826
698825
698824
698823
698821
698819
698818
698815
698814
698813
698812
698811
698810
698809
698808
698807
698806
698805
698804
698802
698801
698800
698799
698798
698794
698793
698792
698791
698790
698789
698788
698787
698786
698785
698781
698780
698779
698784
698783
698782
698778
