715072
715071
715070
715013
715012
715069
715068
715172
715171
715001
715000
714994
714991
714989
714988
714996
714998
714986
714981
715085
715084
715087
715086
715083
715082
715081
715080
715079
715078
715077
715076
715075
715175
715174
714997
714995
714987
714984
715173
714999
714983
714980
714933
714934
714992
714985
714982
714979
715028
715021
715161
715163
714940
715126
715194
715193
715191
715190
715189
715188
715187
715186
715185
715184
715183
715182
715164
715162
715181
715180
715179
715178
715177
715176
715159
715170
715157
715169
715167
715166
715165
715160
715156
715158
715155
715154
715153
715152
715151
715150
715149
715148
715147
715146
715145
715144
715143
715142
715141
715140
715139
715138
715137
715136
715135
715134
715133
715132
715131
715130
715129
715128
715127
715125
715123
715122
715121
715120
715119
715118
715117
715115
715114
715113
715112
715111
715110
715109
715108
715107
715106
715105
715104
715103
715102
715095
715097
715101
715100
715096
715099
715090
715094
715093
715092
715098
715091
715089
715088
715074
715073
715066
715065
715064
715063
715062
715061
715060
715059
715058
715057
715056
715055
715053
715052
715051
715050
715048
715047
715046
715045
715044
715043
715042
715040
715039
715038
715037
715036
715034
714951
714950
715033
715032
714952
715031
715030
715029
715027
715026
715025
715024
715023
715022
715020
715019
715018
715017
715016
715015
715010
715009
715008
715007
715006
715005
715004
715003
715002
714993
714990
714949
714978
714975
714974
714973
714971
714970
714977
714976
714972
714966
714969
714964
714968
714967
714965
714963
714962
714961
714960
714959
714958
714957
714956
714955
714954
714953
714948
714947
714946
714945
714944
714943
714942
714941
714939
714938
714937
714936
714935
714932
714930
714929
714928
714927
714926
714925
714924
714923
714922
714921
714920
714919
714918
714917
714916
714915
714914
