696703
696712
696772
696700
696715
696726
696731
696927
696928
696704
696709
696943
696937
696942
696936
696912
696864
696945
696862
696870
696853
696851
696940
696935
696847
696758
696767
696770
696868
696754
696941
696857
696944
696938
696845
696752
696746
696848
696745
696852
696859
696934
696850
696869
696867
696711
696725
696751
696844
696863
696860
696750
696749
696855
696854
696861
696748
696753
696846
696766
696728
696727
696747
696744
696768
696687
696707
696773
696866
696885
696907
696958
696957
696956
696955
696954
696953
696952
696951
696950
696949
696948
696947
696946
696939
696933
696932
696931
696930
696929
696926
696925
696924
696923
696922
696921
696920
696919
696918
696917
696916
696915
696914
696913
696911
696910
696909
696908
696906
696905
696904
696903
696902
696901
696899
696898
696897
696896
696895
696894
696893
696892
696891
696890
696889
696888
696887
696886
696884
696883
696882
696881
696880
696879
696877
696876
696875
696874
696873
696872
696871
696865
696858
696856
696843
696842
696841
696840
696839
696838
696837
696836
696835
696834
696833
696832
696831
696830
696829
696828
696827
696826
696825
696824
696823
696822
696821
696820
696819
696818
696817
696816
696815
696814
696813
696812
696811
696810
696809
696808
696807
696806
696805
696804
696803
696802
696801
696800
696799
696798
696796
696795
696794
696793
696792
696791
696790
696789
696788
696787
696785
696784
696783
696782
696781
696780
696779
696778
696776
696775
696774
696771
696682
696683
696765
696764
696763
696761
696760
696759
696757
696756
696755
696743
696742
696741
696740
696739
696738
696737
696736
696735
696734
696733
696732
696730
696729
696724
696722
696721
696720
696719
696718
696717
696716
696714
696713
696710
696708
696706
696705
696702
696701
696699
696698
696697
696696
696695
696694
696693
696692
696691
696690
696689
696688
696686
696685
696684
696681
696680
696679
696678
696677
696676
