719951
719944
719943
719904
719950
719948
719942
719905
719949
719947
719939
719842
719843
719844
719976
719977
719839
719840
719841
720139
720137
720135
720132
720133
720134
720129
720128
720125
720124
719857
719860
719861
719888
719915
719952
719996
719999
720002
720003
720029
720070
720142
720141
720095
720140
720138
720136
720104
720131
720130
720123
720122
720121
720120
720119
720118
720117
720116
720115
720114
720113
720112
720111
720110
720109
720108
720107
720106
720105
720103
720102
720101
720100
720099
720098
720097
720096
720094
720093
720092
720091
720090
720089
720088
720087
720086
720085
720084
720083
720082
720081
720080
720079
720078
720077
720076
720075
720074
719955
720073
720072
719957
720071
720069
720068
720067
719961
720066
720065
720064
720062
720057
720056
720055
720054
720053
720052
720051
720050
720048
720047
720045
720044
720043
720042
720041
720040
720039
720038
720036
720035
720034
720033
720032
720031
720030
720028
720027
720026
720025
720024
720023
720022
720021
720020
720019
720018
720017
720016
720015
720014
720013
720012
720011
720010
720009
720008
720007
720006
720005
720004
720001
720000
719998
719997
719995
719994
719993
719992
719990
719989
719988
719987
719986
719985
719984
719983
719982
719981
719980
719979
719978
719975
719959
719974
719973
719972
719971
719970
719969
719968
719958
719956
719965
719964
719963
719962
719960
719954
719946
719945
719941
719940
719938
719937
719936
719935
719934
719933
719932
719931
719930
719929
719928
719927
719926
719925
719924
719923
719922
719921
719920
719919
719918
719917
719916
719914
719913
719912
719910
719909
719908
719907
719906
719903
719902
719901
719900
719899
719898
719897
719896
719895
719894
719893
719892
719890
719889
719887
719886
719885
719884
719883
719882
719881
719880
719879
719878
719877
719876
719875
719874
719873
719872
719871
719870
719869
719868
719867
719866
719865
719864
719863
719862
719858
719856
719855
719854
719853
719852
719851
719850
719849
719848
719846
719845
719838
719836
719834
719829
719828
719825
719824
