703467
703468
703500
703518
703517
703516
703515
703514
703513
703512
703511
703510
703507
703566
703565
703564
703563
703569
703562
703492
703494
703495
703506
703505
703504
703503
703502
703501
703496
703493
703491
703567
703570
703573
703571
703572
703578
703559
703555
703474
703473
703577
703557
703576
703575
703558
703556
703554
703574
703530
703531
703532
703686
703697
703698
703702
703703
703681
703673
703671
703614
703460
703459
703535
703536
703537
703580
703705
703583
703584
703653
703478
703479
703646
703714
703722
703729
703746
703465
703787
703785
703784
703782
703781
703780
703779
703778
703612
703610
703777
703776
703775
703774
703773
703772
703771
703770
703769
703768
703767
703766
703765
703764
703763
703762
703761
703760
703759
703669
703609
703758
703757
703756
703755
703754
703753
703752
703751
703750
703749
703748
703747
703674
703670
703745
703744
703742
703743
703607
703675
703741
703740
703739
703738
703737
703613
703678
703736
703735
703734
703733
703732
703731
703730
703728
703727
703725
703724
703723
703721
703719
703718
703717
703716
703715
703713
703712
703711
703710
703709
703708
703707
703704
703701
703700
703699
703696
703694
703692
703691
703695
703693
703690
703689
703688
703687
703685
703684
703683
703682
703680
703679
703677
703676
703672
703668
703667
703665
703664
703663
703662
703661
703660
703658
703657
703656
703655
703654
703652
703651
703650
703649
703648
703647
703645
703644
703608
703615
703643
703642
703641
703640
703639
703638
703637
703636
703635
703634
703633
703632
703631
703630
703629
703628
703627
703626
703625
703624
703623
703622
703621
703620
703619
703618
703617
703616
703611
703605
703604
703603
703602
703601
703600
703599
703598
703597
703596
703595
703594
703593
703592
703591
703590
703589
703588
703587
703586
703585
703582
703581
703579
703568
703560
703553
703552
703551
703550
703549
703548
703546
703545
703544
703543
703542
703541
703540
703539
703538
703534
703533
703529
703527
703526
703525
703524
703523
703522
703521
703520
703519
703509
703508
703499
703498
703497
703490
703489
703488
703487
703486
703485
703484
703483
703482
703481
703480
703475
703472
703471
703470
703469
703466
703464
703463
703462
703461
703458
