691031
691183
691009
691179
691177
691016
691021
691182
691178
691002
690999
690995
691011
690973
690997
690994
690986
690983
690980
690998
691003
690985
690996
690982
690993
690979
691000
690984
690981
691017
691023
691001
691013
691022
691010
690992
691012
691030
690951
690977
691165
691057
691052
691094
691049
691053
691054
691051
691050
691056
691055
691014
691263
691262
691261
691260
691259
691258
691257
691256
691255
691254
691253
691252
691251
691248
691247
691250
691249
691048
691246
691245
691244
691243
691242
691241
691240
691239
691238
691237
691236
691235
691234
691233
691232
690965
691231
691230
691229
691228
691227
691226
691225
691224
691223
691222
691221
691220
691219
691218
691217
691216
691215
691214
691213
691212
691211
691210
691209
691208
691111
691110
691207
691206
691205
691204
691203
691202
691201
691200
691199
691198
691197
691196
691195
691194
691193
691192
691191
691190
691189
691184
691185
691186
691187
691188
691181
691112
691176
691175
691174
691173
691172
691171
691170
691169
691168
691167
691166
691164
691163
691109
691162
691161
691160
691159
691158
691157
691155
691154
691153
691152
691151
691150
691149
691147
691146
691145
691144
691142
691143
691121
691120
691141
691140
691139
691138
691137
691136
691135
691134
691133
691132
691131
691130
691129
691128
691127
691126
691125
691124
691123
691122
691119
691118
691117
691116
691115
691114
691113
691108
691107
691106
691105
691104
691103
691102
691101
691100
691099
691098
691097
691096
691095
691093
691092
691091
691090
691089
691085
691083
691082
691081
691080
691079
691078
691077
691076
691075
691074
691073
691072
691071
691070
691069
691068
691067
691066
691065
691064
691063
691062
691061
691059
691058
691047
691046
691045
691044
691043
691042
691041
691040
691039
691038
691037
691035
691034
691033
691032
691029
691028
691026
691024
691019
691018
691008
691007
691006
691005
691004
690991
690990
690989
690988
690978
690976
690975
690974
690972
690971
690970
690969
690968
690967
690966
690964
690963
690962
690961
690960
690959
690958
690957
690956
690955
690954
690953
690952
690950
690949
690948
690947
690946
690945
690943
690942
690941
690940
690939
