717391
717396
717398
717397
717393
717395
717310
717311
717312
717411
717413
717464
717463
717462
717461
717460
717459
717458
717457
717456
717455
717454
717453
717452
717451
717450
717449
717448
717446
717445
717444
717443
717442
717441
717440
717439
717438
717437
717434
717433
717432
717431
717430
717429
717428
717427
717426
717425
717424
717423
717422
717421
717420
717419
717418
717417
717416
717415
717414
717412
717410
717409
717408
717407
717406
717405
717404
717403
717402
717401
717400
717399
717394
717392
717390
717389
717383
717388
717387
717386
717385
717381
717380
717384
717379
717378
717377
717376
717375
717374
717373
717372
717371
717370
717369
717368
717367
717366
717365
717364
717363
717362
717361
717360
717359
717358
717357
717356
717355
717354
717353
717352
717351
717350
717349
717348
717347
717346
717345
717344
717343
717342
717341
717340
717339
717338
717337
717336
717335
717334
717333
717332
717331
717330
717329
717328
717327
717326
717325
717324
717323
717322
717321
717320
717319
717318
717316
717315
717314
717313
717309
717308
717307
717306
717305
717304
717303
717302
717301
717300
717299
717298
717297
717296
717295
717294
717293
717292
717291
717290
717289
717288
717287
717286
717285
717283
717282
717281
717279
717278
717277
717276
717275
717274
717273
717272
717271
717270
717269
717268
717267
717266
717264
717262
717261
717260
717259
717258
717257
717256
717255
717254
717253
717252
717251
717250
717249
717248
717247
717246
717245
717244
717243
717242
717241
717240
717239
717238
717237
717236
717235
717234
717231
717230
717229
717228
717227
717226
717225
717224
717223
717222
717221
717220
717219
717218
717217
717216
717215
717214
717213
717212
717211
717209
717208
717207
717206
717205
