703860
703859
703861
703949
703946
703930
703950
704037
703931
703943
703929
703948
703945
703944
703928
703951
703927
703875
703870
703866
703874
703872
703867
704064
704083
704101
704118
704135
704009
704008
704007
704006
704005
703827
703828
703829
703830
703831
703832
703833
703834
703835
703837
703838
703839
703840
703841
703842
703843
703851
703850
703849
703848
703847
703846
703845
703844
703801
703800
703798
703797
704154
704153
704152
704151
704150
704149
704148
704147
704146
704145
704144
704143
704142
704141
704140
704139
704138
704137
704129
704136
704131
704130
704134
704133
704132
704127
704128
704126
704125
704124
704123
704122
704121
704120
704117
704116
704115
704114
704112
704111
704110
704108
704107
704106
704105
704104
704103
704102
704100
704099
704098
704097
704096
704095
704094
704093
704092
704091
704090
704089
704088
704087
704086
704085
704084
704082
704081
704080
704041
704079
704078
704077
704076
704075
704074
704072
704070
704069
704068
704067
704066
704065
704061
704060
704059
704058
704057
704056
704055
704054
704053
704052
704051
704050
704049
704048
704047
704046
704045
704044
704043
704042
704040
704039
704038
704036
704035
704034
704033
704032
704031
703854
703864
703901
703972
703977
703994
704002
704012
704030
704029
704028
704027
704026
704025
704024
704023
704022
704021
704020
704019
704018
704017
704016
704015
704014
704013
704011
704010
704004
704003
704001
704000
703999
703998
703997
703995
703993
703992
703991
703990
703989
703988
703987
703986
703985
703984
703983
703982
703981
703980
703979
703978
703976
703975
703974
703973
703970
703969
703968
703967
703966
703965
703964
703963
703962
703961
703960
703959
703958
703956
703955
703953
703952
703947
703942
703941
703940
703939
703938
703937
703936
703935
703934
703933
703932
703926
703925
703924
703923
703921
703920
703919
703918
703917
703916
703915
703914
703913
703912
703911
703910
703909
703908
703907
703906
703905
703903
703902
703899
703898
703897
703896
703895
703894
703893
703892
703891
703890
703889
703888
703887
703886
703885
703884
703883
703882
703881
703880
703879
703878
703877
703876
703873
703871
703869
703862
703865
703868
703863
703857
703856
703855
703853
703852
703818
703823
703824
703822
703821
703820
703819
703793
703814
703817
703813
703812
703826
703825
703795
703808
703809
703815
703811
703810
703816
703807
703806
703805
703794
703803
703802
703792
703791
703836
703804
703799
703796
703790
703789
