697270
697052
697048
697273
697040
697034
697032
697030
697019
697024
697050
697037
697020
697265
697051
697041
697036
697023
697031
697029
697021
697049
697025
697227
697250
697249
697070
697071
697079
697156
697158
697159
697225
697042
697083
697207
697211
697224
697210
697201
697212
697200
697086
697202
697082
697084
697203
697080
697284
697283
697282
697281
697280
697279
697278
697277
697275
697274
697078
697272
697271
697269
697268
697267
697266
697264
697263
697081
697262
697261
697260
697259
697258
697257
697256
697255
697254
697253
697252
697251
697248
697247
697246
697245
697243
697242
697241
697240
697239
697238
697237
697236
697235
697234
697233
697232
697231
697230
697229
697228
697226
697223
697222
697221
697220
697219
697218
697217
697216
697215
697214
697208
697206
697205
697204
697199
697198
697196
697195
697194
697088
697192
697191
697190
697188
697187
697186
697185
697184
697183
697182
697181
697180
697179
697178
697177
697175
697174
697173
697172
697171
697170
697169
697167
697166
697165
697164
697163
697162
697161
697160
697157
697155
697154
697153
697152
697150
697149
697148
697147
697146
697145
697144
697142
697141
697140
697139
697138
697137
697136
697135
697134
697133
697087
697085
697132
697131
697130
697129
697128
697127
697126
697125
697124
697123
697122
697121
697120
697119
697118
697117
697116
697115
697114
697113
697112
697111
697110
697109
697108
697107
697106
697105
697104
697103
697102
697101
697100
697099
697098
697097
697096
697095
697094
697093
697092
697091
697090
697089
697077
697076
697075
697074
697073
697072
697069
697068
697067
697066
697065
697063
697062
697061
697060
697059
697058
697057
697056
697055
697054
697053
697047
697046
697045
697044
697043
697038
697035
697033
697028
697027
697026
697022
697017
697016
697015
697014
697013
697012
697011
697010
697009
697008
697007
697006
697005
697004
697003
697002
697001
697000
696999
696998
696997
696996
696995
696994
696993
696992
696991
696990
696989
696988
696985
696984
696982
696981
696980
696979
696978
696977
696976
696975
696974
696973
696972
696971
696970
696969
696968
696967
696966
696965
696964
696962
696961
696960
696959
