692328
692331
692089
692327
692171
692172
692173
692174
692175
692176
692177
692178
692179
692180
692181
692182
692183
692184
692185
692186
692187
692188
692189
692190
692053
692295
692334
692335
692369
692413
692435
692481
692522
692577
692201
692200
692199
692198
692197
692196
692195
692194
692193
692191
692579
692578
692533
692532
692202
692203
692204
692205
692206
692207
692209
692210
692211
692212
692213
692222
692223
692226
692227
692512
692513
692252
692219
692169
692167
692165
692160
692159
692158
692157
692156
692155
692154
692153
692152
692151
692150
692149
692148
692147
692146
692145
692143
692142
692141
692140
692139
692138
692135
692134
692133
692132
692130
692129
692128
692127
692514
692225
692239
692271
692288
692251
692580
692287
692248
692286
692221
692265
692232
692296
692270
692269
692268
692267
692266
692264
692263
692262
692261
692260
692259
692258
692255
692254
692246
692245
692244
692242
692241
692240
692238
692237
692236
692235
692234
692231
692230
692229
692228
692243
692282
692283
692291
692407
692406
692408
692392
692393
692399
692400
692401
692402
692403
692405
692404
692398
692397
692396
692395
692391
692591
692590
692589
692588
692587
692586
692585
692279
692276
692584
692583
692582
692581
692576
692575
692574
692573
692572
692571
692570
692569
692568
692567
692566
692565
692285
692563
692562
692558
692556
692555
692554
692553
692552
692551
692550
692549
692548
692547
692546
692249
692220
692544
692542
692540
692539
692537
692536
692535
692534
692530
692529
692528
692527
692526
692525
692524
692523
692521
692520
692476
692480
692479
692519
692518
692517
692516
692515
692478
692511
692477
692485
692486
692487
692488
692489
692490
692491
692492
692493
692494
692495
692510
692497
692499
692501
692509
692508
692507
692506
692505
692504
692503
692502
692500
692498
692496
692472
692468
692484
692475
692483
692482
692474
692471
692470
692469
692467
692466
692465
692464
692463
692462
692461
692460
692459
692458
692457
692456
692455
692454
692453
692452
692451
692450
692449
692448
692447
692446
692444
692441
692440
692439
692438
692437
692436
692274
692273
692432
692431
692429
692428
692427
692426
692425
692424
692423
692422
692421
692420
692419
692418
692417
692416
692415
692414
692412
692411
692410
692409
692390
692389
692388
692387
692386
692385
692384
692383
692382
692381
692380
692379
692378
692377
692376
692375
692374
692373
692372
692371
692370
692368
692367
692366
692365
692364
692363
692362
692361
692360
692359
692358
692357
692356
692354
692353
692351
692350
692349
692348
692347
692346
692345
692344
692343
692284
692342
692341
692340
692339
692338
692337
692336
692333
692332
692330
692329
692325
692324
692323
692322
692321
692320
692319
692318
692317
692316
692315
692314
692313
692312
692311
692310
692309
692308
692307
692306
692305
692304
692303
692302
692301
692300
692299
692298
692297
692123
692122
692294
692293
692292
692290
692289
692281
692280
692275
692272
692257
692256
692253
692250
692247
692233
692224
692217
692218
692216
692215
692214
692126
692124
692192
692170
692168
692166
692164
692162
692144
692137
692136
692125
692121
692120
692119
692118
692117
692116
692115
692114
692113
692095
692094
692093
692112
692099
692100
692101
692102
692103
692105
692107
692111
692110
692109
692108
692106
692104
692097
692096
692092
692091
692090
692088
692087
692086
692085
692083
692082
692081
692080
692079
692078
692077
692076
692075
692074
692073
692071
692070
692069
692068
692067
692066
692065
692064
692063
692062
692061
692060
692059
692057
692056
692055
692054
692052
692051
692050
692049
692048
692047
