707089
707088
707081
707077
707075
707074
707069
707065
707374
707373
707372
707371
707370
707123
707119
707121
707117
707115
707098
707122
707120
707095
707093
707091
707381
707100
707097
707063
707053
707052
707118
707116
707114
707050
707096
707092
707094
707099
707090
707364
707352
707366
707365
707363
707362
707360
707359
707358
707356
707357
707355
707361
707354
707353
707351
707350
707349
707348
707347
707226
707231
707251
707281
707300
707308
707323
707238
707239
707241
707242
707243
707244
707245
707246
707247
707248
707249
707250
707252
707253
707254
707255
707256
707257
707258
707259
707260
706981
706982
706983
706987
706988
706995
707030
707132
707154
707168
707337
707369
707261
707263
707264
707265
707266
707267
707268
707269
707270
707271
707272
707273
707274
707275
707276
707277
707278
707279
707282
707283
707207
707208
707212
707213
707306
707304
707303
707302
707301
707299
707298
707296
707295
707294
707293
707292
707291
707290
707289
707288
707287
707286
707285
707284
707342
707340
707339
707338
707336
707335
707334
707333
707332
707330
707329
707328
707327
707326
707325
707324
707322
707321
707319
707318
707317
707316
707315
707314
707313
707312
707311
707310
707309
707307
707223
707224
707230
707225
707229
707227
707235
707234
707233
707232
707236
707237
707222
707380
707393
707392
707391
707390
707389
707388
707387
707386
707385
707384
707382
707379
707378
707377
707376
707375
707368
707367
707072
707067
707346
707345
707344
707343
707341
707331
707320
707305
707297
707280
707240
707228
707221
707220
707219
707218
707217
707216
707215
707214
707211
707210
707209
707205
707204
707203
707202
707201
707199
707196
707195
707194
707193
707192
707191
707190
707189
707188
707187
707186
707185
707183
707182
707181
707180
707179
707178
707177
707176
707175
707174
707173
707172
707171
707170
707169
707167
707166
707165
707163
707162
707161
707160
707159
707158
707157
707156
707070
707155
707153
707152
707151
707150
707149
707148
707147
707146
707145
707144
707143
707142
707141
707140
707139
707137
707136
707135
707133
707131
707130
707129
707128
707127
707126
707125
707124
707113
707111
707110
707109
707108
707107
707106
707105
707104
707103
707102
707101
707068
707071
707087
707086
707085
707084
707083
707082
707080
707079
707078
707076
707073
707066
707064
707062
707061
707060
707059
707058
707057
707056
707055
707054
707051
707049
707048
707047
707046
707045
707044
707043
707042
707041
707040
707039
707038
707037
707036
707035
707034
707033
707032
707031
707029
707028
707027
707026
707025
707024
707023
707022
707021
707020
707019
707018
707017
707016
707015
707014
707013
707012
707011
707010
707009
707008
707007
707006
707005
707004
707003
707002
707001
707000
706999
706998
706997
706996
706994
706993
706992
706989
706986
706985
706980
706979
706978
706977
706976
706975
706974
