706476
706347
706350
706353
706349
706352
706343
706345
706346
706525
706457
706477
706531
706454
706482
706470
706465
706464
706440
706448
706452
706659
706656
706654
706653
706652
706650
706461
706329
706358
706359
706360
706361
706369
706370
706371
706391
706420
706475
706517
706518
706520
706560
706565
706567
706568
706569
706570
706571
706573
706574
706589
706620
706640
706647
706649
706351
706651
706655
706658
706657
706648
706472
706675
706674
706673
706672
706671
706669
706668
706667
706666
706665
706664
706663
706662
706661
706384
706660
706646
706645
706644
706643
706642
706641
706639
706638
706637
706635
706634
706633
706632
706631
706630
706629
706628
706627
706626
706625
706618
706617
706621
706624
706623
706622
706619
706616
706615
706614
706613
706612
706611
706610
706609
706608
706607
706606
706605
706604
706603
706602
706601
706600
706599
706598
706597
706596
706594
706593
706592
706591
706590
706588
706363
706587
706585
706584
706583
706582
706581
706580
706579
706578
706577
706576
706575
706572
706566
706564
706562
706559
706558
706557
706556
706555
706554
706553
706552
706551
706550
706549
706548
706547
706546
706545
706544
706543
706542
706541
706540
706539
706538
706537
706536
706535
706534
706533
706532
706530
706529
706528
706527
706526
706524
706522
706521
706519
706516
706515
706513
706512
706511
706510
706509
706508
706507
706506
706505
706504
706503
706502
706501
706500
706499
706498
706497
706496
706495
706494
706493
706492
706491
706490
706489
706488
706487
706485
706484
706483
706481
706478
706473
706471
706469
706468
706467
706462
706460
706459
706456
706455
706453
706451
706450
706447
706446
706443
706442
706441
706439
706438
706436
706435
706434
706433
706431
706430
706429
706428
706427
706426
706425
706424
706423
706422
706419
706418
706417
706416
706415
706414
706413
706412
706411
706410
706409
706408
706407
706406
706405
706404
706402
706401
706400
706399
706398
706397
706396
706395
706394
706393
706392
706390
706389
706388
706387
706385
706383
706382
706381
706380
706379
706378
706377
706376
706375
706374
706373
706372
706368
706367
706366
706365
706364
706362
706357
706356
706355
706354
706344
706342
706340
706339
706338
706337
706335
706334
706331
706330
