710648
710644
710649
710646
710651
710902
710892
710883
710874
710882
710903
710875
710872
710890
710871
710885
710901
710870
710738
710881
710632
710771
710888
710893
710873
710762
710615
710808
710803
710800
710797
710795
710789
710806
710791
710721
710751
710746
710798
710805
710592
710593
710596
710594
710595
710590
710589
710591
710588
710587
710586
710601
710598
710600
710602
710599
710597
710610
710609
710611
710608
710607
710712
710755
710753
710748
710760
710807
710802
710804
710744
710757
710801
710799
710796
710792
710790
710745
710758
710725
710715
710921
710920
710919
710918
710917
710916
710915
710914
710913
710912
710911
710909
710908
710907
710906
710905
710904
710900
710899
710898
710897
710896
710895
710894
710891
710889
710887
710886
710884
710880
710879
710878
710876
710752
710750
710749
710747
710869
710868
710866
710865
710867
710864
710863
710862
710861
710860
710859
710858
710857
710844
710856
710855
710853
710852
710851
710850
710849
710848
710847
710846
710845
710843
710842
710841
710839
710838
710836
710835
710834
710833
710832
710831
710830
710829
710828
710827
710826
710825
710824
710823
710822
710821
710820
710818
710817
710816
710815
710814
710813
710812
710811
710810
710722
710809
710711
710794
710793
710788
710787
710786
710780
710779
710783
710782
710781
710777
710778
710776
710775
710774
710773
710772
710770
710769
710768
710767
710766
710765
710764
710763
710761
710759
710756
710754
710743
710742
710741
710740
710739
710737
710736
710735
710734
710733
710732
710731
710730
710729
710728
710727
710726
710724
710723
710720
710719
710718
710716
710714
710713
710710
710709
710708
710707
710706
710705
710704
710703
710702
710701
710700
710699
710698
710697
710696
710695
710694
710693
710692
710691
710690
710689
710688
710687
710686
710685
710684
710683
710682
710681
710680
710679
710678
710677
710676
710675
710674
710673
710672
710671
710670
710669
710668
710666
710665
710664
710663
710662
710661
710660
710659
710658
710657
710656
710653
710652
710650
710647
710645
710642
710641
710640
710639
710637
710636
710635
710634
710633
710631
710630
710629
710628
710627
710626
710625
710624
710623
710622
710621
710620
710619
710618
710617
710616
710614
710613
710612
710606
710605
710604
710603
