703080
703102
703101
703100
703099
703098
703097
703096
703095
702973
702913
702914
702915
702994
703063
703066
703075
702999
703008
703031
703055
702971
702970
702969
702968
702967
703123
703122
703121
703120
703119
703118
703117
703116
703115
703114
703113
703112
703111
703110
703109
703108
703107
703104
703103
703094
703093
703092
703091
703090
703089
703088
703087
703086
703085
703084
703083
703082
703079
703078
703077
703076
703074
703073
703072
703071
703069
703068
703067
703065
703064
703062
703061
703060
703059
703058
703057
703056
703054
703053
703052
703050
703049
703048
703046
703045
703044
703041
703040
703039
703038
703037
703036
703035
703034
703033
703032
703030
703029
703028
703027
703026
703023
703022
703020
703019
703018
703017
703016
703015
703014
703013
703012
703011
703010
703009
703007
703006
703005
703004
703003
703002
703001
703000
702998
702997
702995
702993
702992
702991
702990
702989
702986
702987
702985
702984
702983
702982
702981
702980
702979
702978
702977
702975
702974
702972
702902
702966
702965
702964
702963
702962
702961
702960
702959
702958
702957
702956
702955
702954
702953
702952
702951
702950
702949
702948
702947
702946
702945
702944
702943
702942
702941
702940
702939
702938
702937
702936
702935
702934
702933
702932
702931
702930
702929
702928
702927
702926
702925
702924
702923
702922
702921
702920
702919
702918
702916
702911
702910
702909
702907
702904
702903
702901
702900
702899
702898
702881
702882
702897
702896
702895
702894
702893
702892
702891
702890
702889
702888
702887
702886
702885
702884
702883
702880
