712748
712755
712754
712753
712750
712751
712749
712756
712752
712747
712746
712745
712744
712743
713002
713005
713000
712850
712844
712835
712839
712847
712854
712853
712837
713004
712852
712849
712838
713003
712845
712836
712833
713034
712982
712910
712913
712907
712912
712914
712917
712993
712989
712991
712992
712908
712911
712916
713023
713024
713025
713026
713027
713028
713035
713036
713038
712988
712909
712918
712919
712915
712986
712990
713043
713042
713041
713040
713039
713037
713033
713032
713031
713030
713029
713022
713021
712759
712856
712934
713020
713019
713018
713017
713016
713015
713014
713013
713012
713011
713010
713009
713008
713007
713006
713001
712999
712998
712997
712996
712995
712994
712987
712985
712983
712981
712980
712979
712978
712977
712976
712975
712974
712973
712972
712971
712970
712969
712968
712967
712966
712965
712964
712957
712959
712961
712962
712963
712960
712958
712956
712955
712954
712953
712952
712951
712950
712949
712948
712947
712946
712945
712944
712943
712942
712941
712940
712939
712937
712936
712935
712933
712932
712870
712869
712931
712930
712929
712928
712868
712867
712927
712926
712925
712924
712923
712922
712921
712920
712906
712905
712904
712903
712902
712901
712900
712899
712898
712897
712896
712895
712894
712892
712891
712890
712889
712888
712887
712886
712884
712883
712882
712881
712880
712879
712878
712877
712876
712875
712874
712873
712872
712871
712865
712864
712863
712862
712861
712860
712859
712858
712857
712855
712851
712848
712846
712843
712842
712841
712840
712834
712832
712831
712830
712829
712828
712827
712826
712825
712824
712823
712822
712821
712820
712819
712818
712817
712816
712815
712814
712813
712812
712811
712810
712809
712808
712807
712805
712804
712803
712802
712801
712800
712799
712798
712797
712796
712794
712793
712792
712791
712790
712789
712788
712787
712786
712785
712784
712783
712779
712778
712777
712776
712775
712774
712773
712772
712771
712770
712769
712768
712767
712766
712765
712764
712763
712762
712761
712760
712758
712757
