698205
698199
698202
698196
698188
698197
698200
698181
698165
698171
698174
698156
698138
698149
698150
698172
698137
698142
698148
698158
698108
698201
698204
698198
698164
698136
698195
698139
698140
698157
698311
698314
698313
698208
698312
698304
698303
698302
698093
698211
698345
698266
698209
698210
698364
698363
698371
698073
698074
698105
698118
698122
698185
698187
698227
698246
698247
698260
698320
698321
698354
698367
698370
698376
698386
698102
698090
698100
698301
698299
698309
698310
698308
698091
698307
698300
698098
698305
698315
698390
698389
698388
698387
698385
698384
698383
698380
698379
698343
698342
698346
698344
698378
698377
698375
698374
698373
698372
698369
698368
698366
698365
698362
698361
698360
698359
698355
698358
698357
698356
698353
698352
698351
698350
698349
698348
698341
698340
698339
698338
698337
698336
698335
698333
698332
698331
698330
698329
698326
698327
698328
698325
698324
698323
698322
698319
698318
698317
698316
698089
698306
698265
698270
698272
698298
698297
698296
698295
698294
698293
698292
698291
698290
698289
698288
698287
698286
698285
698284
698283
698281
698280
698279
698277
698276
698275
698271
698274
698273
698269
698268
698267
698264
698263
698261
698259
698258
698257
698256
698255
698254
698253
698252
698251
698249
698248
698245
698244
698243
698242
698241
698240
698239
698238
698237
698236
698235
698234
698233
698231
698229
698228
698226
698225
698224
698223
698222
698221
698220
698219
698218
698217
698216
698215
698214
698213
698212
698207
698206
698194
698193
698192
698191
698190
698189
698186
698184
698183
698182
698180
698179
698178
698177
698176
698175
698173
698170
698169
698168
698167
698166
698163
698162
698161
698160
698159
698155
698154
698153
698152
698151
698147
698146
698145
698144
698143
698088
698097
698141
698135
698134
698133
698132
698131
698130
698129
698128
698127
698096
698101
698126
698125
698124
698123
698121
698120
698119
698117
698116
698115
698114
698113
698112
698111
698110
698109
698106
698104
698103
698099
698095
698087
698086
698085
698083
698082
698081
698080
698079
698078
698077
698076
698072
698071
698069
698067
698066
698065
698064
698063
698062
698061
698059
698058
698057
698056
698055
698054
698052
698050
698049
698047
698046
698045
698044
698043
698042
698041
698040
698039
698038
698037
698036
698035
698034
698033
698032
698031
698030
698029
698028
698027
698026
698025
698024
698023
698022
698021
698020
698018
698017
698016
698015
698012
698011
698010
698009
698008
698007
698006
698005
698004
698003
698002
698001
698000
