700344
700727
700404
700738
700401
700717
700710
700504
700524
700450
700446
700443
700439
700713
700722
700523
700503
700721
700733
700520
700683
700442
700716
700711
700441
700445
700449
700448
700397
700398
700387
700384
700385
700382
700383
700381
700379
700377
700376
700374
700369
700373
700368
700367
700366
700365
700364
700363
700362
700361
700360
700359
700358
700357
700356
700354
700353
700352
700351
700350
700349
700348
700347
700346
700343
700342
700341
700340
700338
700337
700336
700521
700522
700335
700334
700333
700332
700330
700329
700328
700327
700326
700325
700324
700323
700321
700320
700318
700317
700316
700315
700314
700313
700311
700310
700309
700308
700307
700305
700303
700302
700301
700300
700299
700298
700297
700295
700294
700293
700292
700291
700289
700288
700286
700285
700284
700283
700599
700598
700597
700596
700396
700395
700394
700393
700392
700391
700390
700389
700388
700386
700380
700378
700375
700372
700370
700547
700544
700550
700548
700425
700424
700423
700421
700420
700418
700417
700415
700414
700467
700475
700510
700551
700647
700654
700655
700657
700705
700730
700751
700756
700661
700662
700663
700665
700668
700669
700670
700672
700673
700674
700675
700676
700677
700678
700679
700680
700681
700682
700797
700796
700795
700794
700793
700792
700791
700790
700789
700788
700787
700786
700785
700784
700783
700782
700781
700780
700779
700778
700777
700776
700775
700774
700773
700772
700771
700770
700769
700768
700765
700763
700762
700761
700760
700759
700758
700757
700546
700545
700755
700754
700753
700752
700750
700749
700748
700747
700746
700745
700744
700742
700741
700740
700595
700594
700593
700592
700586
700589
700587
700585
700584
700583
700582
700739
700737
700736
700735
700734
700732
700731
700729
700728
700726
700725
700724
700698
700694
700723
700720
700719
700718
700715
700403
700714
700712
700709
700696
700708
700707
700706
700704
700703
700699
700695
700702
700701
700700
700697
700693
700692
700691
700690
700689
700688
700687
700686
700685
700684
700671
700667
700666
700664
700660
700659
700658
700656
700652
700651
700650
700648
700646
700645
700644
700643
700642
700641
700639
700638
700637
700636
700635
700634
700633
700632
700631
700630
700629
700628
700627
700626
700625
700624
700623
700622
700621
700618
700616
700615
700614
700613
700612
700609
700608
700611
700610
700607
700506
700604
700603
700602
700601
700600
700591
700588
700581
700580
700579
700578
700577
700576
700575
700574
700573
700572
700571
700569
700568
700567
700566
700565
700564
700563
700562
700561
700560
700559
700558
700557
700556
700555
700554
700553
700552
700543
700542
700541
700540
700539
700538
700537
700536
700535
700534
700533
700532
700531
700530
700529
700528
700527
700526
700525
700519
700518
700516
700515
700514
700513
700512
700511
700505
700502
700501
700500
700499
700498
700496
700495
700494
700493
700492
700491
700490
700489
700488
700487
700486
700485
700484
700483
700482
700481
700480
700479
700478
700477
700476
700474
700473
700472
700471
700470
700469
700468
700466
700465
700464
700462
700461
700458
700457
700456
700455
700454
700453
700452
700451
700444
700440
700438
700437
700436
700435
700434
700433
700432
700431
700430
700429
700426
700428
700427
700419
700413
700412
700411
700410
700409
700408
700407
700406
700405
700402
700400
700399
700355
700345
700339
700331
700322
700319
700312
700306
700304
700296
700290
700287
700282
700281
700280
700279
700278
700277
700276
700275
700274
