705570
705572
705569
705573
705571
705566
705565
705568
705567
705564
705548
705560
705561
705559
705558
705540
705557
705556
705555
705550
705551
705552
705553
705554
705536
705543
705542
705534
705547
705546
705545
705549
705544
705541
705532
705538
705537
705518
705530
705531
705533
705539
705535
705528
705519
705516
705527
705522
705521
705529
705526
705525
705524
705523
705520
705515
705517
705508
705514
705513
705512
705511
705510
705509
705507
705490
705494
705496
705481
705501
705502
705503
705505
705500
705499
705497
705493
705491
705482
705488
705486
705487
705480
705489
705479
705478
705477
705476
705474
705445
705472
705467
705465
705470
705468
705466
705463
705462
705461
705460
705459
705458
705456
705452
705450
705449
705448
705446
705457
705454
705453
705451
705447
705337
705339
705355
705344
705341
705347
705346
705335
705333
705326
705304
705444
705443
705442
705441
705440
705437
705438
705424
705423
705436
705435
705434
705433
705426
705425
705432
705431
705430
705429
705428
705427
705420
705422
705416
705415
705413
705412
705417
705421
705418
705408
705405
705419
705414
705411
705409
705352
705349
705353
705343
705342
705338
705332
705308
705302
705200
705190
705351
705348
705345
705340
705329
705334
705187
705183
705330
705327
705336
705181
705185
705179
705307
705301
705178
705157
705153
705177
705201
705150
705146
705404
705403
705401
705402
705382
705384
705400
705391
705385
705387
705399
705398
705397
705396
705395
705394
705393
705392
705389
705388
705386
705383
705143
705136
705131
705128
705122
705189
705184
705135
705148
705133
705381
705380
705379
705378
705376
705377
705375
705374
705373
705372
705371
705370
705369
705368
705367
705366
705365
705364
705363
705362
705361
705360
705359
705155
705152
705306
705298
705197
705188
705182
705132
705130
705127
705123
705180
705176
705149
705156
705154
705145
705151
705144
705129
705126
705121
705141
705083
705096
705098
705117
705215
705295
705300
705586
705585
705584
705583
705582
705581
705580
705579
705578
705577
705576
705575
705574
705563
705562
705506
705504
705498
705495
705492
705485
705484
705483
705475
705473
705471
705464
705455
705439
705410
705407
705406
705390
705358
705357
705356
705354
705350
705328
705325
705324
705323
705322
705321
705320
705319
705318
705317
705316
705315
705314
705313
705312
705311
705310
705309
705305
705297
705296
705294
705292
705290
705289
705288
705287
705286
705282
705281
705280
705279
705278
705275
705274
705273
705272
705271
705270
705269
705268
705267
705266
705265
705264
705263
705262
705261
705260
705259
705258
705257
705256
705255
705254
705253
705252
705251
705250
705249
705248
705247
705246
705245
705243
705242
705241
705240
705239
705238
705237
705236
705235
705234
705233
705232
705231
705230
705229
705228
705227
705226
705225
705224
705223
705222
705221
705220
705219
705218
705217
705216
705214
705213
705212
705211
705210
705209
705207
705206
705205
705204
705203
705202
705199
705198
705195
705194
705193
705192
705191
705186
705175
705174
705173
705172
705171
705170
705169
705168
705167
705166
705163
705162
705161
705160
705159
705158
705147
705140
705139
705142
705138
705137
705134
705125
705124
705120
705119
705118
705116
705115
705114
705113
705112
705110
705109
705108
705107
705106
705105
705104
705103
705102
705100
705097
705095
705094
705093
705092
705091
705090
705089
705088
705087
705086
705085
705084
705056
705058
705060
705061
705062
705078
705082
705081
705080
705077
705076
705075
705074
705073
705072
705059
705057
705054
