689853
689854
689855
689856
689857
689858
689859
689860
689861
689862
689863
689864
689865
689867
689868
689869
689870
689871
689872
689873
689874
689875
689876
689877
689878
689879
689880
689881
689882
689883
689884
689885
689886
689887
689888
689889
689890
689891
689892
689893
689894
689895
689896
689897
689898
689899
689901
689902
689903
689904
689905
689906
689907
689908
689909
689910
689912
689913
689914
689849
689848
689847
689812
689576
689593
689595
689685
689734
689740
689743
689782
689850
689600
689601
689602
689599
689598
689597
689596
689930
689929
689928
689927
689926
689925
689924
689923
689922
689921
689920
689919
689917
689916
689915
689911
689900
689866
689852
689851
689846
689845
689844
689843
689842
689841
689840
689839
689838
689836
689835
689834
689833
689832
689831
689830
689828
689826
689825
689824
689823
689822
689821
689820
689819
689818
689817
689816
689815
689814
689811
689810
689809
689808
689807
689806
689592
689591
689590
689805
689803
689802
689801
689800
689799
689798
689797
689796
689795
689794
689793
689792
689791
689790
689789
689787
689786
689785
689784
689783
689781
689780
689779
689777
689776
689775
689774
689773
689772
689771
689770
689769
689767
689766
689765
689764
689763
689762
689761
689760
689758
689757
689756
689755
689754
689753
689752
689751
689750
689749
689748
689747
689746
689745
689744
689742
689741
689739
689738
689737
689736
689735
689733
689589
689588
689587
689586
689731
689730
689729
689728
689727
689726
689725
689724
689722
689720
689719
689718
689717
689716
689715
689713
689710
689712
689711
689709
689708
689707
689706
689705
689704
689703
689702
689701
689700
689699
689698
689697
689696
689695
689693
689692
689690
689689
689688
689687
689686
689684
689683
689682
689681
689680
689679
689678
689677
689676
689675
689674
689673
689672
689671
689670
689669
689668
689667
689666
689665
689664
689662
689661
689660
689657
689656
689655
689654
689652
689651
689650
689648
689647
689646
689645
689643
689642
689640
689639
689637
689636
689635
689634
689633
689631
689632
689583
689582
689581
689630
689629
689628
689627
689626
689625
689624
689623
689622
689621
689620
689619
689618
689617
689616
689615
689614
689613
689612
689611
689609
689608
689607
689606
689605
689604
689603
689594
689585
689584
689580
689579
689578
689577
689575
689574
