922369
922370
922911
922863
922862
922860
922859
922858
922857
922855
922854
922853
922852
922792
922791
922790
922789
922787
922566
922565
922509
922508
922506
922503
922523
922522
922837
922842
922832
922838
922834
922826
922828
922827
922849
922685
922836
922833
922521
922520
922519
922518
922769
922762
922759
922835
922831
922765
922758
922749
922739
922681
922686
922684
922825
922689
922683
922678
922752
922635
922489
922744
922742
922690
922677
922680
922668
922663
922662
922760
922763
922748
922688
922682
922676
922633
922488
922570
922569
922502
922501
922498
922443
922442
922441
922440
922439
922687
922679
922673
922654
922652
922661
922665
922664
922815
922779
922778
922628
922613
922610
922564
922563
922514
922512
922511
922510
922824
922823
922822
922821
922820
922819
922818
922817
922816
922814
922813
922812
922807
922572
922571
922497
922496
922494
922653
922651
922811
922810
922809
922794
922793
922786
922784
922783
922782
922777
922776
922625
922624
922620
922619
922605
922587
922553
922552
922485
922484
922483
922482
922481
922650
922649
922648
922768
922781
922780
922627
922616
922562
922561
922517
922515
922492
922491
922490
922466
922465
922462
922312
922313
922314
922401
922479
922622
922621
922560
922559
922555
922554
922480
922478
922464
922463
922608
922568
922567
922551
922550
922473
922472
922471
922470
922726
922725
922733
922670
922669
922558
922557
922556
922469
922468
922467
922722
922477
922476
922475
922474
922549
922734
922735
922743
922741
922729
922727
922740
922737
922874
922914
922913
922910
922909
922908
922907
922906
922905
922902
922893
922892
922887
922885
922883
922881
922880
922879
922878
922877
922731
922871
922869
922867
922866
922865
922861
922847
922846
922844
922843
922841
922840
922839
922830
922829
922806
922805
922804
922803
922802
922795
922770
922753
922751
922747
922746
922745
922736
922732
922724
922720
922719
922718
922717
922716
922715
922714
922713
922712
922711
922710
922709
922707
922706
922704
922702
922700
922699
922698
922697
922695
922694
922692
922691
922675
922672
922671
922667
922666
922659
922658
922657
922656
922655
922647
922646
922645
922644
922643
922642
922641
922640
922639
922638
922637
922636
922632
922629
922626
922623
922615
922609
922606
922604
922603
922602
922601
922600
922599
922598
922597
922596
922595
922594
922593
922592
922591
922590
922589
922588
922586
922585
922584
922583
922582
922581
922580
922579
922578
922577
922576
922575
922574
922573
922546
922545
922544
922543
922542
922541
922540
922539
922538
922536
922535
922534
922507
922533
922505
922504
922500
922532
922495
922493
922530
922529
922528
922527
922526
922525
922524
922516
922513
922499
922487
922486
922461
922460
922459
922458
922457
922455
922454
922453
922452
922451
922449
922448
922447
922446
922445
922437
922436
922435
922434
922432
922431
922430
922429
922428
922427
922426
922424
922423
922422
922421
922420
922419
922418
922417
922416
922415
922414
922413
922412
922411
922410
922409
922408
922407
922406
922405
922404
922403
922402
922400
922399
922397
922396
922395
922394
922392
922391
922390
922389
922388
922387
922386
922385
922384
922383
922382
922381
922380
922379
922378
922377
922376
922375
922374
922373
922372
922371
922368
922367
922366
922365
922364
922363
922362
922361
922360
922359
922358
922357
922356
922355
922354
922353
922352
922351
922350
922349
922348
922347
922346
922345
922344
922343
922342
922341
922340
922339
922338
922337
922336
922335
922334
922333
922332
922331
922330
922329
922328
922327
922326
922325
922324
922323
922322
922321
922320
922319
922318
922317
922316
922315
922311
922310
922309
922308
922307
922306
922305
922304
922303
922302
922301
922300
922299
922298
922297
922296
922295
922294
922293
922292
922291
922290
922289
922288
922287
922286
922261
922260
922259
922258
922256
922255
922285
922284
922283
922282
922281
922280
922279
922278
922277
922276
922275
922274
922273
922272
922271
922270
922269
922267
922266
922265
922264
922263
922262
922257
922254
922253
922252
922251
922250
922249
922248
922247
922246
922245
922244
922243
922242
922240
922239
922238
922237
922236
922235
922234
922233
922232
