828713
828706
828983
828974
828960
828949
828943
828937
828922
828912
828874
828864
828866
828861
828870
828935
828916
828980
828973
828826
828769
828978
828924
828915
828956
828731
828720
828692
828681
828623
828865
828871
828875
828763
828918
828977
828972
828936
828929
828624
828669
828658
828622
828886
828868
828867
828914
828863
828855
828767
828760
828728
828719
828726
828682
828680
828678
828677
828675
828657
828654
828646
828653
828645
828602
828511
828508
828507
828810
828816
828460
828463
828652
828651
828815
828812
828809
828721
828838
828825
828824
828823
828822
828821
828820
828819
828818
828817
828814
828813
828811
828808
828807
828792
828790
828789
828787
828539
828540
828541
828542
828543
828544
828545
828546
828547
828548
828551
828552
828555
828556
828558
828563
828462
828461
828466
828486
828502
828686
828747
828770
828932
828933
828934
829047
828538
828537
828536
828535
828534
828533
828478
828477
828473
828465
828464
828451
828453
828532
828531
828530
828529
828528
828527
828474
828472
828471
828467
828785
828784
828783
828782
828779
828778
828777
828776
828775
828457
828456
828459
828481
828470
828469
828468
828480
828458
828484
828482
828455
828948
828947
828946
828945
828944
828806
828786
828781
828780
828773
828448
828446
828450
828449
829084
829083
829082
829081
829080
829079
829078
829077
829076
829075
829074
829073
829072
829071
829070
829069
829068
829067
829065
829064
829063
829062
829061
829060
829059
829058
829057
829056
829055
829054
829053
829052
829051
829050
829049
829048
829046
829045
829044
829043
829042
829041
829040
829039
829038
829037
829036
829035
829034
829032
829031
829030
829029
829027
829026
829025
829024
829023
829022
829021
829020
829019
829018
829017
829016
829015
829014
829013
829012
829011
829010
829009
829008
829007
829006
829005
829004
829003
829002
829001
829000
828999
828998
828997
828996
828995
828994
828993
828992
828991
828990
828989
828988
828987
828986
828985
828984
828982
828981
828979
828976
828975
828971
828970
828969
828968
828967
828966
828965
828964
828963
828962
828961
828959
828958
828957
828955
828954
828953
828952
828950
828951
828940
828942
828938
828931
828930
828928
828926
828925
828923
828921
828920
828919
828917
828913
828911
828910
828909
828906
828905
828904
828903
828902
828901
828900
828899
828898
828897
828896
828895
828894
828893
828892
828891
828890
828889
828888
828887
828885
828883
828882
828881
828880
828879
828878
828877
828876
828873
828872
828869
828862
828860
828859
828858
828857
828856
828854
828853
828852
828851
828850
828849
828848
828847
828846
828845
828844
828843
828842
828840
828839
828837
828836
828835
828834
828833
828832
828831
828830
828829
828828
828827
828805
828804
828803
828802
828801
828800
828799
828798
828797
828796
828795
828794
828793
828788
828774
828771
828768
828766
828765
828764
828762
828761
828759
828758
828757
828756
828755
828754
828753
828752
828751
828750
828749
828746
828744
828743
828742
828741
828740
828739
828738
828737
828736
828735
828734
828733
828732
828730
828729
828727
828725
828724
828722
828718
828717
828716
828715
828712
828711
828710
828709
828708
828707
828704
828703
828702
828701
828700
828699
828698
828697
828696
828695
828694
828693
828691
828690
828689
828688
828685
828684
828683
828679
828676
828674
828673
828672
828671
828670
828668
828667
828666
828665
828664
828663
828662
828661
828660
828659
828656
828655
828650
828648
828647
828644
828643
828642
828641
828640
828639
828638
828637
828636
828635
828634
828633
828632
828631
828630
828629
828628
828627
828626
828625
828621
828620
828619
828618
828617
828616
828615
828614
828613
828612
828611
828610
828609
828608
828607
828606
828605
828604
828603
828601
828600
828599
828598
828597
828596
828595
828594
828593
828592
828591
828590
828589
828588
828587
828586
828585
828584
828583
828582
828581
828580
828579
828577
828575
828572
828571
828568
828567
828566
828565
828564
828562
828561
828560
828559
828557
828554
828553
828550
828549
828526
828525
828524
828523
828522
828521
828520
828519
828517
828516
828515
828514
828513
828512
828510
828509
828506
828505
828504
828503
828501
828499
828498
828497
828496
828495
828494
828493
828492
828491
828490
828489
828488
828487
828485
828483
828479
828475
828454
828452
828447
828445
828444
828443
828442
828441
828440
828439
828438
828437
828436
828435
828434
828433
828432
828431
828430
828429
828428
828427
828426
828425
