822839
822838
822837
822836
822835
823150
823152
823174
823224
823182
823178
823211
823170
823168
823180
823173
823166
823164
823162
823158
823155
822922
822911
823142
823049
823041
822964
822898
822873
822870
822861
822940
823141
823222
823177
823172
823160
823157
823154
823151
822954
822901
822884
822910
822880
822867
822864
823140
823047
823033
822860
822858
822854
822853
823179
823210
823221
823181
823176
823171
823169
823165
823167
823163
823161
823156
823153
823137
823046
823028
822953
822937
822920
822876
822874
822856
822933
822935
822879
822863
822919
822909
822851
822859
822877
822899
822883
822875
822871
822878
822869
822866
822862
822857
822855
822852
822932
822934
822936
822939
822956
822957
822958
822959
822961
822962
822963
822965
822966
822967
822968
822969
822970
822971
822972
822973
822974
822975
822976
822977
822978
822979
822980
822981
822982
822983
822984
822985
822986
822987
822989
822990
822991
822992
822993
822994
822995
822996
822997
822998
822999
823000
823001
823002
823003
823004
823005
823006
823007
823008
823009
823010
823011
823012
822767
822768
823079
823093
823117
823148
822889
822896
823215
823044
823025
823045
823043
823024
823042
823040
823039
823038
823037
823036
823035
823034
823032
823031
823030
823029
823027
823026
823023
823022
823021
823014
823260
823259
823258
823257
823256
823255
823254
823253
823252
823251
823250
823249
823248
823247
823246
823245
823243
823242
823241
823240
823239
823238
823237
823236
823235
823234
823233
823232
823231
823230
823229
823228
823227
823226
823225
823223
823220
823219
823218
823217
823216
823214
823213
823212
823209
823208
823207
823206
823205
823204
823203
823202
823201
823200
823199
823198
823197
823196
823195
823194
823193
823192
823191
823190
823189
823188
823187
823186
823185
823183
823175
823159
823149
823147
823146
823145
823144
823139
823138
823136
823135
823134
823133
823132
823131
823130
823129
823128
823127
823126
823125
823124
823123
823122
823121
823119
823118
823116
823115
823114
823113
823112
823111
823110
823109
823108
823107
823106
823105
823104
823102
823101
823100
823099
823098
823097
823096
823095
823094
823092
823091
823090
823089
823088
823087
823086
823085
823084
823083
823082
823081
823080
823078
823077
823076
823075
823074
823073
823072
823071
823070
823069
823068
823066
823065
823064
823063
823062
823061
823060
823059
823058
823057
823056
823055
823054
823053
823052
823051
823050
823048
823020
823019
823018
823017
823016
823015
823013
822960
822955
822952
822951
822950
822948
822947
822946
822945
822944
822942
822941
822938
822931
822929
822928
822927
822926
822925
822924
822923
822921
822918
822917
822916
822915
822914
822913
822912
822908
822907
822906
822905
822904
822903
822902
822900
822897
822895
822894
822892
822891
822890
822888
822887
822886
822885
822882
822881
822872
822868
822865
822850
822849
822848
822847
822845
822844
822843
822842
822841
822840
822833
822831
822829
822825
822824
822823
822822
822821
822820
822819
822818
822817
822815
822816
822814
822813
822798
822797
822787
822812
822811
822810
822809
822808
822807
822806
822805
822803
822802
822801
822800
822799
822796
822795
822794
822793
822792
822791
822790
822789
822788
822786
822785
822784
822783
822782
822780
822779
822778
822777
822776
822775
822774
822771
822770
822769
822766
822765
822764
822763
822762
822761
822760
822759
822757
822756
822755
822754
822752
822751
822750
822749
822748
822747
822746
822745
822744
822743
