821626
821614
821582
821487
821230
821583
821307
821306
821305
821304
821303
821301
821298
821297
821293
821290
821287
821283
821282
821280
821581
821232
821231
821572
821571
821569
821585
821309
821308
821302
821292
821289
821278
821277
821256
821254
821252
821247
821244
821243
821241
821240
821238
821455
821456
821457
821459
821460
821461
821462
821463
821464
821465
821466
821467
821468
821469
821470
821471
821435
821436
821437
821438
821439
821440
821441
821442
821443
821444
821445
821446
821447
821448
821449
821450
821451
821452
821453
821454
821257
821255
821253
821251
821248
821246
821245
821242
821239
821237
821236
821270
821294
821312
821313
821314
821315
821480
821499
821500
821622
821159
821342
821343
821344
821345
821346
821347
821348
821349
821350
821351
821352
821353
821354
821355
821356
821357
821358
821359
821360
821361
821362
821363
821364
821365
821366
821367
821368
821369
821370
821371
821372
821373
821374
821375
821376
821377
821378
821379
821380
821381
821382
821383
821384
821385
821386
821387
821388
821389
821390
821391
821392
821393
821394
821395
821396
821397
821398
821399
821400
821401
821403
821404
821405
821406
821407
821408
821409
821410
821411
821412
821413
821414
821415
821416
821417
821418
821419
821420
821421
821422
821423
821424
821425
821426
821427
821428
821429
821430
821431
821432
821433
821434
821268
821267
821550
821535
821558
821557
821556
821555
821554
821553
821552
821551
821549
821548
821547
821546
821545
821544
821543
821542
821537
821527
821136
821135
821541
821540
821539
821538
821536
821534
821532
821531
821530
821529
821528
821526
821513
821512
821627
821625
821624
821621
821620
821619
821618
821617
821616
821615
821613
821612
821609
821608
821607
821604
821603
821602
821601
821600
821599
821598
821597
821596
821595
821594
821593
821592
821591
821590
821589
821588
821587
821586
821584
821580
821579
821578
821577
821576
821575
821573
821570
821568
821567
821566
821565
821564
821563
821562
821561
821560
821559
821533
821525
821524
821523
821522
821521
821520
821519
821518
821517
821516
821515
821514
821511
821510
821509
821508
821507
821506
821505
821504
821503
821502
821501
821498
821497
821496
821495
821494
821493
821492
821491
821490
821488
821486
821485
821484
821483
821481
821479
821478
821477
821476
821474
821473
821472
821458
821341
821340
821339
821338
821337
821336
821335
821334
821333
821332
821331
821330
821329
821328
821327
821326
821325
821324
821323
821322
821321
821320
821319
821318
821317
821316
821311
821310
821299
821296
821295
821291
821288
821286
821285
821284
821281
821279
821276
821275
821274
821273
821272
821271
821269
821266
821265
821264
821263
821262
821261
821259
821258
821250
821249
821235
821234
821233
821229
821228
821227
821226
821225
821224
821223
821222
821221
821220
821219
821218
821217
821216
821215
821214
821213
821212
821211
821210
821209
821207
821206
821205
821204
821203
821202
821201
821200
821199
821198
821197
821196
821195
821194
821193
821192
821191
821190
821189
821188
821167
821166
821187
821165
821186
821185
821184
821183
821182
821181
821180
821179
821178
821177
821176
821175
821174
821173
821172
821171
821170
821169
821168
821164
821163
821162
821161
821160
821158
821156
821155
821154
821153
821152
821150
821149
821148
821147
821142
821141
821146
821145
821143
821140
821139
821137
821134
821133
821132
