834593
834592
834954
835029
834985
834803
834771
834697
834612
834610
834606
834984
834719
834715
834706
834717
834716
834712
834765
834769
834990
835028
834701
834604
834743
835027
834987
834762
834754
834613
834696
834721
834602
834709
834694
834693
834607
835026
834986
834763
834802
834770
834742
834758
834756
834713
834609
834704
835025
834768
834761
835024
834983
834759
834755
834700
834658
834781
834787
834790
834861
834744
834749
834751
834608
834605
834741
834710
834703
834730
834735
834724
834699
834698
834695
834611
834600
834708
834711
834702
835056
835048
835046
835043
835042
835036
835035
834967
834965
834948
834891
834865
835054
834960
834958
834953
834952
834950
834896
834890
834888
834870
834837
835040
835032
834966
834959
834956
834951
834949
834899
834897
834889
834887
834884
834872
834835
834723
834725
834944
834941
834940
834937
834935
834933
834932
834931
834929
835052
835041
835038
835037
834968
834963
834895
834869
834867
834862
834860
834859
834831
834628
835055
834969
835045
834962
834871
834866
834844
834838
834829
834641
834629
834625
834718
834714
834569
834836
834808
834624
835047
835050
834892
834832
834626
835034
834640
835059
834925
834923
834919
834914
834913
834912
834911
834910
834909
834908
834907
834906
834905
834904
834903
834902
834901
834898
834893
834883
834882
834881
834880
834879
834857
834856
834567
834565
835058
835053
835044
835039
835033
834961
834900
834894
834885
834864
834841
834833
834639
834630
834561
834560
834558
834855
834854
834853
834852
834851
834850
834849
834848
834843
834834
834828
834827
834826
834821
834819
834818
834817
834816
834815
834814
834813
834812
834811
834810
834809
834581
834578
834577
834574
834573
834886
834873
834868
834858
834840
834638
834634
834623
834863
834846
834842
834839
834830
834807
834805
834633
834631
834580
834579
834576
834575
834572
834571
834570
834568
834566
834564
834555
834823
835057
834636
835123
835122
835120
835119
835118
835117
835116
835115
835114
835113
835112
835111
835110
835109
835108
835107
835106
835105
835104
835103
835102
835101
835100
835099
835098
835097
835096
835095
835094
835093
835092
835091
835090
835089
835088
835087
835086
835085
835084
835083
835082
835081
835080
835079
835078
835077
835076
835075
835074
835073
835072
835071
835070
835069
835068
835067
835066
835065
835064
835063
835062
835061
835060
835051
835049
835031
835030
835022
835021
835020
835019
835018
835017
835016
835015
835014
835013
835012
835011
835010
835009
835008
835007
835006
835005
835004
835003
835002
835001
835000
834999
834998
834997
834996
834995
834994
834993
834992
834989
834988
834982
834981
834980
834979
834977
834976
834975
834974
834973
834972
834971
834970
834964
834798
834799
834800
834801
834947
834946
834945
834943
834942
834939
834938
834936
834930
834928
834927
834926
834924
834922
834921
834918
834917
834916
834915
834878
834876
834875
834874
834847
834845
834825
834824
834822
834820
834563
834562
834559
834557
834553
834552
834806
834804
834796
834795
834794
834793
834792
834791
834789
834788
834786
834785
834784
834783
834782
834780
834779
834778
834776
834775
834774
834773
834772
834767
834766
834764
834760
834757
834753
834752
834750
834747
834746
834745
834740
834739
834738
834737
834736
834734
834733
834732
834731
834729
834728
834727
834726
834722
834720
834705
834692
834691
834690
834689
834688
834687
834686
834685
834684
834683
834682
834681
834680
834679
834678
834677
834676
834675
834674
834673
834672
834671
834668
834667
834666
834665
834664
834662
834661
834660
834659
834657
834656
834652
834644
834635
834621
834619
834615
834614
834603
834601
834599
834596
834594
834591
834590
834589
834588
834587
834586
834585
834584
834583
834582
834556
834554
