909031
909039
908962
908959
908966
908965
909011
909201
909195
909199
909191
909207
909193
909206
909204
909194
909012
909202
909192
909018
909190
909198
909136
909008
909015
909155
909154
909146
909135
909158
909152
909150
909197
909189
909148
909156
909151
909147
909019
909134
909016
909157
909153
909149
909133
909017
909014
909009
909196
909010
909187
909104
909088
909176
909175
909224
909223
909222
909221
909220
909219
909218
909217
909216
909215
909214
909213
909212
909211
909210
909209
909208
909205
909203
909200
909188
909186
909184
909183
909182
909181
909180
909179
909178
909177
909174
909171
909170
909169
909165
909164
909163
909162
909161
909160
909159
909145
909144
909143
909142
909140
909139
909138
909137
909132
909130
909129
909128
909127
909125
909124
909122
909121
909120
909119
909118
909117
909116
909115
909113
909112
909111
909110
909109
909108
909107
909106
909105
909103
909102
909101
909100
909099
909098
909097
909096
909095
909094
909093
909092
909091
909089
909087
909086
909085
909084
909078
909077
909076
909075
909074
909073
909071
909070
909069
909068
909067
909066
909062
909065
909064
909063
909061
909060
909059
909058
909057
909056
909055
909054
909053
909052
909051
909050
909049
909048
909047
909046
909045
909044
909043
909042
909041
909040
909038
909037
909036
909035
909034
909032
909030
909027
909026
909025
909024
909023
909022
909021
909020
909013
909007
909006
909005
909004
909003
909001
909000
908999
908998
908997
908996
908995
908993
908992
908991
908990
908989
908988
908987
908986
908985
908982
908954
908953
908952
908981
908980
908979
908975
908974
908972
908971
908970
908969
908968
908967
908957
908956
908955
908951
908950
908949
908948
908947
908946
908945
908944
908943
908942
908941
908940
908939
908938
908937
908936
908935
908934
908933
908932
908931
908930
908929
908928
908927
908926
908925
908924
908923
908922
908921
908920
908919
908918
908917
908916
908915
908914
908913
908912
908911
908910
