811800
811737
811713
812033
812045
812072
812028
812080
812077
812009
812007
811955
811954
812060
812052
812004
811981
811975
811971
812035
812069
812067
811984
811953
811951
812003
812079
812076
812070
811706
811705
811692
811884
811879
811770
811768
811759
811753
811750
812056
812078
812005
812006
812016
811776
811777
811756
811762
811966
811949
811977
811994
811764
811785
811748
811751
812039
812064
812008
811969
811967
811896
811769
811860
811797
811786
812074
812048
812022
812010
811974
811982
811957
811963
811882
811757
811865
811863
811772
811771
811874
811848
811790
811798
811858
811894
811892
811880
811852
811799
811779
811780
811766
811765
811758
811755
811881
811980
811973
811978
811789
811763
811747
811775
811761
811749
811992
811989
811970
811962
811544
811542
811540
811626
811746
811743
811545
811698
812015
812031
811872
811873
811608
811610
811611
811653
811654
811655
811658
811659
811662
811664
811667
811670
811672
811673
811876
811877
811693
811842
812065
812063
812062
812061
812059
812058
812057
812055
812054
812053
812051
812050
812049
812046
812044
812043
812042
812041
812040
812038
812037
812036
812034
812032
812030
812029
812027
812026
812025
812024
812023
812021
812020
812019
812018
812017
812014
812013
812012
812011
812115
812114
812113
812112
812111
812110
812109
812108
812107
812106
812105
812104
812103
812102
812101
812100
812099
812098
812097
812096
812095
812094
812093
812092
812091
812090
812089
812088
812087
812085
812083
812082
812081
812075
812073
812071
812068
812066
812047
812002
812001
812000
811999
811998
811997
811996
811995
811993
811991
811990
811988
811987
811986
811985
811983
811979
811976
811972
811968
811965
811964
811961
811960
811959
811958
811956
811952
811950
811948
811947
811946
811945
811944
811943
811942
811941
811940
811939
811938
811937
811936
811935
811934
811933
811932
811931
811930
811929
811928
811927
811926
811925
811924
811923
811922
811921
811920
811919
811917
811916
811915
811914
811913
811912
811911
811910
811909
811908
811907
811906
811905
811904
811903
811902
811901
811900
811899
811898
811897
811895
811893
811891
811890
811889
811888
811887
811885
811883
811878
811741
811732
811703
811702
811700
811871
811870
811869
811868
811856
811855
811853
811850
811847
811846
811845
811844
811843
811841
811840
811838
811837
811834
811831
811830
811829
811828
811821
811820
811818
811807
811805
811802
811801
811796
811795
811794
811792
811791
811787
811783
811784
811754
811781
811778
811773
811767
811742
811740
811738
811735
811733
811725
811723
811721
811718
811731
811730
811728
811726
811724
811722
811720
811719
811717
811716
811715
811714
811712
811710
811709
811707
811701
811695
811694
811691
811690
811689
811688
811687
811686
811685
811684
811683
811682
811681
811680
811679
811678
811677
811675
811674
811671
811668
811663
811661
811660
811656
811652
811651
811650
811649
811648
811647
811646
811645
811644
811643
811642
811641
811640
811637
811636
811635
811634
811633
811632
811630
811628
811627
811625
811624
811623
811622
811620
811619
811618
811617
811615
811614
811607
811609
811612
811606
811605
811604
811603
811602
811601
811600
811599
811598
811597
811596
811595
811594
811593
811592
811591
811590
811589
811588
811587
811586
811585
811584
811583
811582
811581
811580
811579
811578
811577
811575
811574
811573
811572
811571
811570
811569
811567
811566
811565
811564
811563
811562
811561
811559
811557
811556
811554
811553
811552
811551
811550
811549
811548
811547
811546
811537
