764627
764628
764630
764631
764625
764620
764730
764726
764719
764616
764614
764522
764748
764741
764716
764742
764727
764622
764617
764615
764722
764747
764729
764612
764581
764744
764740
764724
764721
764717
764503
764502
764501
764623
764728
764746
764714
764723
764618
764594
764418
764419
764788
764787
764786
764785
764784
764783
764782
764781
764780
764779
764778
764777
764463
764466
764580
764600
764624
764776
764775
764774
764772
764771
764770
764769
764768
764767
764766
764765
764764
764763
764762
764761
764413
764412
764411
764410
764409
764408
764407
764406
764405
764404
764403
764402
764401
764759
764756
764757
764755
764754
764753
764752
764751
764750
764749
764745
764743
764739
764737
764736
764735
764734
764733
764732
764655
764654
764731
764725
764720
764718
764715
764713
764712
764711
764710
764709
764708
764511
764515
764707
764706
764705
764702
764701
764700
764698
764697
764696
764695
764694
764693
764692
764691
764689
764688
764686
764685
764684
764682
764675
764672
764670
764669
764668
764667
764666
764665
764664
764663
764662
764661
764535
764538
764532
764660
764659
764658
764657
764652
764651
764650
764649
764648
764647
764646
764645
764644
764643
764642
764641
764640
764639
764531
764530
764636
764635
764634
764633
764632
764629
764626
764621
764619
764613
764611
764610
764609
764608
764607
764606
764605
764604
764603
764602
764601
764599
764598
764597
764596
764595
764593
764592
764539
764537
764591
764536
764590
764589
764534
764588
764587
764585
764584
764583
764582
764579
764578
764577
764576
764529
764528
764575
764574
764573
764572
764571
764570
764569
764568
764514
764512
764567
764566
764565
764564
764562
764561
764560
764558
764557
764555
764554
764552
764551
764550
764549
764548
764547
764546
764545
764544
764543
764542
764541
764540
764517
764516
764533
764527
764526
764525
764524
764523
764521
764520
764513
764519
764518
764510
764509
764507
764506
764505
764504
764500
764498
764497
764496
764495
764494
764493
764492
764491
764490
764489
764488
764487
764486
764485
764484
764483
764482
764481
764480
764479
764478
764477
764476
764475
764474
764473
764472
764471
764470
764469
764468
764467
764465
764464
764462
764461
764460
764459
764458
764457
764456
764454
764453
764452
764451
764450
764449
764448
764447
764446
764445
764444
764443
764442
764441
764440
764439
764438
764437
764436
764435
764434
764433
764432
764431
764430
764429
764427
764426
764425
764424
764423
764422
764421
764420
764417
764416
764415
764414
764400
764399
