778145
778126
778134
778444
778442
778136
778139
778092
778237
778232
778231
778227
778225
778239
778226
778121
778120
778124
778122
778116
778117
778234
778228
778098
778075
778074
778073
778076
778115
778119
778070
778230
778238
778078
778082
778106
778236
778244
778243
778101
778079
778105
778081
778233
778246
778242
778241
778072
778102
778108
778083
778109
778085
778099
778450
778448
778316
778348
778349
778350
778353
778362
778364
778365
778369
778377
778390
778249
778341
778357
778363
777931
778214
778213
778413
778412
778411
778410
778409
778480
778479
778478
778477
778476
778475
778474
778473
778472
778471
778470
778469
778468
778467
778466
778465
778464
778463
778462
778460
778459
778458
778457
778456
778455
778454
778453
778452
778451
778447
778446
778445
778443
778441
778440
778439
778438
778437
778436
778435
778434
778433
778432
778431
778430
778429
778428
778427
778426
778423
778418
778417
778416
778415
778414
778419
778408
778407
778406
778405
778404
778403
778402
778401
778400
778399
778398
778397
778392
778395
778394
778393
778391
778389
778387
778386
778384
778383
778382
778381
778380
778379
778378
778376
778375
778374
778373
778371
778370
778368
778367
778361
778360
778358
778356
778355
778354
778352
778351
778347
778345
778344
778343
778342
778340
778339
778338
778337
778336
778335
778334
778333
778332
778331
778330
778329
778328
778327
778324
778323
778322
778321
778320
778319
778318
778317
778315
778314
778313
777990
777989
778312
778311
778310
778309
778308
778307
778306
778305
778304
778303
778302
778265
778264
778263
778262
778261
778301
778300
778299
778298
778297
778296
778295
778293
778292
778291
778289
778288
778285
778281
778248
778278
778277
778274
778273
778271
778269
778268
778267
778266
778260
778259
778258
778257
778256
778255
778254
778253
778252
778251
778250
778240
778235
778229
778224
778223
778222
778221
778220
778219
778217
778216
778211
778210
778209
778208
778207
778206
778205
778204
778203
778202
778201
778200
778199
778198
778197
778196
778195
778194
778193
778192
778191
778189
778188
778187
778186
778185
778184
778182
778181
778180
778179
778178
778177
778176
778175
778174
778173
778172
778171
778170
778169
778168
778167
778166
778165
778164
778163
778162
778161
778160
778159
778158
778157
778156
778155
778154
778152
778151
778150
778149
778148
778147
778146
778144
778143
778142
778141
778140
778138
778135
778133
778131
778128
778125
778123
778118
778114
778113
778112
778111
778110
778107
778104
778103
778100
778097
778096
778095
778094
778091
778090
778089
778088
778087
778086
778084
778080
778077
778071
778069
778068
778067
778066
778065
778064
778063
778062
778061
778060
778059
778058
778057
778056
778055
778054
778053
778052
778051
778050
778048
778047
778046
778045
778044
778043
778042
778041
778040
778039
778038
778037
778036
778035
778034
778033
778032
778031
778030
778029
778028
778027
778026
778025
778024
778023
778022
778021
778020
778019
778018
778017
778016
778015
778014
778013
778010
778009
778008
778007
778006
778005
777959
777960
778004
778003
778002
778001
778000
777999
777998
777997
777996
777995
777994
777993
777991
777987
777986
777985
777984
777982
777981
777980
777979
777978
777977
777976
777975
777974
777973
777972
777971
777970
777969
777968
777967
777966
777965
777964
777963
777961
777958
777957
777956
777955
777954
777953
777952
777951
777950
777949
777948
777947
777946
777945
777944
777943
777942
777941
777940
777939
777938
777937
777936
777935
777934
777933
777932
777930
777929
777928
777927
777926
777925
777924
777923
777921
777919
777917
777915
777913
777911
777909
777907
777906
777905
777904
777903
777901
777899
777898
777897
777896
777895
