795568
795580
795549
795548
795716
795715
795714
795713
795712
795711
795710
795708
795707
795706
795705
795704
795703
795702
795701
795700
795699
795698
795696
795444
795441
795439
795446
795601
795588
795535
795435
795584
795589
795433
795426
795425
795421
795417
795583
795582
795587
795592
795586
795447
795436
795430
795424
795418
795591
795590
795597
795445
795443
795438
795432
795423
795420
795440
795442
795429
795434
795422
795560
795559
795585
795564
795576
795577
795743
795746
795761
795530
795612
795646
795720
795494
795553
795554
795557
795551
795388
795387
795386
795760
795759
795758
795755
795757
795756
795754
795753
795752
795751
795750
795749
795748
795742
795741
795740
795739
795738
795737
795736
795735
795734
795733
795732
795731
795730
795729
795728
795727
795726
795725
795724
795723
795722
795721
795693
795692
795694
795719
795718
795717
795691
795690
795689
795688
795709
795695
795687
795686
795685
795684
795683
795682
795681
795680
795679
795678
795677
795676
795675
795674
795673
795672
795671
795670
795669
795668
795667
795666
795665
795664
795663
795662
795661
795660
795659
795658
795657
795656
795655
795654
795653
795652
795651
795650
795649
795648
795647
795645
795644
795642
795641
795640
795639
795638
795637
795636
795635
795634
795633
795632
795631
795630
795629
795628
795627
795626
795625
795624
795623
795622
795620
795619
795618
795617
795616
795615
795614
795613
795610
795609
795608
795607
795606
795605
795604
795603
795596
795602
795600
795599
795598
795595
795594
795593
795579
795578
795574
795572
795571
795570
795569
795566
795562
795561
795558
795556
795555
795552
795550
795547
795546
795545
795544
795543
795541
795540
795539
795538
795537
795536
795534
795533
795532
795531
795529
795526
795525
795524
795520
795519
795518
795517
795516
795515
795514
795513
795512
795511
795510
795508
795507
795506
795505
795504
795503
795502
795501
795500
795499
795498
795497
795496
795495
795493
795492
795491
795490
795489
795488
795487
795486
795485
795484
795483
795482
795481
795480
795479
795478
795477
795476
795475
795474
795473
795472
795471
795470
795469
795468
795467
795466
795465
795464
795463
795462
795461
795460
795459
795458
795457
795456
795455
795454
795453
795452
795451
795450
795449
795448
795437
795431
795428
795427
795419
795416
795415
795414
795413
795411
795410
795409
795408
795407
795406
795405
795404
795403
795402
795401
795400
795399
795398
795397
795396
795395
795394
795393
795392
795390
795385
795384
795391
795389
795383
795382
795381
795380
795379
795378
795377
795376
795375
795374
795373
795372
795371
795370
795369
795368
795367
795366
795365
795364
795363
795362
795360
795359
795358
795357
795356
795355
795354
795353
795352
795351
795350
795349
795348
795347
795346
795345
795344
795343
795342
795341
795340
795339
795338
795337
795336
795335
795334
795333
795332
795331
795330
795329
795328
795327
795326
795325
795324
795323
795322
795321
795320
795319
795318
795317
795316
795315
795314
795313
795312
795311
795310
795309
795308
795307
795306
795305
795304
795303
795302
795301
795300
795299
795298
795297
795296
795295
795294
795293
795292
795291
