935300
935299
935493
935469
935412
935490
935372
935362
935470
935374
935409
935366
935359
935337
935349
935333
935332
935489
935468
935373
935363
935414
935365
935361
935352
935488
935413
935364
935360
935358
935327
935336
935348
935392
935391
935389
935411
935410
935407
935406
935408
935505
935503
935502
935501
935500
935499
935498
935497
935496
935495
935494
935492
935491
935487
935486
935480
935481
935485
935484
935483
935482
935479
935478
935477
935474
935473
935472
935471
935467
935463
935462
935461
935460
935459
935458
935457
935456
935455
935454
935453
935452
935451
935450
935449
935448
935447
935445
935444
935443
935442
935440
935439
935438
935437
935436
935435
935434
935433
935432
935431
935430
935429
935428
935427
935426
935425
935424
935423
935422
935421
935420
935419
935418
935416
935415
935405
935404
935403
935402
935401
935400
935399
935398
935397
935396
935395
935394
935393
935390
935388
935387
935386
935385
935384
935383
935382
935381
935380
935379
935378
935377
935376
935375
935371
935369
935368
935367
935357
935356
935351
935350
935347
935346
935345
935344
935343
935341
935340
935339
935338
935335
935307
935306
935302
935297
935310
935308
935309
935314
935328
935329
935330
935331
935334
935316
935322
935312
935311
935298
935305
935303
935326
935325
935324
935323
935321
935319
935318
935317
935315
935313
935304
935301
935296
935295
935294
935293
935292
935291
935290
935289
935288
935287
935286
935285
935284
935283
935282
935281
935280
935279
935278
935277
935276
935275
935274
935273
935272
935271
935270
935269
935268
935267
935266
935265
935264
935263
935253
935252
935251
935249
935248
935247
935246
935239
935233
935230
935200
935180
935179
935177
935175
935174
935173
935172
935171
935170
935169
935168
935167
935165
935164
935163
935162
935161
935160
935159
935158
935157
935156
935155
935154
935153
935152
935151
935150
935149
935148
935147
935146
935145
935144
935143
935142
935141
935140
935139
935138
935137
935136
935135
935131
935130
935129
935128
