896365
896364
896393
896391
896388
896369
896368
896367
896360
896359
896352
896346
896354
896348
896343
896717
896373
896375
896387
896383
896382
896366
896363
896372
896371
896370
896362
896353
896752
896758
896531
896413
896412
896408
896407
896403
896402
896397
896699
896665
896670
896655
896642
896636
896534
896428
896424
896700
896668
896664
896654
896641
896635
896698
896667
896663
896653
896652
896640
896633
896431
896427
896426
896430
896532
896639
896632
896405
896399
896398
896697
896669
896651
896638
896631
896666
896662
896650
896637
896630
896436
896435
896434
896429
896425
896423
896422
896417
896416
896404
896401
896400
896396
896340
896339
896322
896321
896319
896280
896290
896289
896247
896288
896272
896287
896643
896645
896528
896236
896681
896734
896735
896736
896737
896738
896739
896740
896741
896742
896743
896744
896745
896746
896747
896749
896750
896751
896755
896756
896757
896759
896761
896762
896763
896760
896754
896753
896748
896432
896658
896733
896732
896731
896730
896729
896728
896725
896723
896722
896721
896720
896718
896716
896715
896714
896713
896712
896711
896710
896709
896708
896707
896706
896705
896704
896701
896696
896695
896694
896693
896692
896691
896690
896689
896688
896687
896686
896685
896684
896683
896682
896680
896679
896678
896677
896676
896675
896674
896673
896672
896671
896248
896660
896243
896451
896657
896656
896274
896649
896648
896647
896646
896644
896634
896629
896628
896627
896626
896625
896623
896624
896622
896621
896620
896619
896618
896617
896616
896614
896613
896612
896611
896609
896608
896607
896606
896605
896604
896603
896602
896601
896600
896599
896598
896597
896596
896595
896594
896593
896592
896591
896590
896589
896588
896587
896586
896585
896584
896582
896581
896580
896578
896577
896575
896574
896573
896572
896571
896570
896569
896568
896567
896566
896565
896564
896563
896562
896561
896560
896559
896558
896557
896556
896555
896554
896553
896552
896551
896550
896549
896548
896547
896546
896545
896544
896543
896542
896541
896540
896539
896538
896537
896536
896535
896533
896530
896529
896527
896526
896525
896524
896523
896521
896520
896519
896518
896517
896515
896514
896513
896512
896511
896510
896509
896508
896507
896506
896505
896504
896503
896502
896501
896500
896499
896498
896497
896496
896495
896494
896492
896491
896490
896489
896488
896487
896486
896485
896483
896482
896481
896480
896479
896478
896477
896476
896475
896474
896473
896472
896471
896470
896469
896468
896467
896466
896464
896463
896462
896461
896460
896459
896458
896456
896455
896454
896453
896452
896450
896449
896448
896447
896446
896445
896444
896443
896441
896440
896439
896438
896437
896421
896420
896419
896418
896414
896411
896409
896406
896395
896394
896392
896390
896389
896386
896385
896384
896381
896380
896379
896378
896377
896376
896374
896361
896356
896355
896351
896350
896349
896347
896345
896344
896341
896338
896337
896336
896335
896334
896333
896332
896331
896330
896329
896328
896327
896326
896325
896323
896318
896317
896316
896315
896314
896313
896312
896311
896310
896309
896308
896307
896306
896305
896304
896303
896302
896301
896300
896299
896298
896297
896296
896295
896294
896293
896292
896291
896286
896285
896284
896283
896282
896281
896278
896277
896276
896275
896273
896271
896270
896269
896267
896266
896268
896265
896264
896263
896262
896260
896259
896258
896256
896255
896254
896253
896252
896251
896250
896249
896246
896245
896244
896242
896241
896240
896239
896238
896237
896235
896234
896233
896232
896231
