729924
730229
730226
729933
729932
729930
729926
729922
729907
729891
729890
729889
729884
729881
729879
729877
729878
730044
730037
730033
730027
730019
730016
730238
730237
730234
730220
730236
730232
730047
730038
730022
730212
730200
730239
730199
730203
730024
730032
730028
730017
730026
730233
730204
730218
730198
730235
730231
730050
729971
729967
730039
730025
730034
730020
729972
729969
729968
730029
730018
730197
729970
729966
730052
730040
730036
730021
729947
729941
730262
730261
730260
730259
730258
730257
730256
730010
730009
730008
730007
730006
730005
730004
730003
730002
730001
730000
729999
729998
729997
729996
729995
729994
729993
729992
729991
729989
729988
729987
729986
729985
729984
729983
729982
729921
729920
729919
729918
729917
729916
729915
729914
729913
729912
729911
729910
729909
729908
729906
729905
729904
729903
729902
729901
729900
729899
729898
729897
729896
729895
729894
729893
729892
730129
730136
730143
730144
730156
730173
730213
729939
729943
729944
729945
729946
729940
729938
730264
730263
730255
730254
730253
730252
730251
730250
730249
730248
730247
730246
730245
730244
730243
730242
730241
730240
730230
730228
730225
730224
730223
730222
730221
730219
730217
730216
730215
730214
730211
730210
730209
730208
730207
730206
730205
730202
730201
730196
730195
730194
730193
730192
730191
730190
730189
730188
730187
730186
730185
730184
730183
730182
730181
730180
730179
730178
730177
730176
730175
730174
730172
730171
730170
730169
730168
730167
730166
730165
730164
730163
730161
730159
730158
730157
730155
730154
730153
730152
730151
730150
730149
730148
730147
730146
730145
730142
730141
730140
730139
730138
730137
730135
730134
730133
730132
730131
730130
730128
730127
730126
730125
730124
730075
730081
730087
730123
730122
730121
730120
730119
730118
730117
730116
730115
730114
730113
730112
730111
730110
730109
730108
730107
730106
730105
730104
730103
730102
730101
730092
730091
730089
730088
730086
730085
730084
730083
730082
730080
730079
730078
730077
730076
730074
730073
730072
730071
730070
730069
730068
730067
730066
730065
730064
730063
730062
730061
730060
730059
730058
730057
730056
730055
730054
730053
730051
730049
730048
730046
730043
730042
730031
730023
730015
730014
730013
730012
730011
729990
729979
729978
729977
729976
729975
729974
729973
729963
729962
729961
729960
729959
729958
729956
729955
729954
729953
729952
729951
729950
729949
729948
729942
729936
729935
729934
729931
729929
729928
729927
729923
729888
729887
729886
729885
729883
729882
729880
729876
729875
729874
729873
729872
729871
729870
729869
729868
729867
729866
729865
729864
729863
729862
729861
729860
729859
729858
729857
729856
729855
729854
729853
729852
729851
729850
729849
729848
729847
729846
729845
