893865
893864
893863
893862
894046
894056
894060
894134
894136
894149
894356
894321
894043
894314
894254
894233
894239
894231
894044
894355
894354
894319
894315
894256
894240
894053
894040
894320
894051
894042
894121
894232
894230
894147
894137
894131
894058
894352
894041
894353
894318
894313
894251
894237
894145
894135
894128
894052
894039
893918
894068
894073
894067
894312
894247
894235
894140
894350
894038
893888
893887
893921
893929
893889
893890
893892
893891
894225
894029
894027
894007
893995
893991
893988
893989
894404
894339
894338
894334
894308
894307
894306
894402
893922
893924
894337
894322
893927
893925
894123
894124
893923
894331
894330
894328
894323
894298
894297
894296
894336
894332
894329
894327
894326
894324
894311
894310
894309
894305
894304
894302
894301
894300
893971
893970
893969
893968
894389
894122
894224
894363
894118
894119
894120
894219
894223
894214
894208
894125
894220
894395
894391
894396
894394
894392
893974
893973
893967
893966
894411
894410
894409
894408
894407
894406
894405
894403
894401
894400
893882
894398
894397
894393
894390
894388
894387
894386
894385
894384
894383
894382
894381
894380
894379
894378
894377
894376
894375
894374
894373
894372
894371
894370
894369
894368
894367
894366
894365
894364
894362
894361
894360
894359
894358
894351
894349
894348
894347
894346
894345
894344
894343
894342
894341
894340
894335
894299
893972
894333
894325
894317
894316
894303
894295
894294
894293
894292
894291
894290
894289
894288
894287
894286
894285
894284
894283
894282
894281
894280
894279
894278
894277
894276
894274
894272
894271
894270
894269
894268
894267
894264
894263
894262
894261
894260
894259
894258
894257
894255
894253
894252
894250
894249
894248
894246
894245
894244
894243
894242
894241
894238
894236
894234
894075
894229
894228
894227
894226
894222
894221
894218
894217
894216
894215
894213
894212
894211
894210
894209
894207
894206
894205
894204
894202
894201
894200
894199
894198
894197
894196
894194
894192
894191
894190
894189
894188
894187
894186
894185
894184
894183
894182
894181
894180
894179
894178
894177
894176
894175
894174
894173
894172
894171
894169
894168
894166
894165
894164
894163
894162
894161
894160
894159
894158
894157
894156
894155
894154
894153
894151
894150
894148
894146
894144
894143
894142
894141
894139
894138
894132
894130
893932
894117
894116
894115
894113
894112
894111
894110
894109
894108
894107
894106
894105
894104
894103
894102
894101
894100
894099
894098
894097
894096
894095
894094
894093
894092
894091
894090
894089
894088
894087
894086
894085
894084
894083
894082
894081
894080
894079
894078
894077
894076
894074
894072
894071
894070
894069
894066
894065
894064
894063
894062
894061
894059
894057
894055
894054
894050
894049
894048
894047
894045
894037
894036
894035
894033
894032
894031
894030
894026
894025
894023
894021
894020
894019
894018
894017
894016
894015
894014
894013
894011
894010
894009
894008
894006
894005
894003
894002
894001
894000
893999
893998
893997
893996
893994
893993
893992
893990
893987
893986
893985
893984
893983
893982
893981
893980
893979
893978
893977
893976
893965
893964
893963
893962
893961
893960
893959
893958
893957
893956
893955
893954
893953
893952
893951
893950
893949
893948
893947
893946
893945
893944
893943
893942
893941
893940
893939
893938
893937
893936
893935
893934
893933
893931
893930
893928
893926
893920
893919
893915
893917
893916
893914
893913
893912
893911
893910
893909
893908
893907
893905
893904
893903
893902
893901
893898
893897
893896
893894
893893
893886
893885
893884
893881
893880
893878
893877
893876
893875
893874
893873
893871
893870
893869
893868
893867
893866
