765606
765577
765574
765571
765553
765597
765563
765560
765653
765651
765644
765565
765595
765592
765584
765590
765548
765555
765794
765688
765648
765540
765620
765622
765652
765646
765647
765593
765618
765609
765582
765604
765602
765600
765619
765623
765567
765585
765579
765573
765570
765589
765587
765576
765414
765616
765607
765596
765562
765546
765541
765559
765550
765649
765645
765580
765568
765523
765594
765591
765552
765564
765566
765554
765547
765545
765525
765581
765642
765578
765572
765569
765561
765557
765542
765524
765396
765402
765408
765469
765480
765482
765530
765598
765613
765730
765774
765777
765787
765791
765817
765681
765680
765679
765678
765830
765518
765517
765520
765748
765750
765753
765754
765755
765756
765758
765759
765760
765762
765763
765766
765767
765768
765769
765770
765772
765775
765776
765884
765883
765882
765881
765880
765879
765878
765877
765876
765875
765874
765873
765872
765871
765870
765868
765867
765866
765865
765864
765863
765862
765861
765859
765858
765855
765853
765854
765857
765856
765852
765851
765850
765849
765848
765847
765846
765845
765844
765843
765842
765841
765840
765839
765838
765837
765836
765835
765834
765833
765832
765831
765829
765828
765827
765826
765825
765824
765822
765821
765820
765819
765818
765816
765815
765814
765812
765811
765813
765810
765809
765807
765806
765805
765803
765802
765801
765800
765799
765798
765797
765796
765795
765793
765792
765790
765789
765788
765786
765785
765784
765783
765782
765781
765780
765779
765778
765773
765771
765765
765757
765751
765749
765747
765746
765745
765744
765743
765742
765740
765739
765738
765737
765736
765735
765734
765733
765732
765729
765728
765727
765726
765725
765724
765723
765722
765721
765720
765719
765718
765717
765716
765715
765714
765712
765711
765710
765708
765707
765706
765705
765704
765703
765702
765701
765700
765698
765696
765695
765694
765693
765691
765690
765689
765687
765686
765685
765684
765683
765682
765677
765676
765675
765673
765672
765671
765670
765669
765668
765667
765666
765665
765663
765662
765661
765660
765659
765658
765657
765656
765655
765654
765650
765643
765641
765640
765639
765638
765637
765636
765635
765634
765633
765632
765631
765630
765629
765628
765627
765626
765624
765621
765617
765615
765614
765612
765610
765608
765605
765603
765601
765586
765583
765575
765558
765556
765551
765549
765544
765543
765539
765538
765537
765536
765535
765534
765533
765532
765531
765529
765528
765527
765526
765522
765521
765519
765516
765515
765513
765512
765511
765510
765509
765508
765507
765506
765501
765500
765505
765504
765502
765499
765498
765497
765496
765494
765493
765492
765491
765490
765489
765488
765487
765486
765484
765479
765478
765477
765475
765474
765472
765471
765470
765468
765467
765466
765465
765464
765463
765462
765461
765459
765458
765456
765455
765454
765453
765452
765451
765450
765449
765448
765447
765446
765445
765444
765443
765442
765441
765440
765439
765438
765437
765436
765435
765434
765433
765432
765431
765430
765429
765427
765425
765424
765423
765422
765420
765419
765418
765417
765416
765413
765411
765410
765409
765407
765406
765405
765404
765401
765400
765399
765398
765397
765394
765393
765390
765389
765388
765387
765386
765385
765384
765383
765382
765381
765380
765379
765378
765377
765376
765375
765374
765373
765372
765371
765370
765369
765368
765367
765366
765365
765364
765363
765362
765361
765360
765359
765358
765357
765356
765355
765354
765353
765352
765351
765350
765349
765348
765346
765345
765344
765343
765342
765335
765339
765340
765329
765332
765334
765330
765338
765337
765341
765336
765333
765331
765328
765327
