821801
821803
821808
821942
821943
821947
821923
821906
821894
821924
821886
821881
821913
821900
821876
821929
821752
821724
821723
821718
821909
821937
821792
821790
821788
821939
821874
821751
821749
821732
821722
821918
821903
821889
821794
821789
821728
821721
821692
821793
821787
821755
821719
821944
821730
821727
821878
821873
821786
821750
821729
821720
821726
821925
821935
821954
822006
822008
821777
821775
821773
821772
821811
821814
821815
821816
821818
821819
821820
821821
821822
821823
821827
821861
821969
821725
821731
821782
821748
821747
822058
822055
822054
822053
822051
822049
822045
822039
822033
822016
822015
822014
822011
822010
822003
822001
821999
821987
821984
821983
821960
821946
821964
821982
821981
821980
821978
821977
821976
821975
821974
821973
821972
821971
821970
821967
821965
821963
821955
821912
821901
821896
821962
821958
821956
821921
821920
821917
821915
821914
821911
821910
821908
821905
821904
821899
821898
821897
821893
821892
822057
822052
822050
822048
822041
822036
822009
822000
821996
821994
821993
821968
821961
821953
821952
821938
821927
821890
821888
822056
822047
822046
822044
822043
822042
822040
822038
822037
822032
822029
822027
822026
821992
821979
821959
821957
821950
821948
821940
821931
821930
821922
821916
821902
821895
822035
822034
822031
822030
822028
822025
822024
822023
822022
822021
822020
821891
821887
821882
821877
822019
822018
822017
822013
822012
822007
822005
822004
822002
821998
821997
821995
821991
821990
821989
821988
821985
821966
821951
821949
821945
821941
821936
821934
821933
821932
821928
821926
821919
821907
821885
821884
821883
821880
821879
821875
821872
821871
821870
821869
821868
821867
821866
821865
821864
821863
821862
821860
821859
821858
821856
821855
821854
821853
821852
821851
821850
821849
821848
821847
821846
821845
821844
821842
821840
821838
821837
821836
821834
821832
821831
821830
821829
821828
821826
821825
821824
821817
821813
821812
821810
821809
821807
821805
821804
821802
821800
821799
821798
821797
821796
821795
821791
821785
821784
821783
821780
821779
821778
821776
821774
821770
821768
821767
821766
821765
821764
821762
821761
821760
821759
821758
821757
821756
821754
821753
821746
821745
821744
821743
821742
821741
821740
821739
821738
821737
821736
821735
821734
821717
821716
821715
821714
821713
821712
821711
821710
821708
821707
821706
821705
821704
821703
821702
821701
821700
821699
821698
821696
821695
821694
821693
821691
821690
821689
821688
821687
821685
821684
821682
821681
821680
821679
821678
821677
821676
821675
821674
821673
821672
821671
821670
821668
821667
821666
821665
821664
821657
821656
821655
821654
821653
821652
821651
821650
821649
821648
821647
821646
821645
821644
821643
821642
821641
821640
821639
821638
821637
821636
821635
821634
821633
821632
821631
821630
821629
