890528
890531
890533
890526
890850
890527
890529
890532
890501
890498
890483
890482
890827
890847
890848
890846
890824
890801
890799
890795
890793
890788
890786
890817
890816
890797
890810
890803
890802
890800
890814
890831
890834
890818
890819
890823
890812
890811
890849
890822
890821
890820
890496
890493
890481
890480
890825
890826
890829
890835
890837
890840
890844
890845
890830
890808
890790
890813
890806
890794
890479
890478
890477
890383
890428
890346
890430
890429
890423
890416
890412
890411
890410
890407
890378
890675
890676
890673
890671
890669
890668
890664
890766
890762
890748
890791
890804
890789
890782
890777
890785
890787
890665
890677
890798
890815
890805
890792
890784
890776
890656
890778
890752
890765
890657
890610
890608
890601
890602
890607
890606
890425
890424
890418
890417
890408
890409
890375
890376
890393
890392
890379
890380
890679
890678
890674
890666
890663
890662
890661
890655
890653
890414
890415
890396
890397
890371
890366
890388
890652
890611
890605
890603
890609
890440
890394
890395
890427
890426
890399
890403
890404
890381
890382
890377
890391
890402
890400
890421
890420
890419
890406
890405
890443
890442
890441
890832
890369
890368
890374
890373
890372
890390
890389
890386
890413
890833
890439
890434
890433
890435
890385
890384
890828
890387
890367
890365
890357
890363
890359
890362
890361
890360
890358
890356
890354
890355
890461
890462
890463
890558
890557
890556
890555
890554
890553
890455
890471
890577
890576
890575
890573
890572
890569
890568
890560
890559
890551
890545
890542
890541
890540
890539
890853
890852
890851
890843
890842
890841
890839
890838
890836
890809
890807
890796
890783
890781
890780
890779
890775
890774
890773
890772
890771
890770
890769
890767
890764
890763
890761
890760
890758
890757
890755
890754
890753
890751
890750
890749
890747
890746
890745
890744
890743
890742
890741
890740
890739
890738
890737
890735
890734
890733
890732
890731
890730
890729
890728
890727
890726
890725
890724
890723
890722
890721
890720
890696
890718
890713
890707
890701
890719
890717
890716
890715
890714
890712
890711
890710
890709
890708
890706
890705
890704
890703
890702
890700
890699
890698
890697
890695
890694
890693
890692
890691
890690
890688
890687
890686
890685
890684
890683
890682
890681
890680
890672
890670
890667
890659
890658
890654
890651
890650
890649
890648
890647
890646
890645
890644
890643
890642
890641
890640
890639
890638
890637
890636
890635
890634
890633
890632
890631
890630
890629
890628
890627
890626
890625
890624
890623
890622
890621
890620
890619
890618
890617
890616
890615
890614
890613
890612
890600
890599
890598
890597
890596
890595
890594
890593
890592
890591
890589
890552
890580
890579
890571
890570
890550
890549
890546
890543
890537
890536
890534
890590
890588
890587
890586
890585
890584
890583
890370
890401
890422
890398
890432
890582
890581
890578
890574
890567
890566
890565
890564
890563
890562
890561
890548
890547
890544
890538
890535
890530
890525
890524
890523
890522
890521
890520
890519
890518
890517
890516
890515
890514
890513
890512
890511
890510
890509
890508
890507
890506
890505
890504
890503
890502
890500
890499
890497
890495
890494
890492
890491
890490
890489
890488
890487
890486
890485
890484
890476
890475
890474
890473
890472
890470
890469
890468
890467
890466
890465
890464
890460
890459
890458
890457
890456
890454
890453
890452
890451
890450
890449
890446
890445
890364
890444
890438
890431
890353
890351
890350
890349
890348
890347
890345
890344
890343
890342
890341
890340
