728716
728715
728745
728900
728890
728713
728705
728712
728710
728889
728893
728673
728671
728902
728888
728892
728711
728706
728714
728901
728891
728708
728707
728663
728652
728650
728648
728647
728646
728645
728644
728642
728640
728639
728484
728616
728643
728660
728686
728728
728729
728746
728751
728752
728757
728784
728876
728877
728831
728824
728823
728615
728613
728612
728869
728868
728875
728872
728911
728910
728896
728894
728864
728863
728527
728528
728529
728530
728532
728533
728534
728535
728536
728537
728539
728540
728541
728542
728544
728545
728546
728549
728550
728552
728554
728860
728858
728854
728853
728850
728849
728909
728908
728907
728904
728882
728881
728880
728879
728903
728899
728898
728897
728895
728887
728886
728885
728884
728820
728819
728818
728817
728883
728878
728874
728873
728871
728870
728867
728866
728865
728862
728861
728859
728857
728856
728855
728852
728851
728848
728846
728845
728844
728843
728816
728815
728842
728841
728840
728839
728838
728837
728834
728833
728832
728830
728828
728827
728826
728825
728822
728574
728573
728572
728571
728570
728821
728814
728813
728812
728811
728810
728808
728807
728806
728805
728804
728803
728802
728801
728800
728799
728798
728797
728796
728795
728794
728793
728792
728791
728790
728789
728788
728786
728785
728783
728782
728781
728779
728778
728776
728775
728774
728773
728772
728771
728770
728769
728768
728767
728766
728765
728764
728763
728762
728761
728760
728759
728758
728756
728755
728754
728753
728750
728749
728748
728747
728744
728743
728742
728741
728740
728739
728738
728737
728736
728735
728734
728733
728732
728731
728730
728727
728726
728725
728724
728723
728722
728721
728720
728719
728718
728717
728709
728704
728703
728702
728701
728700
728699
728698
728697
728696
728695
728694
728693
728692
728691
728690
728689
728688
728687
728685
728684
728683
728682
728681
728680
728679
728678
728677
728676
728675
728674
728672
728670
728669
728668
728667
728666
728665
728664
728662
728661
728659
728658
728657
728656
728655
728654
728653
728651
728649
728641
728638
728637
728636
728635
728634
728633
728632
728631
728630
728629
728628
728627
728626
728625
728624
728623
728622
728621
728620
728619
728618
728617
728614
728611
728610
728609
728608
728607
728606
728605
728604
728603
728602
728601
728600
728599
728598
728597
728596
728595
728594
728593
728591
728590
728589
728588
728587
728585
728584
728583
728582
728581
728580
728579
728578
728577
728576
728575
728569
728568
728567
728566
728565
728564
728563
728562
728561
728560
728559
728558
728557
728556
728555
728553
728551
728548
728547
728543
728538
728531
728526
728525
728524
728523
728522
728521
728520
728519
728518
728517
728516
728515
728514
728513
728512
728511
728510
728509
728508
728507
728506
728505
728497
728496
728495
728494
728493
728492
728491
728490
728489
728488
728487
728486
728485
728483
728482
728481
728480
