904189
904188
904301
904294
904187
904186
904400
904402
904405
904406
904347
904340
904339
904338
904329
904393
904396
904369
904366
904365
904328
904323
904317
904275
904289
904274
904288
904269
904284
904290
904458
904418
904463
904461
904467
904466
904451
904442
904430
904424
904419
904417
904409
904345
904170
904464
904460
904428
904423
904415
904413
904449
904447
904434
904378
904321
904308
904465
904462
904459
904426
904420
904416
904412
904311
904375
904320
904319
904450
904445
904432
904429
904344
904377
904318
904312
904167
904124
904169
904433
904448
904443
904427
904422
904343
904117
904410
904168
904316
904310
904441
904425
904421
904414
904411
904342
904374
904315
904307
904166
904376
904314
904309
904372
904313
904306
904398
904397
904395
904394
904336
904335
904334
904333
904332
904330
904286
904285
904277
904473
904472
904471
904470
904469
904468
904456
904455
904454
904453
904452
904444
904438
904360
904357
904356
904355
904354
904353
904408
904407
904404
904403
904399
904392
904391
904390
904389
904388
904387
904386
904385
904384
904383
904382
904381
904380
904379
904373
904371
904370
904368
904352
904351
904350
904349
904346
904364
904363
904362
904361
904359
904358
904278
904280
904281
904282
904337
904326
904325
904322
904305
904304
904300
904299
904298
904297
904296
904295
904196
904293
904291
904273
904272
904271
904270
904268
904267
904266
904265
904264
904263
904261
904260
904259
904258
904256
904253
904252
904251
904250
904249
904248
904247
904246
904245
904243
904239
904238
904237
904236
904235
904234
904233
904232
904231
904230
904229
904228
904227
904226
904225
904224
904223
904222
904221
904220
904219
904218
904217
904216
904215
904214
904212
904211
904210
904209
904208
904207
904206
904205
904204
904203
904202
904201
904200
904199
904197
904195
904194
904193
904192
904184
904183
904182
904181
904180
904179
904178
904177
904176
904175
904174
904173
904172
904171
904165
904164
904120
904163
904162
904161
904160
904159
904158
904157
904155
904154
904153
904152
904151
904150
904148
904147
904146
904145
904144
904143
904142
904141
904140
904139
904138
904137
904136
904135
904134
904133
904132
904131
904130
904129
904128
904127
904126
904125
904123
904122
904121
904119
904118
904116
904115
904114
904113
904111
904110
904109
904108
904107
904106
904105
904104
904103
904102
904101
904100
904099
904098
904097
904096
904095
904094
904093
904092
904091
904090
904089
904088
904087
904086
904085
904084
904083
904082
904081
904080
904079
904078
904077
904076
904075
904074
904073
904072
904071
904070
904069
904068
904066
904064
904063
904062
904061
904060
904059
904058
904055
904054
904053
904052
904051
904050
904049
904047
904046
904045
904044
904043
904042
904041
904040
904039
904038
904037
904036
