853684
853688
853709
853676
853498
853563
853604
853365
853494
853501
853669
853257
853675
853234
853238
853231
853236
853235
853219
853652
853312
853306
853260
853218
853532
853221
853225
853233
853374
853226
853600
853239
853262
853530
853552
853247
853381
853246
853250
853347
853482
853403
853370
853354
853241
853579
853443
853380
853318
853310
853295
853466
853612
853400
853261
853594
853649
853353
853346
853599
853646
853608
853673
853245
853252
853551
853249
853481
853243
853527
853315
853313
853309
853292
853311
853305
853291
853275
853317
853308
853304
853296
853294
853288
853284
853316
853314
853303
853293
853290
853289
853287
853283
853280
853595
853407
853405
853593
853607
853602
853587
853276
853273
853272
853592
853474
853611
853601
853598
853596
853715
853512
853367
853368
853369
853725
853722
853721
853720
853719
853718
853717
853716
853714
853713
853712
853711
853710
853708
853707
853706
853705
853704
853703
853702
853701
853571
853700
853699
853698
853697
853696
853695
853694
853693
853692
853691
853690
853687
853686
853683
853682
853681
853680
853679
853678
853677
853674
853672
853671
853670
853668
853667
853666
853665
853664
853663
853662
853661
853660
853659
853658
853657
853656
853655
853654
853653
853651
853650
853648
853647
853645
853644
853643
853642
853641
853640
853639
853638
853637
853636
853635
853634
853633
853632
853631
853630
853629
853628
853627
853626
853625
853624
853623
853622
853621
853620
853619
853618
853617
853616
853615
853614
853613
853610
853609
853606
853605
853603
853597
853591
853590
853589
853588
853586
853585
853584
853583
853582
853581
853580
853578
853577
853576
853575
853574
853572
853570
853569
853567
853566
853564
853561
853560
853559
853558
853556
853555
853554
853553
853550
853549
853548
853547
853546
853545
853543
853541
853539
853538
853536
853535
853534
853533
853531
853529
853526
853525
853524
853522
853520
853519
853518
853517
853515
853514
853513
853511
853510
853509
853508
853507
853506
853505
853504
853502
853500
853497
853496
853495
853493
853492
853491
853490
853489
853488
853487
853486
853485
853484
853483
853480
853479
853478
853477
853476
853475
853473
853472
853471
853470
853468
853467
853464
853463
853462
853461
853460
853459
853458
853457
853456
853455
853454
853453
853452
853451
853450
853449
853448
853447
853446
853445
853444
853442
853441
853440
853439
853438
853437
853436
853435
853434
853433
853432
853431
853430
853429
853428
853427
853426
853425
853424
853423
853422
853421
853420
853419
853418
853417
853416
853415
853414
853413
853412
853411
853410
853408
853406
853404
853402
853401
853399
853398
853397
853396
853395
853394
853393
853392
853391
853390
853389
853388
853385
853384
853383
853382
853379
853378
853376
853375
853373
853372
853371
853366
853364
853363
853362
853361
853360
853359
853358
853357
853356
853355
853352
853351
853350
853349
853348
853345
853344
853343
853342
853341
853340
853339
853338
853337
853336
853335
853334
853333
853332
853331
853330
853329
853328
853327
853326
853325
853324
853323
853322
853320
853319
853307
853302
853301
853300
853299
853298
853297
853286
853285
853278
853277
853270
853269
853282
853279
853274
853268
853266
853265
853264
853263
853259
853258
853256
853255
853254
853253
853251
853248
853244
853242
853237
853232
853230
853229
853228
853227
853224
853223
853222
853220
853217
853216
853215
853214
853213
853212
853211
853210
853209
853208
853207
853206
853205
853204
853203
853202
853201
853200
853199
853198
853197
853196
853195
853194
853193
853192
853191
853190
853189
853188
853186
853185
853183
853182
853181
853180
853179
853178
853177
853176
853175
853174
853173
853172
853171
853170
853169
853168
853167
853166
853165
853164
853163
853162
853161
853160
853159
853158
853157
853156
853155
853154
853153
853152
853151
853150
853149
853148
853147
853146
853145
853144
853143
853142
853141
853140
853139
853138
853137
853136
853135
853134
853133
853132
853131
853130
853129
853128
853127
853126
853125
853124
853123
853122
853121
853120
853119
853118
853117
853116
853115
853114
