939619
939606
939594
939618
939541
939625
939593
939617
939591
939406
939444
939585
939429
939522
939434
939457
939542
939524
939626
939605
939592
939587
939544
939528
939450
939428
939586
939545
939527
939453
939431
939543
939584
939451
939407
939433
939509
939424
939616
939604
939590
939438
939540
939455
939408
939603
939615
939589
939320
939385
939382
939379
939378
939374
939646
939645
939644
939643
939642
939641
939640
939639
939638
939637
939636
939635
939634
939633
939632
939631
939630
939629
939628
939627
939624
939623
939622
939621
939620
939613
939612
939611
939610
939609
939608
939607
939599
939601
939602
939598
939597
939595
939583
939582
939581
939579
939578
939577
939575
939574
939573
939572
939571
939570
939569
939568
939567
939566
939565
939563
939561
939562
939560
939559
939558
939557
939556
939555
939554
939553
939552
939551
939550
939549
939548
939547
939546
939539
939538
939537
939536
939534
939531
939530
939529
939526
939525
939523
939520
939515
939513
939512
939510
939508
939507
939506
939505
939504
939503
939502
939501
939500
939499
939498
939497
939496
939495
939494
939493
939492
939491
939490
939489
939488
939487
939486
939485
939483
939482
939481
939480
939479
939478
939477
939476
939475
939474
939473
939472
939471
939470
939469
939467
939466
939464
939463
939462
939461
939460
939458
939456
939454
939452
939449
939448
939446
939443
939442
939441
939440
939439
939437
939436
939432
939430
939425
939423
939422
939421
939420
939419
939417
939416
939415
939414
939413
939412
939411
939409
939405
939403
939402
939401
939399
939398
939397
939396
939395
939391
939389
939366
939364
939387
939361
939362
939367
939383
939370
939369
939365
939354
939359
939360
939377
939358
939381
939386
939384
939380
939375
939372
939363
939356
939355
939353
939352
939351
939350
939349
939348
939347
939346
939345
939344
939343
939342
939341
939339
939338
939337
939336
939335
939334
939333
939332
939331
939330
939329
939328
939325
939324
939323
939321
939319
939318
939317
939316
939315
939313
939312
939311
939310
939309
939308
939307
939306
939305
939304
939303
939302
939301
939300
939299
939298
939297
939296
939295
939294
939293
939292
939291
939290
939289
939288
939287
939286
939283
939285
939284
939282
939281
939280
939279
939278
939277
939276
939275
939274
939273
939272
939271
939270
939269
939268
939267
939266
939265
939264
939263
939262
939261
939260
939259
939258
939257
939256
939255
939254
939253
939252
939251
939250
939249
939248
939247
939246
939245
939244
939243
939242
939241
939240
939239
939238
939237
939236
939235
939234
939233
939232
939231
939229
939228
939204
939205
939206
939208
939209
939210
939211
939212
939213
939214
939215
939216
939217
939218
939219
939220
939221
939222
939223
939224
939225
939226
939227
939207
939203
939202
