917114
917113
916852
916839
916849
917473
917472
917471
917470
917469
917160
917468
917467
917466
917465
917464
917463
917462
917459
917458
917457
917524
917523
917456
917455
917454
917453
917452
916958
917383
917382
917381
917346
917353
917354
917347
917177
917161
916935
916936
916937
916938
916939
916940
916941
916942
916943
917091
917348
917349
917352
916842
916850
917233
917451
917450
917449
917448
917447
916896
916898
916900
916901
916902
916903
916904
916906
916907
916848
917231
917226
917155
917121
917446
917445
917444
917443
917442
917535
917123
916897
916854
916916
916917
916918
916919
916920
916921
916922
916923
916924
916930
916932
916934
917537
917520
917153
917122
917351
917350
917120
917156
916847
916843
917519
917152
917119
917150
916841
917118
917093
917092
916837
916838
916835
916834
916910
916911
916912
916913
916914
916915
917516
917514
917513
917512
917511
917441
917439
917438
917436
917435
916883
916884
916885
916886
916887
916888
916889
916890
916891
916892
916893
916894
916895
916870
916871
916872
916873
916874
916875
916876
916877
916878
916879
916880
916881
916882
916860
916861
916862
916863
916864
916865
916833
917102
917103
917159
917429
917428
917427
917425
917424
917423
917421
916845
916844
916905
917419
917417
916832
916831
917414
917410
917399
917407
917404
917396
917126
917394
917393
917062
917060
917057
917054
917053
917052
917619
917618
917617
917616
917615
917614
917613
917612
917611
917610
917609
917608
917607
917606
917605
917603
917601
917600
917599
917598
917597
917596
917595
917593
917592
917591
917590
917589
917588
917587
917586
917585
917584
917582
917581
917580
917579
917577
917575
917574
917573
917572
917570
917569
917568
917567
917566
917564
917561
917558
917557
917556
917555
917554
917553
917552
917551
917550
917549
917548
917547
917546
917545
917544
917543
917542
917541
917540
917539
917538
917536
917534
917533
917530
917529
917528
917527
917526
917522
917521
917518
917515
917487
917440
917437
917434
917433
917432
917426
917415
917413
917412
917408
917406
917403
917402
917398
917392
917391
917390
917389
917387
917386
917385
917380
917379
917378
917377
917376
917375
917374
917373
917372
917371
917370
917369
917368
917367
917366
917365
917364
917363
917362
917361
917360
917359
917358
917357
917356
917355
917345
917344
917343
917342
917341
917340
917339
917338
917337
917336
917335
917334
917333
917332
917331
917330
917329
917328
917327
917326
917325
917324
917322
917321
917320
917319
917318
917317
917316
917315
917314
917313
917312
917311
917310
917309
917308
917307
917306
917305
917304
917302
917301
917300
917299
917298
917297
917296
917295
917294
917293
917292
917291
917290
917289
917287
917286
917285
917284
917283
917282
917281
917280
917279
917278
917277
917276
917275
917274
917273
917272
917271
917269
917268
917267
917266
917265
917264
917263
917262
917261
917260
917259
917258
917257
917256
917255
917254
917253
917252
917251
917250
917249
917248
917247
917246
917245
917244
917243
917242
917241
917240
917239
917238
917237
917236
917234
917232
917230
917229
917228
917227
917225
917224
917223
917222
917221
917220
917219
917218
917217
917216
917215
917214
917213
917212
917211
917210
917209
917208
917207
917206
917205
917204
917203
917202
917201
917200
917199
917198
917197
917196
917195
917194
917193
917192
917191
917190
917189
917188
917187
917186
917185
917184
917183
917182
917181
917180
917179
917178
917176
917175
917174
917172
917171
917170
917169
917168
917167
917166
917165
917164
917163
917162
917158
917157
917154
917151
917149
917148
917147
917146
917145
917144
917143
917142
917141
917140
917139
917138
917137
917136
917135
917133
917132
917131
917130
917129
917128
917127
916909
917125
917124
917117
917116
917112
917111
917110
917109
917108
917107
917106
917105
917104
917101
917100
917099
917098
917097
917096
917095
917094
917090
917089
917088
917087
917086
917085
917059
917058
917051
917050
917048
917084
917083
917082
917081
917080
917079
917078
917077
917076
917075
917074
917073
917072
917071
917070
917069
917068
917067
917066
917065
917064
917061
917056
917055
917049
917047
917046
917045
917044
917043
917041
917039
917038
917037
917036
917033
917032
917031
917030
917029
917028
917027
917023
917022
917021
917019
917018
917017
917016
917015
917014
917013
917012
917011
917010
917009
917008
917007
917006
917005
917004
917003
917002
917001
917000
916999
916998
916997
916996
916995
916993
916992
916991
916990
916989
916988
916987
916986
916985
916984
916983
916982
916981
916980
916979
916978
916977
916976
916975
916974
916973
916972
916971
916969
916968
916967
916966
916965
916964
916963
916962
916961
916960
916959
916957
916956
916955
916954
916953
916952
916951
916950
916949
916948
916947
916946
916945
916944
916933
916931
916929
916928
916927
916926
916908
916869
916868
916866
916859
916858
916857
916856
916855
916853
916851
916840
916836
