890967
890965
890884
890971
890980
890990
890961
890960
891004
890999
890966
890970
890979
890989
890997
890956
890996
890948
890995
890994
890955
890947
890946
890992
890991
890988
890986
890985
890978
890957
890984
890983
890977
890973
890945
890954
890944
890987
890982
890981
890964
890959
890958
890952
890942
890943
891239
890939
890937
890935
890932
890930
891358
891360
891361
891362
890903
890889
890883
891094
890882
890969
890963
890940
890938
890933
890968
890962
890941
890936
890934
890924
890925
890927
891353
891356
891357
890929
890926
890874
891331
891367
891245
891189
891171
891170
891365
891142
891139
891135
891125
891044
891363
891352
891351
890879
891120
891147
891118
891042
891110
891144
891112
891128
891368
891122
891115
891136
891129
891131
891041
891512
891513
891514
891168
891203
891206
891207
891208
891209
891210
891211
891212
891213
891214
891215
891216
891217
891218
891220
891221
891222
891224
891225
891226
891228
891229
891230
891231
891232
891233
891234
891235
891237
891241
891244
891246
891248
891249
891250
891253
891254
891310
891312
891323
891327
891359
891371
891378
891379
891132
891130
891123
891116
891040
891145
891138
891134
891127
891113
890900
891077
891076
891108
891107
891106
891105
891104
891103
891102
891101
891100
890895
890865
890880
890907
891013
891345
890897
890858
891511
890875
890872
891401
891400
891399
891404
891405
891406
891407
891403
891402
890885
891012
891011
891010
891007
890876
891009
891008
891006
891005
891003
891002
891001
891000
891408
891398
891396
891409
891410
891411
891412
891413
891414
891415
891416
891417
891418
891419
891420
891421
891422
891423
891424
891425
891426
891427
891428
891429
891430
891431
891432
891433
891434
891435
891436
891437
891438
891439
891440
891441
891442
891443
891444
891445
891446
891447
891449
891450
891451
891452
891453
891454
891455
891456
891457
891458
891459
891460
891461
891462
891463
891464
891465
891466
891467
891468
891469
891470
891471
891472
891473
891474
891475
891476
891477
891478
891479
891480
891481
891482
891483
891484
891485
891486
891487
891488
891489
891491
891492
891493
891494
891495
891496
891497
891498
891499
891500
891501
891502
891503
891504
891505
891506
891507
891508
891509
891510
891395
891394
891393
891392
891391
891390
891389
891388
891387
891386
891385
891384
891383
891382
891381
891380
891377
891376
891375
891374
891372
891370
891369
891366
891364
891355
891354
891350
891349
891348
891347
891071
891344
891343
891342
891341
891340
891337
891336
891335
891334
891333
891332
891330
891329
891326
891324
891319
891318
891261
891252
891243
891227
891205
891204
891202
891201
891200
891199
891198
891197
891196
891195
891194
891193
891192
891191
891190
891188
891187
891186
891184
891183
891182
891181
891180
891179
891178
891177
891176
891175
891173
891172
891169
891167
891166
891165
891164
891163
891162
891161
891159
891156
891155
891154
891153
891152
891151
891150
891149
891148
891146
891143
891140
891141
891137
891133
891124
891121
891117
891119
891109
891126
891114
891111
890993
891099
891098
891097
891093
891092
891091
891090
891089
891088
891087
891086
891085
891084
891083
891082
891081
891080
891079
891078
891075
891074
891073
891072
891070
891069
891068
891067
891066
891065
891064
891063
891062
891061
891060
891059
891058
891057
891056
891055
891054
891053
891052
891051
891050
891049
891048
891047
891046
891045
891043
891028
891029
891030
891032
891033
891034
891035
891036
891039
891038
891037
891031
891027
891026
891025
891024
891023
891019
891018
891017
891016
890998
890976
890975
890974
890972
890953
890951
890950
890949
890931
890928
890923
890922
890921
890919
890918
890916
890915
890914
890913
890912
890911
890910
890909
890908
890906
890905
890904
890902
890901
890899
890898
890896
890894
890893
890892
890891
890890
890888
890887
890886
890881
890878
890877
890871
890870
890869
890868
890867
890866
890864
890863
890862
890861
890860
890859
890857
890856
890855
890854
