927458
927457
927651
927467
927468
927470
927472
927473
927475
927476
927478
927479
927481
927459
927460
927461
927444
927439
927616
927609
927604
927601
927591
927570
927587
927580
927597
927574
927588
927448
927433
927431
927523
927423
927415
927410
927611
927606
927449
927435
927524
927595
927582
927573
927447
927438
927429
927424
927247
927615
927608
927593
927585
927577
927443
927436
927430
927313
927455
927291
927284
927526
927425
927600
927592
927586
927571
927445
927432
927420
927416
927412
927440
927248
927610
927599
927590
927579
927569
927522
927442
927437
927427
927419
927414
927409
927290
927288
927413
927407
927249
927454
927453
927374
927328
927327
927576
927575
927463
927462
927485
927486
927487
927488
927489
927294
927292
927287
927308
927307
927306
927305
927304
927303
927302
927301
927484
927483
927482
927480
927477
927474
927471
927469
927466
927464
927450
927446
927441
927434
927428
927422
927418
927411
927408
927406
927404
927403
927402
927400
927399
927398
927396
927395
927490
927491
927492
927493
927494
927495
927496
927497
927498
927499
927500
927501
927502
927503
927551
927552
927553
927554
927555
927556
927505
927506
927507
927508
927509
927510
927512
927513
927514
927515
927516
927517
927518
927519
927541
927540
927539
927538
927537
927536
927535
927533
927195
927194
927187
927171
927169
927185
927174
927172
927167
927168
927217
927664
927193
927192
927191
927189
927165
927663
927662
927661
927660
927659
927658
927656
927655
927654
927532
927643
927641
927640
927639
927638
927637
927636
927635
927634
927633
927632
927631
927627
927626
927625
927623
927622
927620
927618
927617
927607
927605
927602
927596
927594
927565
927561
927559
927558
927550
927545
927527
927525
927521
927520
927511
927465
927452
927426
927421
927417
927401
927397
927394
927393
927392
927391
927390
927389
927388
927387
927386
927385
927384
927383
927382
927381
927380
927379
927377
927376
927375
927373
927372
927371
927370
927369
927368
927367
927366
927365
927364
927363
927362
927361
927360
927359
927358
927356
927355
927354
927353
927349
927347
927345
927344
927340
927339
927334
927333
927332
927331
927330
927329
927325
927324
927323
927322
927321
927320
927319
927318
927317
927316
927315
927314
927312
927300
927299
927298
927297
927295
927286
927282
927281
927270
927272
927275
927271
927265
927262
927255
927254
927264
927263
927269
927268
927267
927253
927260
927259
927256
927280
927279
927278
927277
927258
927257
927266
927276
927274
927273
927261
927251
927250
927246
927245
927244
927243
927242
927241
927240
927239
927238
927237
927236
927234
927160
927159
927158
927157
927233
927232
927231
927230
927229
927218
927219
927220
927222
927223
927224
927225
927226
927228
927227
927221
927216
927215
927214
927213
927212
927211
927210
927209
927208
927207
927206
927205
927204
927203
927164
927163
927162
927161
927166
927202
927201
927200
927199
927198
927196
927190
927188
927186
927184
927183
927181
927180
927179
927178
927177
927175
927173
927170
927156
927155
927154
927153
927152
927151
927150
927149
927148
927147
927146
927145
927144
927143
927142
927141
927140
927139
927138
927137
927136
927135
927134
927133
927132
927131
927130
927129
927128
927127
927126
927124
927121
927120
927119
927118
927117
927116
927115
