854847
854857
854853
854856
854852
854848
854846
854855
854851
854854
854850
854752
854777
855068
855037
855141
855055
855151
855121
855069
855054
855214
855209
855203
855149
855053
855007
854991
854976
854967
854959
854911
854781
854930
855001
855040
855123
855195
854950
855181
855194
855257
854928
855006
854988
854925
854964
854972
855211
855204
855202
854919
854917
854909
855052
855205
855145
855120
854915
854975
854845
854927
854958
854922
855050
855035
855065
854944
854945
854946
854947
854948
855206
855201
855213
855142
855049
855039
855004
854990
854974
854965
854963
854956
854920
854918
854916
854912
854908
854760
854758
854921
854913
855036
855170
855162
855161
855153
855152
854836
854833
855164
855160
855155
855150
855148
855143
855136
854828
855168
855159
855156
855144
855140
855137
854837
854831
855169
855167
855163
855158
854834
855251
855146
855139
854839
854835
854830
854873
855166
855157
854827
855147
855138
854878
854882
855291
855290
855289
855288
855287
855286
855285
855284
855283
855282
855281
855280
855279
855278
855277
855276
855275
855273
855272
855271
855270
855269
855268
855267
855266
855265
855264
855263
855262
855261
855260
855259
855258
855256
855255
855254
855253
855252
855250
855249
855248
855247
855246
855245
855244
855243
855242
855241
855240
855239
855238
855237
855236
855235
855234
855232
855231
855230
855229
855228
855227
855226
855225
855224
855223
855222
855221
855220
855219
855218
855217
855216
855215
855212
855210
855208
855207
855200
855199
855198
855197
855196
855193
855192
855191
855190
855189
855188
855187
855186
855185
855184
855183
855182
855180
855179
855177
855176
855175
855174
855173
855172
855171
855165
855154
855135
855134
855133
855132
855131
855130
855129
855128
855127
855126
855125
855124
855122
855119
855118
855117
855116
855115
855114
855113
855112
855111
855110
855109
855108
855107
855106
855105
855104
855103
855102
855101
855100
855098
855095
855094
855093
855092
855091
855090
855089
855088
855087
855085
855084
855083
855082
855081
855080
855079
855078
855077
855075
855074
855073
855072
855071
855070
855067
855066
855064
855063
855061
855058
855057
855056
855051
855048
855047
855046
855045
855044
855043
855042
855041
855034
855033
855032
855031
855029
855028
855027
855026
855025
855024
855023
855022
855021
855020
855019
855018
855017
855016
855014
855013
855012
855009
855008
855002
855000
854999
854998
854997
854996
854995
854994
854993
854992
854989
854987
854986
854985
854984
854983
854982
854981
854980
854979
854978
854977
854973
854971
854970
854969
854968
854966
854962
854961
854960
854957
854955
854954
854953
854952
854951
854949
854943
854942
854941
854940
854939
854938
854937
854936
854935
854934
854933
854932
854931
854929
854926
854924
854923
854914
854910
854907
854906
854905
854904
854903
854902
854901
854900
854899
854898
854897
854896
854895
854894
854893
854892
854891
854890
854889
854887
854886
854884
854883
854881
854880
854876
854875
854872
854871
854870
854869
854868
854867
854866
854865
854864
854863
854862
854861
854860
854859
854858
854849
854844
854843
854842
854841
854840
854838
854832
854829
854826
854825
854824
854823
854822
854821
854819
854818
854817
854816
854815
854814
854813
854812
854811
854810
854809
854808
854807
854806
854805
854804
854803
854802
854801
854800
854799
854798
854797
854796
854795
854794
854793
854792
854791
854790
854789
854788
854787
854786
854785
854784
854783
854782
854780
854779
854776
854775
854774
854773
854772
854771
854770
854769
854768
854767
854766
854764
854763
854762
854761
854757
854756
854755
854754
854753
