769948
769996
769999
770160
770346
770235
770233
770228
769963
770215
770232
770231
770230
770229
769966
769970
770227
770400
770409
770402
770401
769951
769950
769985
769984
770405
770407
770299
770298
770297
770296
770295
770293
770292
770291
770290
770075
770076
770077
770078
770079
770080
770081
770082
770084
770085
770086
770087
770088
770089
770090
770091
770092
770093
770094
770095
770096
770097
770098
770099
770100
770101
770102
770103
770104
770105
770106
770107
770108
770109
770110
770112
770113
770115
770116
770118
770119
770120
770121
770123
770124
770125
770126
770127
770128
770129
770130
770131
770132
770133
770269
770268
770267
770266
770265
770264
770263
770262
770261
770260
770259
770258
770257
770256
770255
770254
770253
770252
770251
770250
770249
770248
770247
770246
770245
770244
770243
770239
770385
770377
770375
770374
770372
770370
770368
770367
770190
770191
770192
770361
770360
770359
770358
770350
770349
770345
770344
770343
770342
770341
770340
770339
770338
770337
770336
770335
770334
770333
770332
770331
770330
770328
770329
770327
770326
770325
770324
770323
770322
770321
770320
770319
770318
770317
770316
770315
770314
770313
770309
770311
770310
770312
770308
770307
770306
770305
770304
770303
770302
770301
770300
770289
770288
770287
770285
770284
770283
770282
770281
770280
770274
770273
770272
770271
770270
770242
770241
770240
770238
770237
770236
770226
770224
770223
770220
770219
770218
770217
770216
770214
770213
770212
770211
770210
770209
770208
770207
770206
770205
770203
770202
770201
770200
770199
770198
770197
770196
770195
770194
770193
770188
770187
770186
770185
770184
770183
770182
770180
770179
770178
770177
770176
770175
770174
770173
770172
770171
770170
770169
770168
770167
770166
770165
770164
770163
770161
770159
770158
770157
770156
770155
770154
770153
770152
770151
770150
770149
770148
770147
770146
770145
770144
770143
770142
770141
770074
770073
770140
770072
770071
770070
770069
770068
770067
770066
770065
770064
770063
770062
770061
770060
770059
770058
770057
770056
770055
770054
770053
770052
770051
770050
770049
770048
770047
770046
770045
770044
770043
770042
770041
770040
770039
770038
770037
770036
770139
770138
770137
770136
770135
770134
770122
770117
770114
770111
770083
770035
770034
770033
770032
770031
770030
770029
770028
770027
770026
770025
770024
770023
770022
770021
770020
770019
770018
770017
770016
770015
770014
770013
770012
770011
770010
770009
770008
770007
770006
770005
770004
770003
770002
770001
770000
769998
769997
769995
769994
769993
769992
769991
769990
769989
769987
769986
769983
769982
769981
769980
769979
769978
769977
769976
769975
769974
769973
769972
769971
769969
769968
769967
769965
769964
769962
769960
769959
769958
769957
769956
769954
769949
769947
769946
769945
769944
769943
769942
769941
769940
769939
769938
769937
769936
769935
769934
769932
769931
769930
769929
769928
769926
769925
769924
769923
769922
769921
769920
769919
769918
