936990
936989
936962
936961
937008
937005
937017
936931
936911
937016
937006
936965
936964
936963
936874
936873
936872
936867
936865
936863
937014
936920
936918
936875
936879
936876
936862
936859
937015
937012
936929
936907
937043
937042
936991
936993
936839
936843
936840
936845
936848
936850
936854
936855
936856
937013
936979
936977
936975
936930
937011
936888
936871
936869
936868
936857
936835
936853
936852
936849
936846
936838
936837
936976
937007
936922
936832
936912
936913
936910
936834
936831
936924
936836
936830
936829
936826
937066
937065
937064
937063
937062
937061
936726
937046
937045
937044
937059
937058
936761
936760
936851
936972
936973
936974
936777
936779
936783
936786
936792
936795
936798
936799
936804
937025
937026
937029
937030
937032
937034
937035
937036
937038
937039
937041
937057
937056
937049
937052
937053
937051
937050
937047
937037
937033
937031
937028
937027
937024
937022
937021
937020
937019
937018
937010
937009
937004
937003
937002
937001
937000
936999
936998
936997
936996
936995
936992
936988
936987
936986
936985
936984
936983
936982
936981
936980
936978
936971
936970
936969
936968
936967
936966
936958
936956
936955
936954
936953
936952
936951
936950
936949
936948
936947
936946
936945
936944
936943
936942
936941
936939
936938
936937
936936
936935
936933
936932
936928
936927
936926
936925
936923
936921
936919
936917
936916
936915
936914
936909
936908
936906
936905
936887
936885
936884
936883
936882
936881
936880
936878
936877
936870
936866
936864
936861
936860
936858
936847
936844
936841
936833
936815
936816
936821
936822
936823
936824
936825
936820
936819
936818
936817
936828
936814
936813
936812
936811
936810
936808
936807
936806
936805
936803
936802
936801
936800
936797
936796
936794
936793
936791
936790
936789
936788
936787
936785
936784
936782
936780
936778
936776
936775
936774
936773
936772
936771
936770
936765
936764
936766
936767
936769
936768
936763
936762
936759
936758
936757
936756
936755
936754
936753
936752
936751
936749
936748
936747
936746
936745
936743
936742
936741
936740
936739
936738
936737
936736
936735
936733
936732
936731
936730
936729
936728
936727
936725
936724
936723
936722
936720
936713
936714
936715
936716
936717
936718
936719
936712
936708
936709
936711
936710
936707
936706
936705
936704
936703
936702
936701
936700
936699
936698
936697
936696
936695
936694
936689
936690
936691
936692
936693
936688
936680
936682
936686
936687
936685
936684
936683
936681
936679
936676
936675
936674
936673
936672
936671
936670
