847545
847455
847454
847438
847431
847429
847425
847416
847408
847225
847226
847194
847433
847426
847407
847206
847200
847348
847344
847458
847199
847205
847409
847415
847422
847204
847198
847340
847337
847435
847420
847410
847413
847208
847201
847453
847338
847339
847427
847424
847437
847430
847417
847412
847405
847207
847197
847336
847196
847203
847224
847202
847195
847270
847355
847218
847220
847232
847395
847386
847384
847389
847394
847484
847483
847482
847481
847378
847240
847539
847393
847547
847546
847544
847543
847542
847538
847540
847537
847536
847535
847533
847532
847530
847528
847527
847526
847525
847524
847521
847520
847519
847518
847517
847516
847515
847514
847513
847512
847511
847510
847509
847508
847507
847506
847505
847504
847503
847502
847501
847500
847499
847498
847497
847496
847495
847494
847493
847492
847491
847490
847489
847488
847487
847486
847476
847475
847474
847473
847472
847471
847485
847480
847479
847478
847477
847470
847469
847468
847467
847466
847465
847464
847463
847462
847461
847460
847459
847457
847456
847451
847450
847449
847448
847447
847446
847445
847444
847443
847442
847441
847440
847439
847436
847434
847432
847428
847423
847421
847419
847418
847414
847411
847406
847403
847401
847400
847399
847397
847396
847390
847388
847398
847392
847391
847387
847385
847383
847382
847381
847380
847379
847377
847376
847375
847374
847373
847372
847371
847370
847369
847368
847367
847366
847365
847364
847363
847362
847361
847360
847359
847358
847357
847356
847354
847353
847352
847351
847350
847349
847347
847346
847343
847342
847341
847335
847334
847333
847332
847331
847330
847329
847328
847327
847326
847325
847324
847323
847322
847321
847320
847319
847316
847315
847314
847313
847312
847311
847310
847309
847308
847307
847306
847305
847304
847303
847302
847301
847300
847299
847298
847296
847295
847294
847293
847292
847291
847290
847289
847288
847287
847286
847285
847284
847283
847282
847281
847280
847279
847278
847277
847276
847275
847274
847273
847272
847271
847269
847267
847266
847265
847264
847263
847262
847261
847260
847259
847258
847257
847256
847255
847254
847253
847252
847248
847249
847251
847250
847247
847246
847245
847244
847243
847242
847241
847153
847163
847164
847166
847172
847239
847238
847237
847236
847235
847234
847233
847231
847230
847229
847228
847227
847223
847222
847221
847158
847160
847157
847219
847217
847216
847215
847214
847213
847212
847211
847210
847209
847161
847168
847165
847192
847191
847190
847189
847188
847187
847186
847185
847184
847183
847182
847181
847180
847179
847178
847171
847176
847177
847175
847174
847173
847169
847167
847162
847159
847156
847155
847154
847152
847151
847150
847149
847148
847147
847146
847145
847144
847143
847142
847141
847140
847138
847137
847136
847135
847134
847133
847132
