791198
791333
790941
790972
790973
790970
791213
791214
791221
791215
791212
791203
791208
791211
791207
791205
791099
791096
791093
791091
791172
791084
791083
791048
791046
791039
791090
791082
791043
791102
791095
791056
791173
791035
791034
791050
791042
791041
791219
791210
791216
791206
791204
791171
791044
791052
791051
791031
791086
791101
791097
791053
791055
791094
791085
791032
791223
791222
791218
791209
791202
791201
791098
791047
791045
791040
791033
791247
791299
791302
791305
791306
791312
791318
791319
791328
791332
791402
791446
791447
791448
791104
791196
791129
791179
791178
791515
791507
791504
791176
791167
791166
791165
791164
791163
791154
791151
791146
791132
791378
791280
791383
791381
791380
791379
791377
791376
791375
791373
791372
791371
791370
791369
791368
791366
791367
791364
791363
791362
791361
791360
791359
791357
791358
791356
791354
791353
791352
791350
791349
791348
791347
791344
791343
791340
791339
791338
791337
791283
791281
791278
791276
791273
791271
791269
791260
791258
791257
791255
791254
791253
791252
791251
791155
791153
791152
791150
791149
791147
791145
791144
791143
791142
791141
791140
791139
791138
791137
791136
791457
791458
791459
791460
791461
791463
791464
791465
791466
791469
791470
791471
791472
791473
791474
791475
791476
791477
791478
791479
791480
791481
791482
791483
791484
791485
791487
791488
791489
791490
791491
791492
791493
791494
791495
791496
791500
791519
791518
791517
791508
791509
791510
791511
791512
791513
791514
791516
791506
791505
791503
791502
791498
791497
791486
791468
791467
791456
791455
791454
791453
791452
791451
791450
791449
791444
791443
791442
791441
791440
791432
791431
791439
791438
791437
791436
791435
791434
791433
791430
791429
791428
791427
791426
791425
791424
791423
791422
791421
791420
791419
791418
791417
791416
791415
791414
791413
791412
791411
791410
791409
791408
791407
791406
791405
791404
791403
791401
791400
791399
791398
791397
791396
791395
791394
791384
791386
791387
791388
791389
791391
791390
791385
791382
791374
791365
791355
791346
791345
791342
791341
791336
791335
791334
791331
791330
791329
791327
791326
791325
791323
791321
791320
791317
791316
791315
791314
791313
791300
791298
791295
791311
791310
791309
791308
791307
791304
791303
791301
791297
791296
791293
791292
791291
791290
791289
791288
791286
791285
791284
791282
791279
791277
791275
791272
791270
791268
791267
791266
791265
791264
791263
791262
791261
791259
791256
791250
791249
791246
791245
791243
791242
790978
790979
790980
790982
790983
790984
790985
790986
790987
790988
790989
790990
790991
790992
790993
790994
790995
790996
790997
790998
790999
791000
791001
791002
791003
791004
791005
791006
791241
791239
791238
791237
791236
791235
791234
791233
791232
791231
791230
791229
791227
791225
791224
791220
791217
791200
791199
791195
791194
791078
791076
791075
791074
791073
791072
791193
791192
791191
791190
791071
791070
791069
791068
791067
791189
791188
791187
791186
791185
791184
791183
791182
791181
791177
791174
791170
791169
791168
791162
791161
791160
791159
791158
791157
791156
791148
791134
791135
791133
791131
791130
791128
791127
791126
791125
791124
791123
791122
791121
791120
791119
791118
791117
791115
791114
791113
791112
791111
791109
791108
791107
791106
791105
791103
791100
791092
791089
791088
791087
791081
791080
791079
791066
791065
791064
791063
791062
791061
791060
791059
791058
791057
791054
791049
791038
791037
791036
791030
791029
791028
791027
791026
791025
791024
791023
791022
791021
791020
791019
791018
791017
791016
791015
791014
791013
791012
791011
791010
791009
791008
791007
790981
790976
790975
790974
790969
790968
790967
790966
790965
790964
790963
790962
790960
790959
790958
790957
790955
790954
790953
790952
790950
790949
790948
790947
790946
790945
790944
790943
790942
790940
790939
790938
790937
790936
790935
790934
790933
790932
790930
