743564
743735
743734
743885
743741
743962
743946
743964
743945
743931
743739
743961
743923
743932
743740
743935
743883
743963
743733
743934
743947
743924
743743
743738
743929
743944
743736
743751
743746
743749
743524
743729
743654
743652
743651
743527
743622
743620
743742
743526
743523
743525
743571
743792
743973
743546
743761
743765
743771
743830
743843
743882
743898
743950
743627
743669
743972
743697
743701
743879
743566
743671
743593
743522
743748
743755
743757
743745
743604
743603
743605
743606
743982
743981
743980
743979
743978
743977
743976
743975
743974
743971
743970
743969
743967
743966
743965
743920
743960
743959
743958
743957
743956
743955
743954
743953
743952
743951
743949
743948
743919
743922
743921
743918
743942
743941
743940
743939
743938
743937
743936
743933
743930
743928
743927
743926
743925
743917
743916
743915
743914
743913
743912
743911
743910
743909
743908
743907
743906
743905
743904
743903
743902
743900
743899
743897
743896
743894
743893
743892
743890
743889
743888
743886
743884
743881
743880
743878
743877
743876
743875
743874
743873
743871
743870
743869
743868
743867
743866
743865
743864
743863
743862
743861
743860
743859
743858
743857
743856
743855
743854
743853
743852
743851
743849
743848
743847
743846
743845
743844
743842
743841
743840
743839
743838
743837
743836
743835
743834
743833
743832
743831
743828
743827
743826
743825
743824
743823
743822
743821
743820
743819
743818
743817
743816
743815
743814
743813
743812
743811
743810
743809
743808
743807
743806
743804
743803
743802
743801
743800
743799
743798
743797
743796
743795
743794
743791
743790
743789
743788
743787
743786
743785
743784
743783
743782
743781
743780
743779
743778
743777
743776
743775
743774
743773
743772
743770
743769
743768
743767
743766
743764
743763
743762
743760
743759
743758
743756
743754
743753
743752
743750
743747
743744
743737
743732
743731
743730
743728
743727
743726
743725
743724
743723
743722
743721
743720
743719
743718
743717
743716
743715
743714
743713
743712
743711
743710
743709
743708
743707
743706
743705
743704
743703
743702
743700
743699
743698
743696
743695
743694
743693
743692
743691
743690
743689
743688
743687
743686
743685
743684
743683
743682
743681
743680
743679
743678
743677
743676
743675
743674
743673
743672
743668
743664
743663
743662
743661
743660
743659
743657
743656
743655
743653
743650
743649
743647
743646
743645
743644
743643
743642
743641
743637
743636
743634
743633
743632
743630
743629
743628
743626
743625
743624
743623
743621
743619
743616
743615
743614
743613
743612
743611
743610
743609
743608
743607
743601
743600
743599
743598
743597
743596
743595
743592
743590
743589
743587
743585
743584
743583
743582
743581
743580
743579
743578
743577
743576
743575
743574
743573
743572
743570
743569
743568
743567
743565
743563
743562
743561
743560
743559
743558
743557
743555
743554
743556
743553
743552
743551
743550
743549
743548
743547
743545
743544
743543
743542
743541
743540
743539
743538
743537
743536
743535
743534
743533
743532
743531
743530
743529
743528
