827474
827195
827194
827360
827350
827317
827306
827287
827358
827327
827556
827541
827518
827515
827305
827256
827203
827286
827192
827304
827285
827255
827202
827191
827554
827534
827501
827497
827498
827494
827491
827551
827356
827322
827316
827303
827279
827254
827201
827190
827149
827148
827532
827517
827514
827499
827493
827492
827145
827087
827163
827158
827156
827144
827085
827300
827276
827252
827200
827189
827146
827184
827181
827180
827178
827171
827175
827182
827174
827173
827176
827179
827157
827159
827153
827084
827507
827065
827177
827314
827325
827354
827361
827363
827365
827375
827401
827403
827404
827407
827408
827431
827483
827484
827505
827521
827526
827533
827539
827083
827080
827267
827269
827271
827268
827061
827057
827294
827675
827674
827673
827672
827671
827670
827669
827668
827667
827666
827665
827664
827663
827662
827661
827660
827659
827658
827657
827656
827655
827654
827653
827652
827651
827650
827649
827648
827647
827646
827645
827644
827643
827642
827641
827640
827639
827638
827637
827636
827635
827634
827633
827632
827631
827630
827629
827628
827627
827622
827621
827620
827619
827618
827617
827616
827615
827614
827613
827612
827611
827610
827609
827608
827607
827606
827605
827604
827602
827601
827600
827599
827597
827595
827594
827592
827591
827590
827589
827588
827587
827586
827585
827584
827583
827582
827581
827579
827578
827576
827574
827573
827572
827570
827569
827568
827567
827566
827565
827564
827563
827562
827561
827560
827559
827558
827557
827555
827553
827552
827550
827549
827548
827547
827546
827545
827544
827543
827542
827540
827538
827537
827536
827535
827531
827530
827529
827528
827527
827525
827524
827523
827522
827520
827516
827513
827512
827511
827510
827509
827508
827506
827504
827503
827502
827500
827496
827495
827490
827489
827488
827487
827486
827485
827482
827481
827480
827479
827478
827477
827476
827475
827473
827471
827469
827467
827466
827465
827464
827463
827462
827460
827459
827458
827457
827456
827455
827454
827453
827452
827451
827450
827449
827448
827447
827446
827445
827444
827443
827442
827441
827440
827439
827438
827437
827436
827435
827434
827433
827432
827430
827429
827428
827427
827426
827425
827424
827423
827422
827421
827420
827419
827418
827417
827416
827415
827414
827413
827412
827411
827410
827409
827406
827405
827402
827400
827399
827398
827397
827396
827395
827394
827393
827392
827391
827390
827389
827387
827386
827385
827384
827382
827381
827380
827379
827378
827377
827376
827374
827373
827372
827371
827370
827369
827368
827367
827366
827364
827362
827359
827355
827357
827353
827351
827349
827348
827345
827344
827343
827342
827341
827340
827338
827337
827336
827335
827334
827333
827332
827331
827330
827329
827328
827326
827324
827323
827321
827320
827319
827318
827315
827313
827311
827310
827309
827308
827307
827302
827301
827299
827298
827297
827296
827295
827293
827292
827291
827290
827289
827288
827284
827283
827282
827281
827275
827274
827273
827272
827270
827266
827265
827264
827263
827262
827261
827260
827259
827258
827257
827253
827251
827250
827249
827248
827247
827246
827245
827244
827243
827242
827241
827240
827239
827238
827237
827236
827235
827234
827233
827232
827231
827230
827229
827228
827227
827226
827213
827225
827212
827211
827224
827223
827214
827216
827222
827221
827220
827219
827218
827217
827215
827210
827209
827208
827207
827206
827205
827204
827199
827198
827197
827196
827193
827188
827187
827185
827183
827172
827170
827169
827167
827166
827165
827164
827162
827161
827160
827155
827154
827152
827151
827150
827147
827143
827142
827141
827140
827139
827138
827137
827136
827135
827134
827133
827132
827131
827130
827129
827128
827127
827125
827123
827122
827121
827120
827118
827117
827116
827115
827114
827113
827112
827111
827110
827109
827108
827107
827105
827104
827103
827099
827098
827097
827096
827095
827094
827093
827092
827091
827090
827089
827086
827082
827081
827079
827078
827077
827074
827073
827072
827071
827070
827069
827068
827067
827066
827064
827063
827062
827060
827059
827058
827056
827055
827054
827053
827051
827050
827049
827048
827046
827044
827043
827042
827040
827039
827038
827037
827036
827035
827034
827033
827032
827031
827030
827028
827027
827026
827023
