762638
762646
762647
762674
762807
762818
762826
762822
762665
762644
762621
762620
762619
762618
762622
762623
762624
762625
762824
762823
762816
763121
762844
762814
762817
762825
762820
763146
762845
762819
762815
762639
762983
762982
762981
762980
762979
762978
762977
762976
762974
762973
762975
762972
762971
762970
762969
762968
762967
762966
762965
762964
762963
762962
762961
762960
762959
762958
762957
762956
762955
762954
762953
762952
762951
762950
762949
762948
762947
762946
762945
762944
762942
762941
762940
762939
762938
762937
762936
762935
762934
762933
762932
762931
762930
762929
762928
762926
762927
762925
762924
762923
762922
762921
762920
762919
762918
762917
762916
762915
762914
762913
762912
762911
762910
762909
762908
762907
762906
762905
762904
762903
762902
762901
762900
762899
762898
762897
762896
762895
762894
762893
762892
762891
762890
762889
762888
762887
762886
762885
762884
762883
762882
762881
762880
762879
763113
763139
763132
763131
763125
763123
762810
762809
762806
762805
762804
762803
762802
762801
762800
762799
762798
762797
762796
762795
762794
762793
762791
762790
762789
762788
762787
762786
762785
762784
762783
762782
762781
762779
762778
762776
762775
762774
762773
762772
762771
762770
762769
762768
762767
762766
762765
762764
762763
762762
762761
762760
762759
762758
762757
762756
762755
762754
762753
762752
762750
762749
762748
762747
762746
763104
763102
763101
763100
763099
763098
763097
763010
763011
763014
763070
763108
763037
763065
763085
763107
763115
763154
763124
763133
763126
763128
763135
762744
762743
762742
762741
762739
762737
762736
762735
762734
762732
762731
762730
762729
762727
762726
762725
762724
762723
762722
762721
762720
762719
762718
762717
762716
762715
762714
762713
762712
762711
762710
762709
762708
762707
762706
762705
762704
763134
763130
763129
763127
762703
762702
762701
762700
762699
762698
762697
762696
762695
762694
762693
762692
762691
762690
762689
762688
762687
762686
762685
762684
762683
762682
762681
762680
762679
762678
762677
762676
762675
762673
762672
762671
762670
762669
762668
762667
762666
762664
762663
762662
763198
763196
763195
763194
763193
763192
763191
763190
763189
763188
763187
763186
763185
763184
763183
763182
763180
763181
763179
763178
763177
763176
763170
763172
763169
763162
763161
763164
763166
763167
763165
763163
763171
763173
763174
763168
763160
763159
763158
763157
763156
763155
763153
763152
763151
763150
762839
762834
762833
763149
763148
763147
762838
762840
763145
763144
763143
763142
763141
763140
762835
762836
763138
763137
763136
763122
763120
763119
763118
763116
763114
763111
763110
763109
763106
763105
763103
763096
763095
763094
763093
763092
763091
763090
763089
763088
763087
763086
763084
763083
763082
763081
763080
763079
763078
763077
763076
763075
763074
763073
763072
763071
763069
763068
763067
763066
763064
763063
763062
763061
763060
763059
763057
763056
763055
763054
763053
763052
763051
763050
763049
763048
763047
763046
763045
763044
763043
763042
763041
763040
763039
763038
763036
763035
763034
763033
763032
763031
763030
763029
763028
763027
763026
763025
763024
763023
763022
763021
763020
763019
763018
763017
763016
763015
763013
763012
763009
763008
763007
763006
763005
763004
763003
763002
763001
763000
762999
762998
762997
762995
762994
762993
762992
762991
762990
762989
762988
762987
762986
762985
762984
762943
762878
762877
762876
762874
762873
762872
762871
762870
762869
762868
762867
762866
762865
762864
762863
762862
762861
762860
762859
762858
762857
762856
762855
762854
762853
762852
762851
762850
762848
762847
762846
762843
762842
762841
762837
762832
762831
762830
762829
762828
762827
762821
762813
762812
762792
762780
762777
762751
762745
762740
762738
762733
762728
762661
762660
762659
762657
762656
762655
762654
762653
762652
762651
762650
762649
762648
762645
762643
762642
762641
762637
762636
762635
762634
762633
762632
762631
762630
762629
762628
762627
762626
762617
762616
762615
762614
762613
762612
762611
762610
762608
