849958
849954
849949
849957
849932
849946
849953
849956
849943
849948
849951
849919
849931
849920
849930
849916
849911
849941
849940
849914
849926
849925
849934
849938
849936
849924
849923
849910
849907
849904
849903
849901
849929
849928
849921
849906
849728
849736
849998
850033
850036
850037
850038
850039
850008
849993
849982
850007
849997
849947
849945
850004
849996
849981
849927
849917
849908
849900
849896
849705
849700
849688
849632
849634
849899
849609
849611
849628
849980
849994
850006
849698
849689
849905
849898
850002
849991
849976
849612
849606
849922
849913
849897
849895
849704
849701
849690
849630
849610
849687
849608
849627
849619
849866
849865
849863
849862
849861
849860
849857
849836
849833
849785
849558
849832
849830
849829
849827
849825
849824
849823
849822
849820
849817
849816
849815
849784
849783
849782
849781
849780
849769
849765
849561
849560
849779
849777
849773
849771
849766
849764
849761
849559
849555
849554
849743
849744
849745
849520
849522
849741
849918
849915
849912
849909
849702
849686
849444
849445
849446
849804
849709
850064
850063
850062
850061
850060
850059
850058
850057
850056
850055
850054
850053
850052
850051
850050
850049
850048
850047
850046
849965
849944
850045
850044
850043
850042
850041
850040
850035
850034
850032
850031
850030
850029
850028
850027
850026
850025
850024
850023
850022
850021
850020
850019
850018
850017
850016
850015
850014
850013
850012
850011
850010
850009
850001
850005
850003
849989
849979
849974
849988
850000
849995
849992
849990
849987
849986
849985
849984
849983
849978
849977
849973
849972
849971
849970
849969
849968
849967
849966
849964
849963
849962
849961
849960
849959
849955
849952
849950
849942
849939
849937
849935
849933
849902
849894
849893
849892
849891
849890
849889
849888
849887
849886
849885
849884
849883
849882
849881
849880
849879
849878
849877
849876
849875
849874
849873
849872
849871
849870
849869
849868
849867
849864
849859
849858
849856
849855
849854
849853
849852
849851
849850
849849
849848
849847
849846
849845
849844
849843
849842
849841
849840
849839
849838
849837
849835
849834
849831
849828
849826
849821
849819
849818
849814
849813
849812
849811
849810
849809
849808
849807
849806
849805
849803
849802
849801
849800
849799
849798
849797
849796
849795
849793
849792
849791
849790
849789
849788
849787
849786
849778
849776
849775
849774
849772
849770
849768
849767
849763
849762
849760
849759
849758
849757
849756
849755
849754
849753
849752
849751
849750
849749
849748
849747
849746
849742
849740
849739
849738
849737
849735
849734
849733
849732
849731
849730
849729
849727
849726
849725
849724
849723
849722
849721
849720
849718
849717
849716
849715
849714
849713
849712
849711
849710
849708
849707
849703
849695
849692
849699
849697
849696
849694
849693
849691
849685
849684
849683
849682
849681
849680
849679
849678
849677
849676
849675
849674
849673
849672
849671
849670
849669
849668
849667
849666
849665
849664
849663
849662
849661
849660
849659
849658
849657
849656
849655
849654
849653
849652
849651
849650
849649
849648
849647
849646
849645
849644
849643
849642
849641
849640
849639
849638
849637
849636
849635
849633
849631
849629
849626
849625
849624
849623
849622
849621
849620
849618
849617
849616
849615
849614
849613
849607
849605
849604
849602
849601
849600
849599
849597
849596
849595
849594
849593
849592
849591
849590
849589
849588
849587
849586
849585
849584
849583
849582
849581
849580
849579
849578
849577
849576
849575
849574
849573
849572
849571
849569
849567
849566
849565
849564
849563
849562
849556
849553
849552
849551
849549
849547
849546
849544
849542
849541
849540
849539
849538
849537
849536
849535
849534
849533
849532
849531
849530
849529
849528
849527
849526
849505
849525
849524
849523
849519
849518
849516
849515
849514
849513
849512
849511
849510
849508
849507
849449
849450
849506
849504
849503
849502
849501
849500
849498
849497
849495
849494
849493
849492
849491
849490
849489
849488
849487
849486
849485
849484
849483
849481
849480
849479
849478
849477
849476
849475
849474
849473
849472
849471
849470
849469
849468
849467
849466
849465
849464
849462
849461
849460
849459
849458
849457
849456
849455
849454
849453
849452
849451
849448
849447
