770483
770489
770490
770491
770493
770516
770528
770734
770524
770447
770487
770634
770635
770636
770775
770851
770721
770697
770732
770725
770630
770628
770711
770731
770728
770627
770623
770621
770624
770729
770727
770605
770620
770626
770625
770622
770619
770855
770859
770860
770861
770862
770436
770441
770415
770449
770413
770442
770438
770450
770451
770419
770452
770692
770694
770695
770696
770698
770699
770700
770701
770702
770706
770707
770708
770709
770710
770712
770713
770714
770715
770716
770717
770718
770719
770720
770722
770422
770890
770889
770888
770887
770886
770885
770884
770883
770882
770881
770880
770879
770878
770877
770876
770875
770874
770873
770872
770871
770870
770688
770687
770686
770685
770684
770683
770682
770681
770680
770678
770677
770676
770675
770674
770673
770672
770671
770670
770669
770668
770667
770666
770665
770663
770662
770659
770657
770656
770655
770653
770652
770651
770649
770647
770646
770645
770869
770868
770856
770857
770858
770867
770865
770864
770863
770866
770557
770854
770853
770852
770850
770849
770848
770847
770846
770825
770823
770844
770843
770842
770841
770840
770839
770838
770837
770836
770835
770834
770833
770832
770831
770830
770829
770828
770827
770820
770822
770826
770819
770824
770821
770818
770817
770816
770815
770814
770813
770812
770811
770810
770809
770808
770807
770806
770805
770803
770802
770800
770799
770801
770798
770797
770796
770795
770794
770793
770791
770790
770789
770785
770792
770788
770787
770784
770783
770782
770781
770780
770779
770778
770777
770776
770774
770773
770772
770771
770770
770769
770768
770767
770766
770765
770764
770763
770762
770761
770758
770757
770755
770754
770753
770752
770751
770750
770749
770748
770747
770746
770745
770744
770743
770742
770741
770740
770739
770738
770737
770736
770735
770733
770726
770724
770704
770703
770693
770691
770690
770689
770679
770664
770660
770658
770654
770650
770648
770644
770643
770642
770641
770640
770639
770638
770637
770633
770632
770631
770629
770618
770617
770616
770615
770614
770613
770612
770611
770610
770609
770608
770607
770606
770604
770603
770602
770601
770600
770599
770598
770597
770596
770595
770594
770593
770592
770591
770590
770589
770588
770587
770586
770585
770584
770583
770582
770581
770580
770578
770577
770576
770575
770574
770573
770572
770571
770570
770569
770568
770567
770566
770564
770563
770562
770561
770560
770559
770558
770556
770555
770554
770553
770552
770551
770550
770549
770548
770546
770544
770545
770543
770542
770541
770540
770539
770538
770537
770536
770535
770533
770532
770531
770529
770522
770520
770518
770517
770515
770514
770513
770512
770509
770508
770507
770506
770505
770504
770503
770502
770501
770500
770499
770498
770497
770488
770486
770485
770484
770482
770481
770480
770479
770478
770477
770476
770475
770473
770472
770471
770470
770469
770468
770467
770466
770465
770464
770458
770457
770456
770453
