782839
782300
782299
782297
782621
782620
782619
782578
782577
782572
782535
782527
782574
782573
782567
782530
782571
782566
782531
782528
782866
782864
782568
782575
782565
782533
782526
782836
782835
782813
782812
782741
782846
782857
782850
782854
782852
782860
782710
782709
782707
782706
782705
782704
782703
782702
782701
782387
782386
782385
782384
782849
782856
782858
782312
782313
782314
782315
782581
782869
782627
782679
782796
782625
782504
782555
782840
782834
782851
782847
782853
782855
782859
782874
782873
782872
782871
782870
782383
782382
782381
782380
782868
782867
782865
782863
782862
782861
782848
782845
782844
782843
782842
782838
782837
782833
782832
782831
782830
782829
782828
782827
782826
782825
782824
782823
782822
782821
782819
782818
782817
782816
782815
782814
782811
782434
782810
782433
782432
782808
782807
782806
782805
782804
782803
782802
782799
782797
782794
782795
782793
782792
782791
782790
782789
782788
782787
782786
782784
782783
782782
782781
782780
782779
782778
782777
782776
782775
782774
782773
782772
782771
782770
782769
782768
782767
782766
782765
782764
782763
782762
782761
782760
782759
782758
782757
782756
782755
782754
782753
782752
782751
782750
782749
782748
782747
782745
782744
782743
782742
782740
782739
782738
782737
782736
782735
782734
782733
782732
782731
782730
782727
782726
782725
782724
782723
782722
782721
782720
782719
782718
782717
782716
782715
782714
782713
782711
782708
782700
782699
782698
782697
782696
782695
782694
782693
782692
782691
782690
782689
782688
782687
782686
782685
782684
782683
782682
782681
782680
782678
782677
782676
782675
782674
782673
782672
782671
782670
782669
782668
782667
782666
782665
782664
782663
782662
782661
782660
782659
782658
782657
782656
782655
782654
782653
782366
782652
782651
782650
782649
782648
782647
782646
782645
782644
782643
782642
782641
782640
782639
782638
782637
782636
782635
782634
782633
782632
782631
782630
782629
782628
782626
782624
782623
782622
782618
782617
782616
782615
782614
782612
782611
782610
782609
782608
782607
782606
782605
782604
782603
782602
782601
782600
782599
782598
782597
782594
782593
782592
782591
782590
782589
782588
782587
782586
782585
782584
782583
782582
782580
782579
782576
782570
782569
782564
782563
782562
782561
782560
782559
782558
782557
782556
782554
782553
782552
782551
782549
782548
782547
782546
782545
782544
782543
782542
782539
782538
782537
782536
782534
782532
782529
782525
782523
782522
782521
782520
782519
782518
782517
782516
782515
782514
782513
782512
782511
782510
782509
782508
782507
782506
782505
782503
782502
782501
782500
782499
782498
782497
782496
782495
782494
782493
782492
782491
782490
782489
782488
782487
782486
782485
782484
782483
782482
782481
782480
782478
782477
782476
782475
782474
782473
782472
782471
782470
782469
782468
782467
782466
782465
782464
782463
782462
782461
782460
782459
782458
782457
782456
782455
782454
782453
782452
782451
782450
782449
782448
782447
782445
782444
782442
782441
782440
782439
782438
782437
782436
782435
782431
782430
782429
782428
782424
782423
782422
782421
782396
782398
782399
782401
782404
782416
782417
782419
782420
782418
782414
782413
782412
782411
782410
782409
782408
782407
782406
782405
782403
782402
782400
782397
782395
782379
782378
782377
782375
782394
782393
782392
782391
782390
782389
782388
782376
782374
782373
782372
782371
782370
782369
782368
782367
782365
782364
782363
782362
782361
782360
782359
782358
782357
782356
782355
782354
782353
782352
782351
782350
782349
782348
782347
782346
782345
782344
782343
782341
782340
782339
782338
782337
782336
782335
782334
782333
782331
782332
782330
782329
782328
782327
782326
782325
782324
782321
782320
782318
782317
782316
782311
782310
782309
782308
782342
782322
782319
782304
782303
782302
782301
782296
782295
782294
782293
782292
782291
782290
782289
782288
782286
782285
782284
782283
782282
782281
782280
782279
782278
782277
782276
782275
782274
782273
782272
782271
782270
782269
782268
782267
782266
782265
782264
782263
782262
782261
782260
782259
782258
782257
