763351
763352
763353
763354
763355
763229
763319
763317
763316
763315
763310
763308
763305
763318
763645
763312
763311
763309
763306
763304
763278
763313
763314
763268
763266
763648
763307
763649
763647
763228
763650
763276
763279
763267
763290
763281
763273
763283
763646
763282
763280
763275
763277
763263
763602
763601
763600
763381
763380
763379
763467
763527
763617
763665
763385
763546
763583
763549
763704
763703
763702
763701
763700
763699
763698
763697
763696
763695
763694
763693
763692
763691
763690
763689
763688
763687
763686
763685
763684
763683
763682
763681
763680
763679
763678
763677
763676
763675
763674
763673
763672
763671
763670
763669
763668
763664
763663
763662
763667
763666
763661
763660
763659
763658
763657
763656
763655
763654
763653
763652
763651
763644
763643
763641
763639
763638
763637
763636
763635
763634
763633
763632
763631
763630
763629
763628
763627
763626
763625
763624
763623
763622
763621
763618
763616
763615
763614
763613
763610
763609
763608
763607
763606
763605
763604
763603
763599
763596
763598
763595
763594
763593
763592
763591
763590
763589
763588
763587
763586
763585
763584
763582
763580
763579
763578
763577
763576
763575
763574
763573
763572
763571
763570
763569
763568
763567
763566
763565
763564
763563
763562
763561
763560
763559
763558
763557
763556
763555
763554
763553
763552
763551
763550
763548
763547
763545
763544
763543
763542
763541
763540
763539
763538
763537
763536
763535
763534
763533
763532
763531
763530
763529
763528
763526
763525
763524
763523
763522
763521
763520
763519
763518
763517
763516
763515
763514
763513
763512
763511
763510
763509
763508
763507
763506
763505
763504
763503
763502
763501
763500
763499
763498
763497
763496
763495
763494
763493
763492
763491
763490
763489
763488
763487
763486
763485
763484
763483
763482
763480
763479
763478
763477
763476
763475
763474
763473
763472
763471
763469
763468
763466
763465
763464
763463
763462
763461
763460
763459
763458
763457
763456
763455
763454
763453
763452
763450
763449
763448
763447
763446
763445
763444
763443
763442
763441
763440
763439
763437
763436
763435
763434
763433
763432
763431
763430
763429
763428
763427
763426
763425
763424
763423
763422
763421
763420
763419
763418
763417
763416
763415
763414
763413
763412
763411
763410
763409
763408
763407
763406
763405
763404
763403
763402
763401
763400
763399
763396
763395
763394
763393
763392
763391
763390
763389
763386
763383
763382
763378
763377
763376
763374
763372
763371
763370
763369
763368
763366
763365
763364
763363
763362
763361
763360
763359
763358
763357
763356
763350
763349
763348
763347
763346
763345
763344
763343
763342
763341
763340
763339
763338
763337
763336
763335
763334
763333
763332
763331
763330
763329
763328
763327
763326
763325
763324
763323
763322
763321
763320
763284
763285
763287
763288
763289
763291
763292
763293
763294
763295
763296
763297
763298
763299
763300
763301
763302
763303
763286
763274
763272
763271
763270
763269
763265
763264
763262
763261
763260
763259
763258
763257
763256
763255
763254
763253
763252
763251
763250
763249
763248
763247
763246
763245
763244
763243
763242
763241
763240
763239
763238
763237
763235
763234
763233
763232
763231
763227
763226
763225
763224
763223
763222
763221
763220
763219
763218
763217
763216
763215
763214
763213
763212
763211
763210
763209
763208
763207
763206
763205
763204
763203
763202
763201
