818927
818730
818754
818789
818795
818798
818799
818839
818918
818951
818965
819042
819044
819041
819037
819035
819034
819033
819043
819040
819011
819045
819038
819036
818785
819022
819030
819025
819026
818923
819027
819021
818784
819007
818809
818997
818925
818855
818850
818849
819024
819020
818998
818924
818836
818922
818917
818901
818874
818856
818848
818837
819018
818811
818791
818787
818783
818996
818916
818902
819028
819023
819019
818995
818915
818919
818900
818853
818847
818886
818873
818760
818764
818762
818808
818905
818904
818903
818972
818971
818970
819082
819081
819080
819079
819078
819077
819076
819075
819074
819073
819071
819070
819069
819068
819067
819066
819065
819064
819063
819062
819061
819060
819059
819058
819057
819056
819055
819053
819052
819051
819050
819049
819048
819047
819046
819039
819032
819031
819029
819017
819016
819015
819014
819013
819012
819010
819009
819008
819006
819005
819004
819003
819002
819001
819000
818999
818994
818993
818992
818991
818990
818989
818988
818987
818986
818985
818984
818983
818982
818981
818980
818979
818978
818977
818976
818975
818974
818973
818969
818968
818967
818966
818964
818963
818962
818961
818958
818957
818955
818954
818953
818952
818950
818949
818948
818947
818946
818945
818944
818942
818941
818940
818939
818938
818937
818936
818935
818934
818933
818932
818931
818929
818928
818926
818920
818914
818913
818912
818911
818910
818909
818908
818907
818906
818899
818898
818897
818896
818895
818894
818893
818892
818890
818889
818888
818887
818885
818884
818883
818882
818881
818880
818878
818877
818876
818875
818871
818870
818869
818868
818867
818866
818865
818864
818863
818862
818861
818860
818859
818858
818857
818854
818852
818851
818846
818845
818844
818843
818842
818841
818840
818838
818835
818834
818833
818832
818831
818829
818828
818827
818826
818825
818824
818823
818822
818821
818820
818819
818818
818817
818816
818815
818814
818813
818812
818810
818807
818806
818805
818803
818802
818800
818797
818796
818794
818793
818792
818790
818788
818786
818782
818781
818780
818779
818778
818777
818776
818775
818774
818773
818772
818771
818770
818769
818768
818767
818766
818761
818759
818758
818757
818756
818755
818753
818752
818751
818750
818749
818748
818747
818746
818745
818744
818743
818742
818741
818740
818739
818738
818737
818736
818735
818734
818731
818729
818728
818726
818725
818724
818723
818722
818721
818720
818719
818718
818717
818716
818715
818714
818713
818712
818711
818710
818709
818708
818707
818706
818705
818704
818702
818701
818700
818699
818698
818697
818696
818695
818694
818693
818692
818691
818690
818689
818688
818687
818686
