875865
875862
875857
875847
875864
875861
875856
875852
875846
875855
875851
875849
875845
875843
875854
875850
875848
875844
875841
876338
876336
876331
876326
876334
876330
876324
876340
876339
876378
876387
876394
876395
876396
876332
876329
876321
876351
876352
876353
876358
876359
876327
876318
876398
876397
876399
876400
876401
876402
876403
876256
876218
876222
876226
876264
876269
876392
876404
876439
876430
876431
876432
876433
876434
876441
876435
876440
876442
876444
876447
876445
876446
876448
876449
876450
876451
876456
876455
876393
876389
876384
876364
876365
876367
876374
876328
876320
876317
876316
876133
876372
876383
876390
876391
876410
876421
876281
876250
876243
876237
876295
876428
876420
876341
876345
876344
875971
875980
875967
875964
876409
876386
876379
876168
876143
876123
876424
876427
876422
876419
876408
876343
876282
876279
876246
876239
876234
875753
875754
875740
876169
876158
876132
876120
876388
876385
875979
875966
875960
876130
876369
876381
875772
875777
875776
876249
875950
876166
876151
876375
876423
876407
876366
876104
876342
876377
876280
876247
876241
876235
876165
875972
875965
875963
875798
875797
875794
875779
875778
875746
875745
876371
876127
876163
876137
876245
876278
876238
876229
876460
876459
875756
875755
875750
875748
876244
875915
875918
876458
875904
875898
875897
876268
876265
875905
875903
875902
875901
875900
875899
875896
875895
875894
875893
875892
875891
875890
875889
875775
875774
875773
875758
875757
875744
875743
875742
875888
875887
875884
875883
875882
875881
876503
876477
876502
876493
876492
876491
876486
876484
876483
876480
876475
876490
875917
875919
875920
876417
876463
876466
876413
876415
875810
875771
876478
876216
876215
876214
875829
875941
875996
876036
876060
876064
876065
876077
876078
876090
876153
876201
876210
876211
876212
876482
875886
875885
876461
876416
876414
876412
876335
875916
875914
875806
875811
876283
875801
875792
875770
875766
875769
876337
876333
875793
875790
875768
875765
876505
876504
876501
876500
876499
876498
876497
876496
876495
876494
876489
876488
876487
876485
876481
876479
876476
876474
876473
876472
876471
876470
876469
876468
876467
876465
876464
876462
876454
876443
876437
876436
876429
876426
876425
876418
876411
876406
876405
876382
876380
876373
876370
876368
875815
875814
876363
876362
876361
876360
876357
876356
876355
876354
876350
876349
876348
876347
876346
876314
876312
876313
876311
876325
876323
876322
876319
876315
876310
876309
876308
876307
876306
876305
876303
876302
876301
876300
876299
876298
876297
876296
876294
876293
876292
876291
876290
876289
876288
876287
876286
876285
876284
876274
876276
876277
876275
876273
876272
876271
876267
876266
876270
876263
876262
876261
876260
876259
876258
876257
876255
876254
876253
876252
876248
876242
876240
876236
876233
876231
876230
876228
876227
876225
876224
876223
876217
876213
876209
876208
876207
876206
876205
876204
876203
876202
876200
876199
876198
876197
876196
876194
876193
876192
876191
876190
876189
876188
876187
876186
876185
876184
876183
876182
876181
876179
876178
876177
876176
876175
876174
876173
876172
876171
876170
876167
876164
876162
876161
876160
876159
876157
876156
876155
876154
876152
876150
876149
876148
876147
876146
876145
876144
876142
876141
876140
876138
876136
876135
876134
876131
876117
876129
876128
876126
876125
876124
876122
876121
876119
876116
876114
876113
876112
876111
876110
876109
876108
876107
876106
876105
876103
876102
876101
876100
876099
876098
876097
876096
876095
876094
876093
876092
876091
876089
876088
876087
876086
876085
876084
876083
876082
876081
876080
876079
876076
876075
876074
876073
876072
876071
876070
876069
876068
876067
876066
876063
876062
876061
876059
876058
876057
876056
876055
876054
876053
876052
876051
876050
876049
876048
876047
876046
876045
876044
876043
876042
876041
876040
876039
876038
876037
876035
876034
876033
876032
876031
876030
876029
876028
876027
876026
876025
876024
876023
876022
876021
876020
876019
876018
876017
876016
876015
876014
876013
876012
876011
876010
876009
876008
876007
876006
876005
876004
876003
876002
876001
876000
875999
875998
875997
875995
875994
875993
875992
875991
875990
875989
875988
875987
875986
875985
875984
875983
875982
875981
875978
875977
875976
875975
875974
875973
875970
875969
875968
875962
875961
875959
875958
875957
875956
875955
875954
875953
875952
875951
875949
875948
875947
875946
875945
875944
875943
875942
875940
875939
875938
875937
875936
875934
875932
875931
875930
875929
875928
875927
875926
875925
875924
875923
875922
875913
875912
875911
875910
875909
875908
875907
875906
875880
875879
875878
875877
875876
875875
875874
875870
875858
875853
875842
875840
875839
875838
875837
875836
875833
875832
875831
875830
875828
875827
875826
875825
875824
875823
875822
875821
875820
875819
875818
875817
875809
875808
875807
875805
875804
875803
875802
875799
875800
875796
875795
875791
875789
875788
875787
875786
875785
875784
875783
875782
875780
875767
875764
875763
875762
875761
875760
875759
875752
875751
875749
875747
875741
875739
875738
875737
875736
875735
875734
875733
875732
875731
