760682
760681
760680
760679
760677
760676
760678
760683
760684
760685
760686
760687
760704
760703
760702
760701
761011
761004
760997
760994
760980
761016
760977
761015
761009
761006
760998
760981
760978
760972
760991
761008
761000
761005
761002
760886
761014
760982
761010
760955
760987
760996
760976
761007
761003
760979
760973
761001
760995
760984
761059
761035
760847
760694
760691
760690
761069
761068
761067
761066
761065
761064
761063
761062
761061
761060
761058
761057
761055
761054
761053
761052
761051
761050
761049
761048
761047
761046
761045
761044
761043
761042
761040
761039
761038
761037
760925
760923
761036
761034
761033
761032
761031
761030
761029
761028
761027
761026
761025
761024
761023
761022
761021
761020
761019
761018
761017
761013
761012
760999
760993
760992
760990
760989
760988
760986
760985
760983
760975
760896
760897
760898
760899
760901
760902
760903
760904
760905
760906
760907
760908
760909
760910
760911
760912
760913
760974
760971
760970
760969
760968
760965
760964
760963
760962
760960
760959
760958
760957
760956
760954
760952
760951
760950
760949
760948
760947
760946
760945
760943
760942
760941
760940
760939
760938
760937
760936
760935
760934
760933
760932
760931
760930
760929
760927
760926
760924
760922
760921
760919
760918
760917
760916
760915
760914
760900
760792
760793
760794
760795
760796
760797
760798
760799
760800
760801
760802
760803
760804
760805
760806
760807
760808
760809
760810
760811
760812
760813
760895
760894
760893
760892
760891
760890
760889
760888
760887
760885
760884
760883
760882
760880
760879
760878
760877
760876
760874
760873
760872
760871
760870
760868
760867
760866
760865
760864
760863
760862
760861
760860
760859
760857
760856
760855
760854
760853
760852
760851
760850
760849
760848
760846
760845
760818
760817
760816
760844
760843
760842
760841
760840
760839
760838
760837
760836
760835
760834
760833
760832
760831
760830
760829
760828
760827
760826
760825
760824
760823
760822
760821
760820
760819
760815
760814
760791
760790
760789
760788
760787
760786
760785
760784
760783
760782
760781
760780
760779
760777
760776
760775
760774
760773
760771
760769
760766
760765
760764
760763
760762
760760
760759
760757
760755
760754
760753
760752
760751
760750
760749
760748
760747
760746
760745
760744
760743
760742
760741
760740
760739
760738
760737
760736
760735
760733
760732
760730
760729
760709
760708
760707
760706
760705
760726
760725
760724
760723
760722
760720
760719
760718
760717
760716
760715
760714
760713
760712
760711
760710
760700
760699
760698
760697
760696
760693
760689
760688
760675
760674
760673
760672
760671
760669
760668
760667
760666
760665
760664
760663
760661
760660
760659
760658
760657
760654
760653
760652
760651
760650
760649
760648
760646
760645
760643
760642
760641
760640
760639
760638
760637
760636
760635
760634
760633
