943086
943203
943202
943187
943189
943211
943212
943186
943210
943310
943309
943308
943307
943306
943284
943283
943282
943269
943268
943266
943265
943264
943263
943262
943261
943260
943259
943056
943055
943054
943053
943214
943008
943046
943022
943021
943020
943019
943018
943017
943015
943016
943007
943006
943005
943004
943003
943213
943129
943133
943135
943136
943138
943140
943319
943318
943317
943316
943315
943314
943312
943311
943305
943304
943303
943302
943301
943300
943299
943297
943295
943294
943293
943291
943290
943287
943285
943281
943280
943275
943279
943273
943272
943271
943270
943278
943277
943276
943274
943267
943258
943257
943256
943255
943254
943253
943252
943251
943250
943249
943248
943247
943246
943245
943244
943243
943242
943241
943240
943239
943238
943237
943236
943235
943234
943233
943232
943231
943230
943229
943228
943227
943226
943225
943224
943223
943222
943221
943220
943219
943218
943217
943216
943215
943209
943208
943207
943204
943201
943200
943199
943198
943197
943195
943194
943193
943192
943191
943185
943184
943183
943182
943179
943178
943177
943176
943175
943174
943173
943172
943157
943162
943158
943159
943160
943161
943163
943156
943155
943154
943153
943152
943151
943150
943149
943148
943147
943146
943145
943141
943139
943137
943134
943132
943131
943130
943128
943127
943125
943124
943123
943122
943121
943120
943119
943118
943117
943116
943115
943114
943112
943111
943110
943109
943108
943106
943105
943104
943103
943102
943101
943100
943099
943098
943097
943096
943095
943094
943093
943092
943091
943090
943089
943088
943084
943083
943082
943081
943080
943079
943078
943077
943076
943075
943074
943073
943072
943071
943070
943069
943068
943065
943066
943067
943064
943063
943062
943061
943060
943059
943058
943057
943052
943051
943050
943048
943047
943041
943045
943044
943043
943042
943040
943039
943038
943037
943036
943035
943034
943033
943032
943031
943030
943029
943028
943027
943026
943025
943024
943023
943014
943013
943012
943011
943010
943009
943002
943001
943000
942999
942998
942997
942996
942995
942994
942993
942992
942991
942990
942989
942988
942987
942986
942985
942983
942982
942981
942980
942979
942978
942977
942976
