822278
822272
822199
822270
822193
822269
822196
822198
822383
822381
822376
822373
822122
822377
822374
822378
822382
822268
822200
822164
822121
822119
822346
822347
822080
822079
822078
822139
822380
822375
822372
822370
822118
822191
822165
822136
822120
822385
822384
822117
822345
822348
822343
822344
822338
822339
822340
822341
822258
822266
822067
822072
822172
822227
822245
822412
822413
822323
822334
822331
822322
822084
822333
822332
822330
822329
822328
822327
822325
822324
822321
822320
822319
822314
822313
822312
822311
822310
822309
822308
822307
822306
822305
822304
822303
822302
822301
822300
822417
822416
822415
822414
822411
822410
822409
822408
822406
822405
822404
822403
822402
822401
822399
822398
822397
822396
822395
822394
822393
822392
822391
822390
822389
822388
822387
822386
822379
822371
822369
822367
822366
822365
822364
822363
822362
822361
822360
822359
822358
822357
822356
822355
822354
822353
822352
822351
822350
822349
822342
822337
822336
822335
822326
822318
822317
822316
822315
822299
822298
822297
822296
822295
822294
822293
822292
822291
822290
822287
822286
822285
822283
822282
822281
822280
822279
822277
822276
822275
822274
822273
822271
822267
822265
822264
822263
822262
822261
822260
822257
822256
822255
822254
822253
822252
822251
822250
822249
822248
822247
822246
822244
822243
822241
822240
822237
822236
822234
822232
822231
822230
822229
822228
822226
822225
822224
822223
822222
822220
822219
822218
822217
822216
822215
822214
822213
822212
822211
822210
822209
822208
822207
822206
822205
822204
822203
822201
822197
822195
822194
822192
822190
822189
822188
822187
822186
822185
822184
822183
822182
822181
822180
822179
822178
822177
822176
822174
822173
822171
822170
822169
822168
822167
822166
822163
822162
822161
822160
822159
822158
822157
822156
822155
822154
822153
822152
822151
822150
822149
822148
822147
822146
822145
822144
822143
822142
822141
822140
822138
822137
822135
822134
822133
822132
822131
822130
822129
822128
822127
822126
822125
822124
822123
822115
822114
822113
822112
822111
822110
822104
822103
822101
822100
822096
822095
822094
822093
822092
822091
822090
822089
822088
822087
822086
822085
822083
822082
822081
822077
822076
822075
822074
822073
822071
822070
822069
822068
822066
822065
822064
822063
822062
822061
822060
822059
