855339
855338
855336
855352
855351
855350
855346
855335
855347
855345
855337
855416
855510
855501
855481
855511
855474
855473
855412
855426
855584
855496
855478
855469
855439
855403
855401
855497
855471
855425
855343
855334
855435
855438
855414
855349
855509
855500
855480
855477
855413
855341
855411
855400
855583
855499
855479
855476
855475
855472
855470
855433
855437
855434
855424
855410
855348
855344
855342
855311
855458
855459
855460
855461
855333
855340
855446
855444
855443
855305
855557
855316
855372
855373
855314
855312
855680
855679
855678
855677
855676
855665
855664
855661
855660
855659
855675
855674
855673
855672
855671
855670
855669
855668
855667
855666
855663
855662
855658
855657
855656
855655
855654
855651
855650
855649
855648
855647
855646
855645
855644
855643
855642
855641
855640
855638
855637
855636
855635
855634
855633
855632
855631
855630
855629
855628
855627
855626
855625
855624
855623
855622
855621
855620
855619
855618
855617
855616
855615
855614
855613
855612
855611
855601
855600
855599
855598
855597
855610
855609
855608
855607
855606
855605
855604
855596
855595
855594
855593
855592
855603
855602
855591
855590
855589
855588
855587
855586
855585
855582
855581
855580
855579
855578
855577
855576
855575
855574
855573
855572
855571
855570
855569
855568
855567
855566
855565
855564
855563
855562
855561
855560
855559
855558
855556
855555
855553
855552
855551
855550
855549
855548
855547
855546
855545
855544
855543
855542
855541
855540
855539
855538
855537
855536
855535
855533
855531
855530
855529
855528
855527
855526
855525
855524
855523
855522
855521
855520
855519
855518
855517
855516
855515
855514
855513
855512
855508
855507
855505
855503
855502
855498
855495
855494
855493
855492
855491
855490
855489
855488
855487
855486
855485
855484
855483
855482
855468
855467
855466
855465
855464
855463
855462
855457
855456
855455
855454
855453
855452
855451
855450
855449
855448
855447
855445
855442
855441
855436
855432
855431
855429
855428
855423
855422
855421
855420
855419
855418
855417
855415
855409
855408
855407
855406
855405
855404
855402
855399
855398
855397
855396
855395
855394
855393
855391
855390
855389
855388
855387
855386
855385
855384
855383
855382
855381
855380
855379
855378
855377
855376
855375
855374
855371
855370
855369
855368
855367
855366
855365
855364
855363
855362
855361
855360
855359
855358
855357
855356
855355
855354
855353
855332
855331
855330
855329
855328
855327
855326
855325
855324
855323
855322
855321
855320
855319
855318
855317
855315
855313
855310
855309
855308
855307
855304
855303
855302
855301
855300
855299
855298
855297
855296
855295
855294
855293
855292
