801316
801315
801314
801313
801394
801401
801309
801308
801264
801297
801418
801399
801397
801496
801495
801493
801490
801505
801492
801499
801487
801485
801512
801510
801509
801507
801506
801503
801498
801494
801491
801497
801366
801391
801411
801412
801422
801423
801513
801271
801267
801268
801479
801405
801404
801272
801270
801269
801392
801546
801545
801544
801543
801542
801541
801540
801539
801538
801537
801536
801535
801534
801533
801532
801531
801530
801529
801528
801527
801526
801525
801524
801523
801522
801520
801519
801518
801517
801516
801515
801514
801511
801508
801504
801502
801501
801489
801488
801486
801483
801482
801481
801478
801477
801463
801476
801475
801474
801473
801472
801470
801469
801468
801467
801466
801465
801464
801462
801461
801460
801459
801458
801456
801454
801453
801452
801451
801450
801449
801448
801447
801446
801445
801444
801442
801441
801440
801439
801438
801437
801436
801434
801433
801432
801431
801430
801429
801428
801427
801426
801425
801424
801421
801420
801417
801416
801415
801414
801413
801410
801409
801408
801407
801403
801402
801396
801393
801390
801389
801388
801387
801386
801385
801384
801383
801382
801381
801380
801378
801377
801376
801375
801374
801373
801372
801371
801370
801369
801368
801367
801365
801364
801363
801362
801361
801360
801359
801358
801357
801356
801355
801354
801353
801352
801351
801350
801349
801348
801347
801346
801345
801344
801343
801342
801341
801337
801340
801338
801339
801336
801335
801334
801333
801332
801331
801330
801329
801328
801327
801326
801325
801324
801323
801322
801321
801320
801319
801318
801317
801312
801311
801310
801307
801306
801305
801304
801303
801302
801301
801300
801294
801293
801291
801299
801298
801295
801290
801289
801287
801286
801285
801284
801283
801282
801279
801277
801266
801265
801263
801261
801260
