822667
822453
822451
822681
822537
822533
822535
822531
822529
822525
822524
822661
822680
822595
822564
822532
822528
822678
822660
822563
822534
822522
822519
822518
822517
822508
822493
822489
822561
822560
822557
822538
822527
822526
822523
822521
822507
822505
822504
822495
822491
822679
822494
822506
822536
822530
822490
822549
822548
822547
822593
822583
822574
822619
822677
822578
822587
822586
822585
822584
822582
822581
822579
822577
822576
822575
822728
822742
822741
822740
822739
822737
822736
822735
822734
822733
822732
822731
822730
822729
822727
822726
822725
822724
822715
822714
822713
822712
822711
822710
822723
822722
822721
822720
822719
822718
822717
822716
822709
822708
822707
822706
822705
822704
822703
822702
822701
822700
822699
822698
822697
822696
822695
822694
822693
822692
822691
822690
822689
822688
822687
822686
822685
822684
822683
822682
822676
822675
822674
822673
822672
822671
822670
822669
822668
822666
822665
822664
822663
822659
822658
822657
822655
822654
822652
822651
822650
822649
822648
822647
822646
822645
822644
822643
822642
822641
822640
822639
822638
822637
822636
822634
822633
822631
822630
822629
822628
822627
822626
822625
822624
822623
822622
822621
822620
822618
822617
822616
822615
822614
822613
822612
822611
822610
822609
822608
822607
822606
822605
822604
822603
822602
822601
822600
822599
822598
822597
822596
822594
822592
822573
822572
822571
822570
822591
822590
822589
822433
822588
822580
822569
822568
822567
822566
822565
822562
822559
822558
822556
822555
822553
822552
822551
822550
822545
822544
822543
822542
822541
822540
822539
822520
822516
822515
822514
822513
822512
822511
822510
822509
822503
822502
822501
822500
822499
822498
822497
822496
822492
822488
822487
822486
822485
822484
822483
822482
822481
822480
822479
822478
822477
822476
822475
822474
822473
822472
822471
822470
822469
822468
822467
822465
822461
822460
822459
822458
822457
822455
822454
822447
822445
822444
822443
822442
822441
822440
822439
822438
822437
822436
822435
822434
822432
822431
822430
822429
822427
822426
822425
822424
822423
822422
822421
822420
822419
822418
