830938
830996
830968
830963
830960
830958
830947
830928
830925
830822
830802
830729
830716
830713
830712
830710
830706
830926
830995
830967
830966
830962
830924
830708
830774
830994
830965
830959
830957
830946
830923
830823
830717
830731
830705
830610
830607
830721
830922
830803
830711
830714
830784
830742
830730
830704
830702
830700
830945
830956
830961
830993
830964
830921
830630
830613
830622
830604
830696
830819
830800
830783
830628
830618
830606
830602
830737
830707
830767
830632
830616
830699
830701
830605
830601
830698
830694
830612
830627
830787
830786
830785
830747
830599
830597
830615
830812
830467
830596
830592
831026
831027
831028
831030
831031
831032
831033
831040
831042
830824
830826
831068
831067
831066
831065
831064
831063
831062
831061
831060
831059
831058
831057
831056
831055
831054
831053
831052
831051
831050
831049
831037
831036
831035
831034
831046
831045
831044
831048
831047
831043
831041
831039
831038
831029
831025
831024
831023
831022
831021
831020
831019
831018
831007
831008
831009
831011
831013
831014
831017
831015
831012
831010
831006
831005
831004
831003
831002
831001
831000
830999
830998
830997
830992
830991
830990
830989
830988
830987
830986
830985
830984
830983
830982
830981
830980
830979
830978
830977
830976
830975
830974
830973
830972
830971
830970
830969
830955
830954
830953
830952
830951
830950
830949
830948
830944
830943
830942
830941
830940
830939
830937
830936
830935
830934
830510
830540
830543
830545
830864
830869
830927
830929
830930
830931
830932
830933
830920
830919
830918
830916
830915
830913
830909
830598
830655
830681
830703
830806
830874
830881
830914
830912
830910
830908
830906
830904
830903
830902
830901
830900
830899
830898
830896
830895
830894
830893
830892
830891
830890
830889
830888
830887
830886
830885
830883
830882
830880
830879
830878
830876
830875
830873
830872
830871
830870
830866
830865
830863
830862
830861
830860
830859
830858
830857
830856
830854
830853
830852
830851
830850
830849
830847
830846
830845
830844
830843
830842
830841
830840
830839
830838
830837
830836
830835
830834
830833
830832
830830
830829
830828
830820
830818
830817
830816
830815
830814
830813
830811
830810
830809
830808
830807
830805
830804
830801
830795
830796
830798
830797
830799
830794
830793
830792
830791
830790
830789
830788
830781
830782
830779
830778
830777
830776
830775
830773
830772
830771
830770
830769
830768
830766
830765
830764
830763
830762
830761
830760
830759
830758
830757
830756
830755
830754
830753
830752
830751
830750
830749
830748
830746
830745
830744
830743
830741
830740
830739
830738
830736
830735
830734
830733
830732
830728
830727
830726
830725
830724
830723
830722
830720
830719
830718
830715
830709
830697
830695
830693
830692
830691
830690
830689
830688
830687
830686
830685
830684
830679
830678
830677
830676
830675
830674
830673
830672
830671
830670
830669
830668
830667
830666
830665
830664
830663
830662
830661
830660
830659
830658
830657
830656
830654
830653
830652
830651
830650
830649
830648
830647
830646
830645
830644
830643
830642
830640
830638
830637
830636
830635
830633
830631
830629
830620
830619
830603
830600
830595
830594
830591
830590
830589
830588
830587
830586
830585
830584
830583
830582
830581
830580
830579
830578
830577
830576
830575
830574
830573
830572
830571
830570
830569
830568
830567
830566
830565
830564
830563
830457
830562
830561
830560
830559
830558
830557
830556
830555
830537
830554
830534
830533
830532
830527
830553
830523
830519
830514
830509
830508
830552
830505
830503
830551
830550
830549
830548
830547
830546
830544
830542
830541
830539
830538
830536
830535
830531
830530
830529
830528
830526
830525
830524
830522
830521
830520
830518
830517
830516
830515
830513
830512
830511
830507
830506
830504
830502
830501
830500
830499
830498
830497
830496
830495
830494
830493
830492
830491
830490
830489
830488
830487
830486
830485
830484
830483
830482
830481
830480
830479
830478
830477
830476
830475
830474
830473
830472
830471
830470
830469
830468
830466
830465
830464
830463
830462
830461
830460
830459
830458
830456
830455
830454
830453
830452
830451
830450
830449
830448
830447
830446
830445
830444
830443
830442
830408
830410
830411
830412
830413
830414
830415
830416
830417
830418
830419
830420
830421
830422
830423
830425
830426
830427
830428
830429
830430
830431
830432
830433
830434
830435
830436
830437
830438
830441
830440
830439
830424
830409
830407
