884285
884282
883838
883836
883837
883872
883869
884284
884283
884090
883888
883855
883852
883854
883851
883848
883845
883841
883834
883832
883853
883850
883847
883844
883840
883849
883846
883843
883842
883839
884280
884281
884272
883823
884273
884277
884275
884271
884267
883835
883833
883831
883867
883859
884221
884156
884154
884151
884149
884211
884210
884209
884095
884077
884073
883996
883990
883977
883954
884155
884150
883961
883985
884000
883971
883938
884094
884078
884075
883999
883997
883989
883984
883976
883970
883960
883951
883953
884223
883864
883865
884096
884079
884074
883998
883995
883991
883983
883975
883967
883962
884153
884152
883955
883945
884093
884076
884072
883994
883987
883982
883974
883969
883959
883952
883934
883980
883964
883949
884092
884071
883993
883973
883986
883963
883979
883958
883950
883863
883862
884106
884220
884219
884218
884217
884216
884215
883755
883920
884222
883944
883943
883942
883941
883939
883937
883936
883935
883933
883932
883931
884129
884287
884068
884279
884101
884121
884103
884158
884207
884160
884246
884162
884206
884161
884159
884143
884135
884107
884309
884278
884286
884128
884260
884274
884276
884251
884166
884201
884254
884163
884205
884059
884202
884060
883757
884245
884168
884199
883930
883929
883928
883927
883926
883907
883904
883903
883901
883900
883899
883898
883897
883896
883894
883892
884097
884204
884167
884200
884203
884165
884127
884055
883911
883910
883889
883886
883885
883884
883883
883882
883880
883878
884198
884197
883738
883762
883774
883737
883729
883881
883879
883905
883895
883893
883887
883877
883876
883875
883874
883873
883871
883870
883868
883775
884169
884310
884308
884307
884306
884305
884304
884303
884302
884301
884300
884299
884298
884297
884296
884295
884294
884292
884291
884290
884289
884270
884269
884268
884266
884265
884264
884263
884262
884261
884259
884258
884257
884256
884255
884253
884252
884250
884249
884248
884247
884244
884243
884242
884241
884240
884239
884238
884235
884234
884233
884232
884231
884230
884229
884228
884227
884226
884225
884224
884214
884213
884212
884208
884196
884030
884195
884194
884193
884191
884190
884189
884188
884187
884186
884185
884184
884183
884182
884181
884180
884179
884178
884177
884176
884175
884171
884170
884164
884157
884148
884147
884146
884145
884144
884142
884141
884140
884139
884138
884137
884136
884134
884133
884132
884131
884130
884126
884125
884124
884123
884122
884120
884119
884118
884117
884116
884115
884114
884113
884112
884111
884110
884109
884108
884105
883992
883988
883981
883978
883972
883966
883965
884104
884102
884100
884099
884098
884091
884088
884087
884086
884085
884084
884083
884082
884081
884080
884070
884069
884067
884066
884065
884064
884063
884062
884061
884058
884057
884056
884054
884053
884052
884051
884050
884049
884048
884047
884046
884045
884044
884043
884042
884041
884040
884039
884038
884037
884036
884035
884034
884033
884032
884031
884029
884028
884027
884026
884025
884024
884023
884022
884021
884020
884019
884018
884017
884016
884015
884014
884013
884012
884011
884010
884009
884008
884007
884006
884005
884004
884003
884002
884001
883956
883948
883947
883946
883940
883925
883924
883922
883923
883921
883919
883916
883914
883913
883912
883906
883902
883891
883890
883866
883861
883860
883858
883857
883856
883830
883829
883828
883827
883826
883825
883824
883822
883821
883820
883819
883818
883817
883816
883815
883814
883813
883812
883811
883810
883809
883807
883806
883805
883804
883803
883802
883801
883800
883799
883798
883797
883796
883795
883794
883793
883792
883791
883790
883788
883787
883786
883785
883784
883783
883782
883781
883780
883779
883778
883777
883776
883773
883772
883771
883770
883769
883768
883767
883766
883765
883764
883763
883761
883760
883759
883758
883756
883754
883753
883752
883751
883750
883749
883748
883746
883745
883744
883743
883742
883741
883740
883736
883735
883734
883733
883732
883731
883730
883728
883727
883726
883725
883724
883723
883722
883721
883720
883719
883718
