731132
731138
731136
731135
731131
731137
731052
731133
730987
730949
730923
730921
730925
730922
731051
731134
730917
730924
730918
730993
731000
731010
731011
731012
731040
731119
731157
731152
731156
730883
730882
730881
730879
730880
730878
730877
730876
730875
730874
730873
730872
730871
730870
730869
730863
730862
730861
730860
730859
730858
730857
730856
730855
730854
730853
730852
730851
730850
730849
730848
730847
730846
730845
730844
730843
730842
730841
730840
730839
730967
730970
730976
730977
730971
730972
730974
730975
730973
730969
730968
731154
731150
731155
731054
731158
731153
731151
731149
731146
731148
731147
730811
730814
730813
731170
731169
731168
731167
731166
731165
731163
731162
731161
731160
731159
731145
731144
731143
731141
731140
731139
731129
731128
731127
731126
731125
731124
731123
731122
731121
731120
731118
731112
731107
731105
731104
731117
731116
731110
731109
731115
731113
731108
731106
731103
731102
731101
731100
731099
731098
731097
731096
731094
731091
731090
731089
731088
731087
731086
731085
731084
731083
731082
731081
731080
731079
731077
731076
731075
731074
731073
731068
731067
731066
731065
731064
731063
731062
731061
731060
731059
731056
731055
731053
731050
731048
731047
731044
731043
731042
731041
731039
731038
731037
731036
731035
731034
731033
731031
731030
731029
731028
731027
731026
731025
731024
731023
731021
731020
731019
731018
731017
731016
731015
731014
731013
731009
731008
731007
731006
731005
731004
731003
730999
730998
730997
730996
730995
730994
730992
730991
730831
730963
730990
730988
730986
730985
730984
730983
730982
730981
730980
730979
730978
730966
730965
730964
730961
730942
730960
730959
730958
730956
730955
730954
730953
730952
730951
730950
730930
730948
730947
730946
730944
730943
730931
730945
730941
730940
730939
730938
730937
730933
730932
730929
730928
730927
730935
730926
730919
730916
730915
730914
730913
730912
730911
730910
730909
730908
730907
730906
730905
730904
730903
730902
730901
730900
730899
730898
730897
730895
730894
730893
730892
730891
730890
730889
730888
730887
730886
730885
730884
730868
730867
730866
730865
730864
730838
730837
730836
730835
730834
730833
730832
730830
730829
730828
730827
730826
730825
730824
730823
730822
730821
730820
730819
730818
730817
730816
730815
730812
730810
730809
730808
730807
730806
