809975
809973
809561
809562
809771
809766
809659
809655
810014
809777
809652
809648
809774
809646
810019
809993
810009
809772
809769
809767
810018
809776
809650
809657
809988
810020
810015
809654
809651
809647
809649
809994
809575
809574
809668
810003
809840
809841
809854
809855
809757
809758
809570
809571
809572
809573
809748
809759
809760
809761
809785
809849
809850
809851
809852
809909
809944
809564
809567
809956
809948
809947
809946
809565
809566
809951
809952
809953
809957
809949
809950
809954
809955
809734
809736
809739
810115
810113
810112
810111
810110
810109
810108
810107
810106
810104
810103
810102
810101
810100
810099
810098
810097
810096
810095
810094
810093
810092
810091
810090
810089
810088
810087
810086
810085
810084
810083
810082
810081
810079
810078
810077
810076
810075
810074
810073
810072
810071
810070
810069
810067
810066
810065
810064
810063
810062
810061
810060
810059
810058
810057
810056
810055
810054
810053
810052
810051
810050
810049
810048
810047
810046
810045
810044
810043
810042
810041
810040
810039
810038
810037
810036
810035
810034
810033
810032
810031
810030
810029
810028
810027
810026
810025
810024
810023
810022
810021
810016
810013
810012
810011
810010
810008
810007
810006
810005
810004
810002
810001
810000
809999
809998
809996
809995
809992
809991
809990
809989
809987
809986
809985
809984
809983
809982
809981
809980
809979
809977
809978
809976
809974
809972
809971
809968
809966
809965
809964
809963
809962
809961
809960
809959
809958
809945
809943
809942
809941
809940
809939
809938
809937
809936
809935
809934
809933
809932
809931
809930
809929
809928
809927
809926
809925
809924
809923
809922
809920
809919
809918
809917
809916
809915
809914
809913
809912
809911
809910
809907
809905
809904
809903
809902
809901
809900
809899
809898
809897
809892
809890
809889
809888
809887
809886
809885
809884
809883
809882
809881
809880
809878
809877
809876
809875
809874
809873
809872
809871
809869
809868
809866
809865
809864
809863
809862
809859
809857
809856
809853
809848
809847
809846
809845
809844
809843
809842
809839
809838
809837
809836
809835
809834
809833
809832
809831
809830
809829
809828
809827
809826
809825
809824
809823
809822
809821
809820
809819
809818
809817
809816
809815
809814
809812
809811
809720
809721
809725
809724
809810
809809
809808
809807
809806
809805
809804
809803
809801
809800
809799
809798
809797
809796
809795
809794
809793
809792
809791
809722
809723
809728
809790
809788
809787
809786
809784
809783
809782
809781
809780
809779
809778
809775
809773
809770
809768
809765
809764
809763
809762
809756
809713
809719
809718
809755
809754
809753
809751
809747
809746
809745
809744
809743
809742
809741
809740
809738
809712
809727
809726
809737
809735
809733
809717
809715
809714
809732
809730
809729
809716
809711
809710
809709
809708
809707
809706
809705
809704
809703
809702
809701
809700
809699
809698
809615
809616
809617
809697
809696
809695
809694
809693
809692
809691
809690
809689
809688
809687
809686
809685
809684
809683
809681
809680
809679
809678
809677
809675
809674
809673
809672
809671
809670
809669
809667
809666
809665
809664
809663
809662
809660
809658
809656
809653
809645
809644
809642
809641
809640
809639
809638
809637
809636
809635
809634
809633
809632
809631
809630
809629
809628
809627
809626
809625
809624
809623
809622
809621
809620
809619
809618
809614
809613
809612
809611
809610
809609
809599
809600
809603
809604
809605
809606
809607
809608
809602
809601
809598
809597
809596
809595
809594
809593
809592
809591
809590
809589
809588
809587
809586
809585
809584
809583
809582
809581
809580
809579
809578
809577
809576
809569
809568
809563
809560
809559
809558
