823681
823672
823315
823545
823537
823688
823686
823682
823673
823616
823522
823411
823684
823680
823457
823676
823671
823557
823523
823624
823619
823621
823450
823410
823617
823687
823679
823675
823670
823623
823615
823555
823449
823409
823419
823414
823393
823394
823448
823622
823689
823683
823678
823674
823520
823404
823526
823524
823396
823389
823444
823392
823390
823387
823418
823415
823395
823391
823417
823413
823695
823297
823296
823701
823700
823698
823589
823588
823746
823741
823734
823753
823751
823750
823745
823740
823728
823726
823285
823311
823312
823458
823492
823518
823546
823567
823570
823571
823439
823713
823752
823749
823748
823747
823744
823743
823742
823739
823738
823736
823729
823727
823725
823720
823719
823702
823591
823590
823658
823657
823656
823655
823654
823653
823652
823651
823650
823649
823645
823639
823635
823703
823704
823705
823648
823647
823646
823644
823641
823640
823638
823637
823636
823634
823632
823631
823630
823618
823613
823604
823601
823661
823761
823760
823759
823758
823757
823756
823723
823724
823722
823721
823755
823754
823737
823735
823733
823732
823731
823730
823718
823717
823716
823715
823714
823712
823711
823710
823709
823706
823707
823699
823697
823708
823696
823694
823693
823692
823691
823690
823685
823677
823669
823668
823667
823666
823665
823664
823663
823662
823660
823659
823643
823642
823633
823629
823628
823627
823626
823587
823585
823584
823583
823620
823612
823611
823610
823609
823608
823607
823606
823605
823603
823602
823600
823599
823598
823597
823596
823595
823306
823614
823594
823593
823592
823586
823582
823581
823580
823579
823578
823577
823574
823568
823565
823564
823563
823562
823561
823560
823559
823558
823556
823554
823553
823552
823551
823550
823549
823548
823547
823544
823543
823541
823540
823539
823538
823535
823534
823533
823532
823531
823530
823529
823528
823527
823525
823521
823519
823517
823516
823515
823514
823513
823512
823511
823510
823509
823508
823507
823506
823505
823504
823503
823502
823501
823500
823499
823498
823497
823496
823495
823494
823493
823491
823490
823489
823483
823484
823487
823488
823486
823485
823482
823481
823480
823479
823478
823477
823476
823475
823474
823473
823472
823471
823470
823469
823468
823467
823466
823465
823464
823463
823462
823461
823460
823459
823455
823454
823453
823452
823451
823447
823446
823445
823442
823441
823440
823438
823437
823435
823434
823433
823432
823431
823430
823429
823428
823427
823426
823425
823424
823423
823422
823421
823420
823416
823412
823408
823407
823406
823405
823403
823402
823401
823400
823397
823388
823386
823385
823384
823383
823381
823380
823379
823349
823348
823347
823346
823345
823344
823343
823342
823341
823340
823339
823338
823336
823334
823333
823332
823331
823330
823329
823328
823327
823326
823325
823324
823323
823322
823321
823320
823319
823318
823317
823316
823314
823313
823310
823309
823308
823307
823305
823304
823303
823302
823301
823300
823299
823298
823295
823294
823293
823292
823291
823290
823289
823288
823287
823286
823284
823283
823282
823281
823280
823279
823278
823277
823276
823275
823274
823273
823272
823271
823270
823269
823268
823267
823266
823265
823264
823263
823262
823261
