760345
760343
760342
760341
760338
760336
760339
760337
760335
760353
760351
760293
760350
760349
760334
760333
760617
760616
760614
760619
760613
760620
760618
760456
760438
760434
760413
760416
760410
760430
760422
760390
760412
760437
760435
760429
760399
760418
760425
760415
760414
760393
760407
760615
760612
760436
760433
760385
760411
760417
760312
760325
760326
760327
760275
760528
760575
760585
760625
760565
760566
760568
760570
760610
760609
760367
760463
760464
760466
760469
760467
760468
760470
760497
760495
760632
760631
760630
760629
760628
760627
760626
760624
760623
760622
760611
760608
760607
760606
760605
760604
760603
760602
760601
760600
760599
760598
760597
760596
760595
760594
760593
760592
760591
760590
760589
760588
760586
760584
760583
760582
760581
760580
760579
760578
760577
760576
760574
760572
760569
760567
760563
760562
760561
760560
760559
760558
760557
760556
760555
760554
760553
760552
760551
760550
760549
760548
760547
760546
760545
760544
760543
760542
760541
760540
760539
760538
760537
760536
760535
760532
760531
760530
760529
760301
760298
760295
760527
760526
760525
760524
760523
760522
760521
760520
760519
760518
760517
760516
760515
760514
760513
760512
760511
760510
760509
760508
760507
760506
760505
760504
760503
760502
760501
760499
760494
760493
760492
760490
760489
760488
760487
760486
760485
760478
760479
760480
760481
760482
760483
760484
760477
760476
760475
760474
760473
760472
760471
760462
760461
760460
760459
760458
760457
760455
760454
760453
760452
760451
760450
760449
760448
760447
760446
760445
760444
760443
760442
760441
760440
760439
760432
760431
760428
760427
760426
760424
760423
760421
760420
760419
760378
760379
760380
760381
760382
760383
760384
760386
760387
760388
760389
760391
760392
760394
760395
760396
760397
760398
760400
760401
760402
760403
760404
760405
760406
760408
760409
760377
760376
760375
760374
760373
760372
760371
760370
760368
760366
760365
760364
760363
760362
760361
760360
760359
760357
760356
760355
760354
760352
760348
760347
760346
760344
760340
760332
760330
760329
760324
760323
760322
760321
760320
760319
760318
760317
760316
760315
760314
760313
760311
760310
760308
760307
760306
760305
760304
760303
760300
760297
760292
760291
760290
760289
760288
760287
760286
760285
760284
760283
760282
760280
760279
760278
760277
760276
760274
760273
760272
760271
760270
760269
760268
760267
760266
760265
760264
760263
760262
760261
