869802
869801
869797
869792
869780
869774
869800
869805
869789
869778
869771
869798
869795
869787
869783
869767
869799
869793
869760
869775
869755
869930
869931
869933
869925
870039
870071
870052
870047
869889
869887
869886
869885
870055
870053
870045
869888
869884
869878
869872
870069
870050
870041
870046
869986
869960
870037
870035
869922
869903
869901
869897
869895
870031
869959
870044
870040
870029
869957
869932
869923
869899
869875
869928
869934
869835
869834
870054
870049
870043
870068
869956
869870
869898
869955
870022
869927
869924
870038
870066
870048
870042
869902
869900
869896
869883
869871
869876
869832
869829
869833
869879
869763
869762
869761
869961
869962
869968
869982
869975
869926
869882
869830
869880
869947
869867
869768
869791
870162
869980
869977
869831
869965
869964
869981
869979
869976
869765
869764
869973
869972
869969
869967
869966
869759
869758
869757
869817
869816
869813
869812
869811
869810
870195
870192
870191
870183
869751
870197
870190
870181
870179
870167
870166
870165
870146
870140
870137
870136
870135
870134
870133
870132
870124
870123
870122
870115
870114
870112
870110
870109
870108
870104
870103
870102
870101
870099
870098
870097
870095
870094
870093
870092
870091
870088
870087
870086
870085
870082
870083
870084
870080
870077
870075
870073
870081
870078
870164
870152
870151
870150
870149
870148
870147
869990
869991
870198
870196
870194
870193
870189
870188
870187
870186
870185
870184
870182
870180
870178
870177
870176
870175
870174
870173
870172
870171
870170
870169
870168
870163
870161
870160
870158
869825
869824
869823
869822
869821
870156
870155
870154
870153
870145
870144
870143
870142
870141
870139
870138
870131
870130
870129
870128
870127
870126
870125
870121
870120
870119
870118
870117
870116
870113
870111
870107
870106
870100
869819
869820
869818
869814
869815
870096
870089
870079
870076
870074
870072
870070
870067
870065
870064
870063
870062
870061
870060
870059
870058
870057
870056
870051
870036
870034
870033
870032
870030
870028
870027
870026
870025
870024
870023
870021
870020
870019
870018
870017
870016
870015
870014
870013
870012
870011
870010
870008
870007
870006
870005
870004
870003
870002
870001
869999
869998
869997
869996
869995
869994
869993
869992
869989
869988
869987
869985
869984
869983
869974
869971
869970
869958
869954
869953
869952
869950
869949
869948
869946
869945
869944
869943
869942
869941
869940
869939
869938
869937
869936
869935
869929
869921
869920
869918
869917
869916
869915
869914
869913
869912
869911
869910
869909
869908
869906
869905
869904
869894
869893
869891
869890
869881
869877
869874
869873
869869
869866
869865
869863
869862
869861
869860
869859
869858
869857
869856
869855
869854
869853
869852
869851
869850
869849
869848
869847
869846
869845
869844
869843
869842
869841
869840
869839
869838
869837
869836
869828
869827
869826
869809
869808
869807
869806
869804
869803
869796
869794
869786
869785
869784
869782
869781
869779
869777
869776
869773
869772
869766
869756
869754
869753
869752
869750
869749
869748
869747
869746
869745
869744
869743
869742
869741
869740
869739
869738
869737
869736
869735
869734
869733
869732
869731
869730
869729
869728
869727
869726
869724
869723
869722
869721
869720
869719
869718
869717
869716
869715
869714
869713
869712
869711
869710
869709
869708
869707
869706
869705
869704
869703
