759328
759322
759281
759214
759356
759325
759319
759316
759271
759269
759357
759326
759323
759314
759355
759324
759272
759321
759313
759270
759354
759268
759360
759359
759404
759153
759198
759142
759182
759243
759311
759320
759454
759453
759452
759451
759450
759449
759448
759447
759446
759445
759444
759431
759429
759437
759436
759433
759432
759438
759435
759434
759440
759439
759443
759442
759441
759426
759428
759427
759425
759424
759423
759422
759421
759420
759419
759430
759418
759417
759416
759415
759414
759413
759410
759409
759408
759407
759406
759405
759403
759402
759401
759400
759399
759398
759397
759396
759395
759394
759393
759392
759391
759390
759388
759387
759279
759386
759385
759384
759383
759382
759381
759380
759379
759378
759377
759376
759375
759374
759373
759372
759265
759264
759263
759371
759370
759369
759368
759367
759366
759365
759364
759363
759362
759361
759358
759353
759352
759351
759350
759349
759348
759347
759346
759345
759344
759343
759342
759341
759340
759339
759338
759337
759336
759335
759334
759333
759332
759331
759330
759329
759327
759318
759317
759315
759312
759310
759309
759308
759307
759306
759305
759304
759303
759302
759301
759300
759299
759298
759297
759296
759295
759294
759293
759292
759291
759290
759289
759288
759286
759285
759284
759283
759282
759278
759277
759276
759275
759274
759273
759252
759267
759266
759262
759261
759260
759259
759258
759257
759256
759255
759254
759251
759250
759249
759248
759246
759245
759244
759242
759241
759240
759239
759238
759237
759236
759235
759234
759233
759232
759231
759230
759229
759228
759227
759226
759225
759224
759223
759222
759221
759220
759219
759218
759217
759216
759215
759213
759212
759211
759210
759209
759208
759207
759206
759205
759204
759201
759200
759199
759197
759196
759195
759194
759193
759192
759191
759190
759189
759188
759187
759186
759185
759184
759183
759181
759180
759179
759178
759177
759176
759174
759173
759172
759171
759170
759169
759168
759167
759166
759165
759164
759163
759162
759161
759160
759159
759158
759156
759155
759152
759151
759150
759149
759148
759147
759146
759145
759144
759143
759141
759140
759139
759138
759137
759136
759135
759134
759133
759132
759131
759130
759121
759122
759123
759124
759125
759126
759127
759128
759129
