815357
815458
815459
815460
815453
815487
815488
815493
815494
815271
815269
815267
815266
815283
815260
815258
815219
815135
815112
815346
815292
815290
815132
815113
815282
815259
815141
815129
815111
815109
815106
815102
815161
815158
815345
815291
815289
815280
815257
815181
815140
815126
815108
815105
815101
815262
815261
815180
815160
815136
815125
815156
815159
815107
815103
815244
815245
815246
815247
815248
815249
815251
815252
815253
815254
815436
815437
815438
815439
815440
815441
815442
815443
815444
815445
815446
815447
815448
815449
815450
815431
815250
815243
815240
815241
815242
815484
815483
815482
815481
815480
815479
815478
815477
815476
815475
815474
815473
815471
815470
815469
815468
815467
815466
815465
815464
815463
815462
815461
815457
815456
815455
815454
815452
815451
815239
815237
815235
815435
815434
815433
815430
815429
815428
815427
815426
815425
815424
815422
815421
815420
815419
815418
815417
815416
815415
815414
815411
815410
815409
815408
815407
815406
815405
815404
815403
815402
815401
815400
815399
815398
815397
815396
814998
815003
815021
815222
815365
815395
815364
815381
815147
815148
815149
815150
815026
815189
815190
815342
815394
815393
815392
815391
815390
815389
815388
815387
815386
815385
815384
815383
815382
815380
815378
815377
815376
815375
815374
815373
815372
815371
815370
815369
815368
815367
815366
815363
815362
815360
815359
815358
815356
815355
815354
815353
815352
815351
815350
815349
815348
815347
815344
815343
815341
815339
815338
815337
815336
815335
815333
815332
815331
815330
815329
815328
815327
815325
815324
815322
815321
815320
815318
815317
815316
815315
815314
815312
815311
815310
815309
815308
815307
815306
815305
815304
815303
815302
815300
815297
815296
815295
815293
815287
815285
815281
815279
815278
815277
815276
815275
815274
815273
815270
815268
815263
815256
815255
815238
815236
815234
815233
815232
815231
815230
815228
815227
815226
815225
815224
815223
815221
815220
815218
815215
815213
815208
815207
815206
815205
815204
815203
815202
815201
815200
815198
815197
815196
815195
815194
815193
815192
815191
815188
815187
815186
815185
815184
815183
815182
815179
815178
815176
815175
815174
815173
815171
815170
815169
815168
815165
815164
815154
815146
815145
815144
815143
815142
815139
815138
815137
815134
815133
815131
815130
815128
815127
815124
815123
815121
815120
815119
815118
815117
815116
815115
815114
815110
815104
815100
815099
815097
815096
815095
815094
815093
815092
815091
815090
815089
815088
815087
815086
815085
815084
815083
815082
815081
815080
815079
815078
815077
815076
815075
815074
815073
815072
815071
815070
815069
815068
815067
815066
815065
815063
815062
815061
815060
815059
815058
815057
815056
815055
815054
815053
815052
815051
815050
815049
815048
815047
815046
815045
815041
815040
815039
815038
815037
815036
815035
815034
815033
815032
815031
815030
815029
815028
815027
815025
815024
815023
815022
815020
815019
815018
815017
815016
815015
815014
815013
815012
815010
815009
815008
815007
815006
815005
815004
815002
815001
815000
814997
814996
814995
814992
814987
814986
814985
814984
814983
