752508
752509
752510
752822
752824
752840
752832
752829
752592
752579
752593
752577
752678
752680
752684
752654
752647
752624
752594
752584
752591
752601
752603
752596
752675
752604
752622
752682
752657
752645
752578
752590
752582
752581
752599
752602
752674
752576
752681
752567
752566
752580
752655
752646
752618
752605
752597
752583
752499
752498
752497
752574
752600
752512
752575
752532
752539
752564
752705
752720
752723
752743
752779
752820
752766
752767
752768
752770
752771
752772
752773
752774
752775
752776
752777
752778
752548
752537
752507
752506
752505
752470
752809
752830
752831
752834
752838
752839
752846
752847
752850
752855
752856
752859
752861
752833
752860
752858
752857
752854
752853
752852
752851
752849
752848
752845
752844
752837
752836
752835
752828
752827
752825
752821
752819
752818
752815
752814
752813
752812
752811
752810
752808
752807
752806
752805
752804
752803
752802
752801
752800
752799
752798
752797
752796
752795
752794
752793
752792
752791
752790
752788
752787
752786
752785
752784
752783
752782
752781
752780
752769
752765
752764
752763
752762
752761
752760
752759
752758
752757
752756
752755
752753
752752
752751
752749
752748
752747
752746
752745
752744
752742
752741
752739
752738
752737
752736
752735
752734
752733
752732
752731
752730
752729
752728
752727
752726
752725
752724
752722
752721
752719
752718
752717
752716
752715
752714
752713
752712
752711
752710
752709
752708
752707
752706
752704
752703
752702
752701
752700
752699
752698
752697
752696
752695
752694
752693
752692
752691
752689
752688
752686
752685
752683
752679
752676
752673
752672
752671
752670
752669
752667
752666
752665
752664
752663
752662
752661
752660
752659
752658
752656
752653
752652
752651
752650
752649
752648
752644
752643
752642
752641
752640
752639
752638
752636
752635
752634
752633
752632
752631
752630
752629
752628
752627
752626
752625
752623
752621
752620
752619
752617
752616
752615
752614
752613
752612
752611
752610
752609
752608
752607
752606
752598
752595
752589
752588
752587
752586
752573
752572
752571
752570
752568
752565
752563
752562
752561
752560
752559
752558
752557
752556
752555
752554
752553
752552
752551
752550
752549
752547
752546
752545
752544
752543
752542
752541
752540
752538
752536
752535
752534
752533
752531
752530
752529
752528
752527
752526
752525
752524
752523
752522
752521
752520
752519
752518
752517
752516
752515
752513
752511
752504
752503
752502
752501
752500
752496
752495
752494
752493
752492
752491
752490
752489
752488
752487
752486
752484
752483
752482
752481
752480
752479
752478
752477
752476
752475
752474
752473
752469
752472
752471
752468
752467
752466
752465
