740395
740390
740790
740785
740784
740788
740787
740594
740538
740534
740781
740676
740660
740540
740548
740780
740779
740782
740596
740549
740545
740789
740786
740783
740536
740547
740537
740677
740661
740598
740492
740489
740543
740544
740550
740546
740487
740541
740539
740535
740722
740721
740720
740719
740718
740640
740516
740517
740518
740586
740637
740670
740675
740738
740801
740445
740444
740443
740442
740441
740436
740435
740434
740433
740432
740431
740430
740429
740428
740424
740423
740422
740802
740800
740799
740798
740797
740793
740794
740796
740795
740792
740791
740778
740777
740776
740775
740774
740773
740772
740771
740770
740769
740768
740767
740766
740765
740764
740763
740762
740761
740760
740759
740758
740757
740756
740755
740754
740753
740752
740751
740750
740749
740748
740747
740746
740745
740744
740743
740742
740741
740740
740739
740737
740736
740734
740733
740732
740731
740730
740729
740728
740727
740726
740725
740724
740723
740717
740716
740714
740398
740399
740401
740403
740404
740405
740406
740407
740595
740713
740712
740711
740710
740709
740708
740707
740706
740705
740704
740703
740702
740701
740700
740699
740698
740697
740696
740695
740694
740693
740692
740691
740690
740689
740688
740687
740686
740685
740684
740683
740682
740681
740680
740679
740678
740674
740673
740672
740426
740427
740671
740669
740667
740666
740665
740664
740663
740662
740659
740658
740655
740657
740656
740654
740652
740651
740650
740649
740648
740647
740646
740645
740644
740643
740642
740641
740639
740638
740636
740635
740634
740633
740632
740631
740630
740629
740628
740627
740626
740625
740624
740623
740622
740621
740620
740619
740618
740617
740616
740615
740614
740613
740612
740611
740610
740609
740608
740607
740606
740605
740601
740603
740600
740599
740597
740592
740591
740590
740589
740588
740587
740584
740583
740582
740581
740580
740579
740578
740577
740553
740554
740555
740556
740557
740558
740560
740561
740562
740563
740564
740565
740566
740567
740576
740574
740573
740572
740571
740570
740569
740568
740559
740552
740551
740542
740533
740532
740531
740530
740529
740528
740527
740526
740525
740524
740523
740522
740521
740520
740519
740515
740514
740513
740512
740511
740510
740508
740507
740506
740505
740504
740503
740502
740501
740500
740499
740498
740497
740496
740495
740494
740493
740491
740490
740488
740486
740485
740484
740483
740482
740481
740480
740479
740478
740477
740476
740475
740474
740473
740472
740471
740470
740469
740468
740467
740466
740465
740464
740463
740462
740461
740460
740459
740458
740457
740456
740455
740454
740453
740452
740451
740450
740449
740448
740447
740446
740440
740439
740438
740437
740425
740421
740420
740419
740418
740417
740416
740415
740414
740413
740412
740411
740410
740409
740408
740402
740400
740397
740396
740394
740393
740392
740391
740389
740388
740387
740386
740385
740384
740383
740382
740381
740380
740379
