754082
753891
753885
754062
754045
754077
754052
754060
754058
754048
753887
753886
753895
754080
754079
753882
754078
754055
754076
754050
753888
753883
754081
754049
753889
754047
754046
754061
754053
754054
753894
753890
753899
753892
754031
754030
754029
754066
754067
754068
754071
754072
753918
753920
753967
753965
753656
753652
753657
753664
754091
754092
754097
754098
754101
754107
754110
754112
754115
754117
754121
754123
753654
754143
754142
754141
754140
754139
754138
754127
754128
754129
754130
754131
754132
754133
754135
754136
754137
754134
754126
754125
754124
754122
754120
754119
754118
754116
754114
754113
754111
754109
754108
754106
754105
754104
754103
754102
754100
754099
754096
754095
754093
754090
754089
754088
754087
754086
754085
754084
754083
754075
754073
754070
754069
754065
754059
754057
753955
753956
753979
754022
754044
754043
754042
754041
754040
754039
754038
754037
754036
754035
754033
754028
754027
754025
754024
754023
754021
754020
754019
754018
754017
754016
754015
754014
754013
754012
754011
754010
754009
754008
754007
754006
754005
754004
754003
754002
754001
754000
753999
753998
753997
753996
753995
753994
753993
753991
753990
753989
753988
753987
753986
753985
753984
753983
753982
753981
753980
753978
753977
753976
753975
753974
753973
753972
753971
753970
753969
753968
753966
753964
753963
753962
753961
753960
753959
753958
753957
753954
753953
753952
753951
753950
753949
753948
753947
753946
753945
753944
753943
753942
753941
753940
753939
753938
753937
753936
753935
753934
753933
753932
753931
753930
753929
753928
753927
753926
753925
753924
753923
753922
753921
753919
753917
753916
753915
753914
753913
753912
753911
753910
753909
753908
753907
753906
753905
753904
753903
753902
753901
753900
753898
753897
753896
753893
753884
753881
753880
753879
753878
753877
753876
753875
753874
753873
753872
753871
753870
753869
753868
753867
753866
753865
753864
753863
753862
753861
753860
753859
753858
753857
753728
753729
753730
753731
753733
753734
753736
753737
753738
753740
753741
753742
753743
753744
753745
753746
753747
753748
753763
753764
753765
753766
753767
753768
753769
753770
753771
753772
753774
753775
753776
753777
753778
753779
753780
753781
753782
753784
753785
753786
753787
753788
753789
753790
753791
753792
753793
753794
753795
753796
753797
753798
753799
753800
753801
753802
753804
753805
753806
753807
753808
753809
753810
753811
753812
753813
753814
753815
753816
753817
753818
753819
753820
753821
753822
753823
753824
753825
753826
753827
753828
753829
753830
753831
753832
753833
753834
753835
753836
753837
753838
753839
753840
753841
753842
753843
753844
753845
753847
753848
753849
753850
753851
753852
753853
753854
753856
753855
753757
753756
753755
753754
753803
753783
753773
753762
753761
753760
753759
753758
753753
753752
753751
753750
753749
753739
753735
753732
753727
753726
753725
753724
753723
753722
753721
753720
753719
753718
753717
753716
753715
753714
753713
753712
753711
753710
753709
753708
753707
753706
753705
753704
753703
753702
753701
753700
753699
753698
753697
753696
753695
753694
753693
753692
753691
753690
753689
753688
753687
753686
753685
753684
753683
753682
753681
753680
753678
753677
753676
753674
753673
753672
753671
753670
753669
753668
753667
753666
753665
753663
753662
753661
753660
753659
753658
753655
753653
753651
