858337
858043
858049
858021
858018
858020
858017
858048
858047
858334
858333
858046
858045
858042
858041
858197
858193
858213
858215
858220
857984
858127
858129
858131
858136
858137
858138
858298
858348
858293
858217
858232
858209
858201
858190
858189
858349
858015
858013
858011
857991
857989
858256
858252
858249
858246
858244
858196
858225
858203
857995
858008
858347
858296
858255
858251
858248
858243
858133
858130
858002
857987
857986
857982
857980
858254
858245
858242
858191
858222
858221
858208
858006
857998
858000
858346
858253
857999
857990
857985
858146
858135
857981
858016
858005
857997
858240
858247
858257
858250
857993
858012
857996
858216
858207
858194
858014
858009
858007
857994
857992
857988
858206
857979
857983
858114
858113
858111
858108
858107
858106
858105
858104
858103
858102
858101
858100
858099
858098
858097
858096
858095
858094
858093
858092
858091
858090
858089
858088
858087
858086
858085
858084
858083
858082
858081
858080
858079
858078
858077
858076
858075
858074
858073
858072
858071
858070
858069
858068
858067
858066
858065
858064
858063
858062
858061
858060
858059
858058
858057
858056
858335
858332
858330
858286
858354
858134
857972
857971
857970
857969
857966
857965
857967
858039
858038
858395
858394
858393
858392
858391
858390
858389
858388
858387
858386
858385
858384
858383
858382
858381
858380
858379
858378
858377
858376
858375
858374
858373
858371
858370
858369
858368
858367
858366
858365
858364
858363
858362
858361
858360
858359
858358
858357
858356
858355
858353
858352
858351
858350
858345
858344
858343
858342
858341
858339
858338
858336
858331
858329
858328
858327
858326
858325
858324
858323
858322
858321
858320
858319
858318
858317
858316
858315
858314
858313
858312
858311
858310
858309
858308
858307
858306
858304
858303
858302
858301
858300
858299
858297
858295
858294
858292
858291
858290
858289
858288
858287
858285
858283
858281
858280
858279
858277
858276
858274
858273
858272
858271
858270
858269
858268
858267
858266
858265
858263
858262
858261
858260
858259
858258
858241
858239
858238
858237
858236
858235
858234
858233
858231
858230
858228
858227
858226
858224
858223
858219
858218
858214
858211
858210
858205
858204
858202
858200
858199
858198
858195
858192
858188
858187
858186
858185
858184
858181
858180
858179
858178
858177
858176
858175
858174
858173
858172
858171
858170
858169
858168
858167
858166
858165
858164
858163
858162
858161
858160
858159
858158
858157
858156
858155
858154
858153
858152
858151
858150
858149
858148
858147
858145
858144
858143
858142
858141
858140
858139
858132
858128
858124
858123
858122
858121
858120
858119
858118
858117
858116
858115
858112
858110
858109
858055
858054
858053
858052
858051
858040
858033
858034
858036
858035
858037
858032
858031
858030
858029
858028
858027
858026
858025
858024
858023
858010
858004
858003
858001
857978
857977
857976
857975
857964
857963
857973
857968
857962
857961
857960
857959
857958
857957
857956
857955
857954
857953
857952
857951
857950
857949
857948
857947
857946
857945
857944
857943
857942
857941
857940
857939
857938
857937
857936
857935
857934
857933
857932
857931
857930
857929
857928
857927
857926
857925
857924
857923
857922
857921
857919
857918
857917
857916
857915
857914
857913
857912
