727932
727933
727690
727661
727629
727659
727630
727631
727625
727725
727627
727628
727735
727804
727640
727639
727943
727947
727925
727760
727757
727950
727781
727992
727968
727915
727927
727967
727981
727941
727918
727921
727755
727946
727991
727969
727758
727923
727919
727928
727756
727949
727945
727920
727916
727926
727805
727780
727717
727716
727715
727714
727713
727712
727711
727710
727709
727707
727706
727705
727704
727702
727701
727700
727698
727697
727696
727695
727693
727692
727688
727686
727685
727682
727681
727678
727677
727675
727673
727672
727670
727669
727668
727666
727665
727664
727663
727662
727660
727658
727657
727656
727654
727653
727652
727651
727650
727649
727648
727647
727646
727645
727644
727643
727642
727641
727718
727626
727638
727737
727723
727742
727730
727771
727782
727814
727832
727857
727886
727888
727952
727982
727562
727563
727564
727565
727566
727567
727568
727569
727570
727571
727572
727573
727574
727575
727576
727577
727578
727579
727580
727581
727582
727583
727584
727586
727587
727722
728025
728024
728023
728022
728021
728020
728019
728018
728017
728016
728015
728014
728013
728012
728011
728010
728009
728008
728026
728007
728006
728005
728004
728003
728002
728001
728000
727998
727997
727996
727995
727994
727993
727990
727989
727988
727987
727986
727985
727984
727983
727980
727979
727976
727975
727974
727973
727964
727961
727960
727959
727957
727956
727955
727954
727953
727951
727948
727944
727942
727940
727939
727938
727937
727837
727836
727936
727935
727934
727931
727930
727929
727924
727922
727917
727839
727914
727913
727911
727910
727909
727908
727907
727906
727905
727904
727902
727901
727900
727899
727838
727898
727897
727896
727895
727894
727893
727892
727891
727890
727887
727885
727884
727883
727882
727881
727880
727879
727878
727877
727876
727875
727874
727873
727872
727871
727870
727869
727868
727867
727865
727864
727863
727862
727860
727859
727858
727856
727855
727854
727853
727852
727851
727850
727849
727848
727840
727841
727847
727846
727845
727844
727843
727842
727835
727834
727833
727831
727830
727829
727828
727827
727826
727824
727823
727822
727821
727820
727819
727818
727817
727816
727815
727813
727812
727811
727810
727809
727808
727802
727801
727800
727799
727796
727795
727794
727793
727792
727791
727790
727789
727788
727787
727786
727785
727784
727783
727779
727778
727777
727776
727775
727774
727773
727772
727770
727768
727767
727766
727765
727764
727763
727762
727761
727759
727754
727753
727752
727751
727750
727749
727748
727747
727746
727745
727744
727743
727741
727740
727739
727738
727736
727734
727733
727732
727731
727729
727728
727727
727726
727724
727721
727720
727719
727708
727703
727699
727694
727691
727689
727687
727684
727683
727680
727679
727674
727671
727667
727655
727637
727636
727635
727634
727633
727632
727624
727623
727622
727621
727617
727616
727615
727614
727613
727612
727611
727610
727609
727608
727607
727606
727605
727604
727603
727602
727601
727600
727599
727598
727597
727596
727595
727594
727593
727592
727591
727590
727589
727588
727585
727561
727560
727559
727558
