857777
857635
857690
857649
857535
857449
857425
857417
857616
857555
857443
857440
857421
857689
857614
857444
857518
857553
857648
857414
857450
857426
857420
857439
857691
857612
857437
857692
857647
857524
857390
857371
857611
857445
857451
857533
857427
857419
857413
857551
857646
857688
857448
857520
857610
857447
857442
857438
857436
857424
857418
857411
857564
857517
857903
857902
857901
857900
857899
857898
857897
857896
857894
857893
857892
857891
857890
857889
857888
857887
857886
857885
857884
857883
857882
857881
857880
857879
857878
857877
857876
857875
857874
857873
857872
857871
857870
857869
857868
857457
857479
857484
857485
857488
857489
857820
857435
857867
857866
857865
857864
857863
857862
857861
857860
857859
857858
857857
857856
857855
857854
857853
857852
857851
857850
857849
857848
857847
857846
857845
857844
857366
857364
857363
857362
857361
857357
857843
857842
857841
857840
857839
857838
857837
857836
857834
857833
857831
857830
857829
857828
857827
857826
857825
857824
857823
857822
857819
857818
857817
857816
857815
857813
857812
857811
857810
857809
857808
857807
857806
857805
857804
857803
857802
857801
857800
857799
857798
857797
857796
857795
857794
857793
857792
857791
857790
857789
857788
857787
857786
857785
857784
857783
857782
857781
857598
857772
857771
857770
857768
857769
857767
857766
857765
857764
857763
857762
857760
857759
857758
857756
857755
857754
857752
857751
857750
857749
857748
857747
857746
857745
857744
857743
857742
857741
857740
857739
857738
857737
857736
857735
857734
857733
857732
857731
857730
857729
857728
857727
857726
857725
857724
857723
857911
857910
857909
857908
857907
857906
857905
857904
857895
857835
857832
857821
857814
857721
857720
857718
857717
857716
857715
857714
857713
857712
857711
857710
857708
857707
857706
857780
857779
857776
857775
857773
857761
857757
857753
857722
857719
857709
857705
857704
857703
857702
857701
857700
857699
857698
857697
857696
857695
857694
857693
857687
857686
857685
857684
857683
857682
857681
857680
857679
857678
857677
857676
857675
857674
857673
857672
857671
857670
857669
857668
857667
857666
857665
857664
857663
857661
857660
857659
857658
857657
857656
857655
857654
857653
857652
857651
857650
857645
857644
857643
857642
857641
857640
857639
857638
857637
857636
857634
857633
857632
857629
857627
857626
857625
857624
857623
857622
857621
857620
857618
857617
857615
857609
857607
857606
857605
857604
857603
857602
857601
857599
857597
857596
857594
857593
857592
857591
857590
857589
857588
857587
857586
857585
857584
857583
857582
857581
857580
857579
857578
857577
857576
857575
857574
857573
857572
857571
857570
857569
857568
857567
857566
857565
857563
857562
857561
857560
857559
857558
857557
857556
857554
857552
857550
857549
857548
857547
857546
857545
857544
857543
857541
857540
857539
857538
857536
857534
857532
857531
857530
857529
857528
857527
857526
857525
857523
857522
857521
857519
857516
857515
857514
857513
857512
857511
857510
857509
857508
857506
857503
857502
857498
857496
857495
857494
857493
857492
857490
857487
857486
857483
857482
857481
857480
857478
857477
857476
857475
857474
857473
857472
857471
857470
857469
857468
857467
857466
857465
857464
857463
857462
857461
857460
857459
857458
857456
857455
857454
857453
857452
857446
857441
857434
857433
857432
857431
857430
857429
857428
857423
857422
857416
857415
857412
857410
857409
857408
857407
857406
857405
857404
857403
857402
857401
857400
857399
857398
857397
857396
857395
857394
857393
857392
857391
857389
857388
857387
857386
857385
857384
857383
857382
857381
857380
857379
857378
857377
857376
857375
857374
857373
857372
857370
857369
857368
857367
857365
857360
857359
857358
857355
857356
857354
857353
857352
857351
857350
857349
857348
857347
857346
857345
857344
857343
857342
857341
857340
857339
857338
857336
857335
857334
857333
857332
857331
857330
857329
857328
857327
857326
857325
857324
857323
857322
857321
857320
857319
857318
857317
857316
857315
857314
857313
857312
857311
857310
857309
857308
857307
857306
857305
857304
857303
