920023
920390
920407
920627
920624
920623
920622
920621
920620
920659
920651
920611
920607
920601
920597
920524
920657
920648
920605
920592
920519
920658
920645
920609
920606
920600
920596
920299
920514
920459
920288
920310
920389
920463
920665
920656
920650
920608
920593
920508
920655
920604
920458
920308
920298
920287
920487
920486
920485
920483
920480
920478
920457
920304
920297
920285
920652
920643
920603
920599
920595
920489
920284
920642
920602
920598
920594
920509
920307
920296
920567
920566
920506
920565
920466
920488
920306
920102
920235
920236
920342
920554
920555
920556
920557
920558
920281
920279
920276
920263
920257
920256
920161
920162
920163
920164
920165
920166
920167
920168
920282
920267
920266
920262
920259
920258
920253
920249
920305
920294
920269
920010
920009
920008
920007
920006
920005
920004
920003
920275
920274
920265
920264
920251
920250
920245
920208
920203
920139
920273
920272
920271
920270
920261
920260
920244
920243
920213
920212
920209
920207
920206
920202
920196
920195
920155
920154
920152
920150
920148
920136
920084
920085
920086
920156
920157
920158
920159
920160
920255
920254
920246
920248
920247
920205
920204
920134
920133
920132
920515
920513
920153
920146
920145
920143
920141
920138
920137
920079
920077
920076
920022
920025
920201
920268
920215
920214
920200
920199
920198
920197
920131
920130
920080
920516
920542
920541
920540
920539
920538
920537
920536
920535
920534
920533
920532
920531
920530
920529
920528
920527
920526
920525
920571
920187
920188
920189
920190
920191
920192
920193
920568
920044
920666
920664
920663
920662
920661
920660
920617
920618
920625
920626
920628
920629
920630
920631
920633
920640
920641
920644
920646
920647
920649
920653
920654
920639
920638
920637
920636
920635
920634
920632
920523
920522
920521
920550
920549
920548
920547
920546
920545
920544
920543
920591
920590
920589
920588
920587
920586
920585
920584
920583
920582
920581
920580
920579
920578
920577
920576
920575
920574
920573
920572
920570
920569
920564
920563
920562
920559
920553
920552
920551
920512
920511
920510
920507
920505
920504
920503
920502
920501
920500
920499
920498
920497
920496
920495
920494
920493
920492
920491
920490
920484
920481
920479
920477
920476
920474
920473
920472
920471
920470
920465
920464
920461
920280
920456
920455
920454
920452
920451
920450
920449
920448
920447
920446
920445
920444
920443
920442
920441
920440
920439
920438
920435
920434
920433
920432
920431
920430
920429
920428
920427
920426
920425
920424
920423
920422
920421
920420
920419
920418
920417
920415
920414
920412
920411
920410
920409
920408
920406
920405
920404
920403
920400
920399
920398
920397
920396
920395
920394
920393
920392
920391
920388
920387
920386
920385
920384
920383
920382
920381
920380
920379
920378
920377
920376
920375
920374
920372
920371
920370
920369
920368
920367
920366
920365
920364
920363
920362
920361
920360
920359
920358
920357
920356
920355
920354
920353
920352
920351
920350
920349
920348
920347
920346
920345
920344
920343
920341
920340
920339
920338
920337
920336
920335
920334
920333
920332
920331
920330
920329
920328
920327
920326
920325
920324
920323
920322
920321
920320
920319
920318
920317
920316
920315
920314
920313
920312
920311
920309
920303
920302
920301
920300
920295
920293
920292
920291
920290
920289
920286
920283
920277
920242
920241
920240
920239
920238
920234
920233
920232
920231
920230
920229
920228
920227
920226
920225
920224
920223
920222
920221
920220
920219
920218
920217
920216
920211
920186
920185
920184
920182
920181
920180
920179
920177
920176
920175
920174
920173
920172
920171
920170
920194
920183
920178
920169
920151
920149
920142
920140
920129
920127
920125
920124
920123
920122
920119
920118
920117
920116
920121
920120
920115
920114
920113
920112
920111
920110
920109
920108
920107
920106
920105
920104
920103
920101
920100
920099
920098
920097
920096
920095
920094
920093
920092
920091
920090
920089
920088
920087
920083
920082
920081
920078
920075
920074
920073
920072
920071
920070
920069
920068
920067
920066
920065
920064
920063
920062
920061
920060
920059
920058
920057
920055
920056
920054
920037
920036
920035
920034
920033
920032
920031
920030
920029
920028
920027
920020
920019
920018
920017
920016
920015
920014
920013
920012
920011
