725572
725581
726529
725583
725574
725511
725456
725518
725575
726470
726453
726451
726449
726446
726445
726444
726443
726442
726438
726488
726487
726486
726485
726484
726483
726482
726481
726480
726479
726478
726477
726476
726475
726474
726415
726414
726413
726412
726411
726410
726409
726408
726407
726405
726404
726403
726402
726401
726400
726399
726398
726397
726396
726395
726394
726393
726392
726391
726390
726389
726388
726387
726385
726384
726383
726382
726381
726380
726378
726377
726376
726375
726374
726373
726372
726371
726370
726368
726367
726366
726365
726363
726362
726361
726360
726359
726358
726357
726355
726354
726353
726352
726351
726350
726349
726347
726346
726345
726344
726343
726341
726340
726339
726338
726337
726336
726335
726333
726331
726330
726329
726327
726326
726324
726323
726321
726320
726319
726318
726317
726316
726315
726314
726312
726311
726310
726309
726308
726307
726306
726305
726304
726303
726302
726301
726300
726299
726298
726296
726295
726294
726293
726292
726290
726289
726288
726287
726286
726285
726283
726282
726281
726280
726279
726278
726277
726276
726275
726274
726273
726272
726270
726269
726268
726267
726266
726265
726264
726263
726262
726261
726260
726259
726258
726256
726255
725878
725917
726461
726456
726452
726454
725914
725908
725888
725886
725869
725861
726254
726253
726252
726251
726250
726249
726248
726247
726246
726245
726244
726243
726239
726238
726237
726236
726235
726234
726233
726232
726231
726230
726229
726227
726226
726225
726224
726223
726221
726220
726219
726218
726217
726216
726215
726214
726213
726212
726211
726210
726208
726207
726206
726205
726204
726203
726202
726201
726200
726199
726198
726197
726196
726194
726193
726192
726191
726190
726189
726188
726187
726186
726185
726184
726183
726182
726181
726180
726179
726178
726177
726176
726175
726174
726447
726458
726464
726469
725652
725892
725864
725975
726459
726460
726471
726439
725907
725885
726173
726172
726171
726170
726168
726167
726164
726163
726162
726161
726160
726159
726158
726157
726156
726155
726154
726153
726152
726150
726149
726148
726147
726146
726145
726144
726143
726142
726141
726140
726139
726138
726135
726132
726130
726129
726128
726127
726126
726125
726124
726122
726121
726120
726119
726118
726117
726116
726115
726113
726111
726110
726109
726108
726106
726105
726103
726101
725496
725492
725493
725588
725584
726455
726440
726462
725868
725862
725890
725867
726099
726097
726096
726095
726093
726092
726091
726090
726089
726088
726087
726085
726084
726083
726082
726081
726080
726079
726078
726077
726076
726074
726073
726072
726071
726070
726069
726068
726067
726066
726065
726064
726063
726062
726060
726059
726058
726057
726056
726055
726054
726053
726052
726051
726050
726049
726047
726046
726045
726044
726463
726467
726457
726437
725906
725887
725891
725866
726043
725946
725944
725943
725942
725941
725939
725938
725936
725935
725933
725932
725930
725928
725927
725925
725923
725852
725851
725850
725849
725848
725847
725846
725845
725844
725843
725842
725841
725840
725839
725838
725837
725836
725835
725871
725865
725814
725813
725812
725810
725809
725808
725807
725806
725805
725804
725803
725802
725801
725800
725799
725798
725797
725796
725795
725794
725793
725792
725791
725790
725789
725788
725787
725786
725785
725784
725783
725782
725781
725780
725779
725778
725777
725776
725775
725774
725773
725772
725771
725769
725768
725767
725766
725765
725764
725763
725762
725761
725760
725759
725758
725757
725756
725755
725754
725753
725752
725751
725750
725749
725748
725747
725746
725745
725744
725743
725742
725741
725740
725739
725738
725737
725736
725880
725916
725735
725734
725733
725732
725731
725730
725729
725728
725727
725726
725725
725724
725723
725722
725720
725719
725718
725717
725716
725715
725714
725713
725712
725711
725710
725708
725707
725706
725705
725704
725703
725702
725699
725698
725697
725696
725695
725694
725693
725692
725691
725690
725689
725688
725687
725686
725685
725684
725683
725682
725681
725680
725679
725678
725677
725676
725675
725672
725674
725671
725673
725670
725669
725668
725667
725666
725665
725664
725663
725611
725610
725609
725608
725607
725606
725605
725604
725603
725602
725601
725600
725599
725596
725497
725508
725509
725597
725586
725580
725589
725587
725585
725582
725571
725579
725576
725578
725510
725523
726342
726348
726369
726386
726499
726500
725638
725636
725495
726332
726328
726325
726322
725700
725770
725815
725920
726002
726003
726005
726007
726011
726334
726505
726528
726527
726526
726525
726524
726523
726522
726521
726520
726519
726518
726517
726516
726515
726514
726513
726512
726511
726510
726509
726508
726507
726506
726504
726503
726502
726498
726497
726496
726495
726494
726493
726492
726491
726490
726489
726472
726468
726466
726465
726450
726448
726441
726436
726435
726434
726433
726432
726431
726430
726429
726428
726427
726426
726425
726424
726423
726422
726421
726420
726419
726418
726417
726416
726313
726297
726291
726284
726271
726242
726228
726209
726195
726165
726134
726133
726131
726123
726114
726112
726107
726104
726102
726100
726098
726094
726086
726075
726061
726048
726042
726041
726040
726039
726038
726037
726036
726035
726034
726033
726028
726032
726030
726031
726029
726027
726026
726025
726024
726022
726021
726019
726018
726017
726016
726015
726014
726013
726010
726009
726008
726006
726004
726001
726000
725999
725998
725997
725996
725995
725994
725993
725992
725991
725990
725989
725988
725987
725986
725985
725983
725982
725981
725980
725978
725977
725976
725974
725973
725972
725971
725970
725968
725967
725966
725965
725964
725963
725962
725961
725960
725959
725958
725957
725956
725955
725954
725953
725952
725951
725950
725949
725948
725947
725945
725940
725937
725934
725931
725929
725926
725922
725921
725919
725918
725915
725913
725912
725911
725910
725909
725905
725904
725903
725902
725901
725900
725499
725500
725501
725502
725503
725504
725505
725506
725507
725899
725898
725897
725896
725894
725893
725889
725883
725882
725881
725879
725877
725876
725874
725873
725872
725870
725863
725860
725859
725858
725857
725856
725855
725854
725853
725834
725833
725832
725831
725830
725829
725828
725827
725826
725825
725824
725823
725822
725821
725820
725819
725818
725817
725816
725811
725721
725709
725662
725661
725660
725659
725658
725657
725656
725655
725654
725653
725651
725650
725649
725648
725647
725646
725645
725644
725642
725641
725640
725639
725637
725635
725634
725633
725632
725631
725630
725629
725628
725627
725626
725625
725624
725623
725622
725621
725620
725619
725618
725617
725616
725615
725614
725613
725612
725595
725594
725592
725591
725573
725570
725569
725568
725566
725565
725564
725563
725562
725561
725560
725559
725558
725557
725556
725555
725554
725553
725552
725551
725550
725549
725548
725547
725545
725544
725543
725542
725540
725539
725538
725536
725537
725535
725534
725533
725532
725531
725530
725529
725528
725527
725526
725525
725524
725522
725521
725520
725517
725516
725515
725514
725513
725512
725498
725494
725491
725490
725489
725487
725485
725483
725482
725481
725480
725479
725478
725477
725476
725475
725474
725473
725472
725471
725470
725469
725468
725467
725466
725465
725464
725463
725462
725460
725459
725458
725455
