743451
743397
743097
743095
743452
743059
743052
743169
743057
743177
743168
743174
743173
743175
743161
743166
743165
743176
743167
743473
743474
743475
743477
743478
743051
743055
743058
743237
743079
743501
743276
743074
743210
743349
743080
743296
743295
743294
743046
743269
743521
743520
743519
743518
743517
743516
743515
743514
743513
743512
743511
743510
743509
743508
743507
743506
743505
743504
743503
743502
743500
743499
743498
743497
743496
743495
743494
743493
743492
743491
743490
743489
743488
743487
743486
743485
743484
743483
743482
743481
743480
743479
743476
743472
743471
743470
743469
743468
743467
743466
743465
743464
743463
743462
743461
743460
743459
743458
743457
743456
743455
743454
743453
743450
743449
743448
743447
743446
743445
743444
743443
743442
743441
743440
743439
743438
743437
743436
743435
743434
743433
743432
743431
743430
743429
743428
743427
743426
743425
743424
743423
743422
743421
743420
743419
743418
743417
743416
743415
743414
743413
743412
743411
743410
743409
743408
743407
743406
743405
743404
743403
743402
743401
743400
743399
743398
743396
743395
743394
743393
743392
743390
743389
743388
743387
743386
743385
743384
743383
743382
743380
743379
743378
743377
743376
743375
743374
743373
743372
743371
743370
743369
743367
743366
743365
743364
743363
743362
743361
743304
743300
743299
743298
743368
743360
743359
743358
743357
743356
743354
743353
743352
743351
743350
743348
743347
743346
743345
743344
743343
743342
743341
743340
743339
743338
743337
743336
743334
743333
743332
743331
743330
743329
743328
743327
743326
743325
743324
743323
743322
743321
743320
743319
743318
743317
743316
743315
743313
743312
743311
743309
743308
743307
743306
743297
743293
743292
743291
743290
743289
743288
743286
743285
743284
743283
743282
743281
743280
743265
743264
743263
743279
743278
743277
743275
743274
743273
743272
743271
743270
743268
743267
743266
743262
743261
743260
743259
743258
743257
743256
743255
743254
743253
743252
743251
743250
743249
743248
743247
743246
743245
743244
743243
743242
743241
743240
743239
743238
743236
743235
743234
743233
743232
743231
743230
743229
743228
743227
743226
743225
743224
743223
743222
743221
743220
743219
743218
743216
743186
743187
743188
743189
743190
743191
743192
743193
743194
743195
743196
743197
743199
743200
743201
743202
743203
743204
743215
743214
743213
743212
743211
743209
743208
743207
743206
743205
743198
743181
743182
743183
743184
743185
743180
743179
743178
743172
743171
743170
743164
743163
743162
743160
743159
743158
743157
743156
743155
743154
743153
743152
743151
743150
743149
743148
743147
743146
743145
743144
743143
743142
743141
743140
743139
743138
743137
743136
743135
743134
743132
743131
743130
743129
743128
743127
743126
743125
743124
743123
743122
743121
743120
743119
743118
743117
743116
743115
743114
743113
743112
743111
743110
743109
743108
743107
743106
743105
743104
743103
743102
743101
743100
743099
743098
743096
743094
743093
743092
743091
743090
743089
743088
743087
743086
743085
743084
743083
743082
743081
743077
743076
743075
743073
743072
743071
743070
743069
743068
743067
743066
743065
743064
743063
743062
743061
743060
743056
743054
743053
743050
743049
743048
743047
743045
743044
743043
743042
743041
743040
743039
