916138
915830
915715
916021
916137
916061
916057
916039
916032
916028
916036
916035
916030
916027
916024
916020
916019
916038
916037
915823
915821
915857
916010
916008
915831
915816
916031
916029
916023
916022
915825
916033
916026
916025
915824
915820
916041
916060
916007
915827
915822
915819
915818
915817
915813
915599
916090
915592
915587
916086
915873
915870
915588
915600
915601
915815
916087
915586
915686
915687
915689
915690
915691
915692
915693
915694
915695
915696
915698
915699
915700
915701
915702
915703
915704
915705
915706
916135
916134
916133
916132
916131
916130
916129
916128
916127
916126
916125
916124
916123
916122
916118
916117
915685
915683
915682
915681
915680
915678
915677
915676
915674
915673
915672
915671
915670
915669
915668
915666
915665
915664
915663
915662
915661
915660
915659
915658
915657
915656
915654
915653
915652
915650
915649
915648
915647
915646
915645
915644
915643
915642
916120
916121
916116
916115
916114
916113
916112
916111
916110
916109
916108
916106
916105
916104
915809
915808
915807
915806
915805
915804
915803
915802
915641
915640
915639
915638
915637
915635
915634
915633
915632
915631
915630
915629
915628
915627
915626
915624
915623
915622
915621
916145
916143
916095
916142
916141
916140
916136
916119
916107
916103
916102
916101
916100
916099
916098
916097
916094
916093
916092
916091
916089
916088
916085
916084
916083
916082
916081
916080
916079
916078
916077
916076
916075
916074
916073
916072
916071
916070
916069
916068
916067
916066
916065
916064
916063
916062
916059
916058
916056
916055
916054
916053
916052
916051
916050
916048
916047
916046
916045
916044
916043
916042
916040
916034
915997
915995
915983
915982
915984
916018
916017
916016
915994
915993
916015
916014
916013
916012
916011
916009
916006
916005
916004
916003
916002
916000
915999
915998
915996
915992
915991
915990
915988
915987
915986
915985
915981
915980
915979
915978
915977
915976
915975
915974
915973
915972
915969
915968
915967
915965
915964
915963
915962
915961
915960
915959
915958
915957
915954
915953
915952
915951
915950
915948
915947
915946
915945
915944
915942
915941
915940
915939
915935
915934
915933
915932
915930
915929
915928
915926
915923
915922
915921
915920
915919
915918
915917
915916
915915
915913
915912
915911
915910
915909
915908
915905
915904
915903
915902
915901
915900
915898
915897
915896
915895
915894
915893
915892
915891
915890
915889
915888
915887
915886
915885
915884
915883
915882
915881
915880
915879
915878
915876
915875
915874
915872
915871
915869
915868
915867
915866
915865
915864
915863
915862
915861
915620
915619
915618
915616
915615
915614
915613
915612
915860
915859
915858
915856
915855
915854
915853
915852
915851
915850
915849
915848
915847
915846
915845
915844
915843
915841
915840
915839
915838
915837
915836
915835
915834
915833
915832
915828
915826
915811
915810
915801
915800
915799
915798
915797
915796
915795
915794
915793
915792
915791
915790
915789
915788
915787
915786
915785
915784
915783
915782
915781
915780
915779
915778
915777
915776
915775
915774
915773
915772
915771
915770
915769
915768
915767
915766
915765
915764
915763
915762
915755
915752
915751
915750
915749
915748
915747
915746
915745
915744
915743
915741
915739
915738
915737
915736
915735
915731
915730
915729
915728
915726
915611
915610
915609
915608
915606
915605
915604
915603
915602
915725
915724
915723
915722
915721
915720
915719
915717
915716
915714
915713
915712
915711
915708
915707
915697
915688
915684
915679
915675
915667
915655
915651
915625
915617
915607
915598
915597
915596
915595
915593
915591
915590
915589
915585
915584
915583
