820782
820967
820799
820796
820792
820787
820780
820777
820775
821004
820797
820802
820800
820833
820963
820970
820999
820783
821005
820768
820964
820795
820788
820774
820969
820966
820793
820789
820786
820779
820968
820965
820776
821003
820998
820961
820832
820798
820772
820801
820790
820794
820785
820781
820773
820778
820767
820698
820722
820809
820820
820932
821038
821090
821099
820726
820804
820898
821071
821128
821127
821130
821129
820733
820732
820819
820959
820958
820957
820956
820955
820950
820930
820929
820928
820927
820919
820920
820921
820922
820923
820924
820925
820926
820909
820910
820911
820912
820913
820914
820915
820916
820917
820918
820860
820861
820862
820863
820864
820865
820866
820867
820868
820869
820870
820871
820872
820873
820874
820875
820876
820877
820878
820879
820880
820881
820882
820883
820884
820885
820886
820887
820888
820889
820890
820891
820892
820893
820894
820895
820896
820897
820899
820900
820901
820902
820903
820904
820905
820906
820907
820908
820954
820953
820952
820951
820948
820947
820945
820944
820943
820941
820940
820938
820858
820857
820855
820851
820850
820849
820848
820847
820854
820853
820852
820846
820845
820844
820843
820837
820836
820835
820834
821001
821131
821126
821125
821124
821123
821122
821121
821120
821119
821118
821117
821116
821115
821114
821113
821112
821111
821110
821109
821108
821107
821106
821105
821104
821103
821102
821101
821100
821098
821097
821096
821095
821094
821093
821091
821089
821088
821087
821086
821085
821083
821082
821081
821080
821079
821078
821077
821076
821075
821074
821073
821072
821070
821069
821067
821066
821065
821064
821063
821062
821061
821060
821059
821058
821057
821055
821054
821052
821051
821050
821049
821048
821047
821046
821045
821044
821043
821042
821040
821039
821037
821036
821035
821034
821033
821032
821031
821030
821029
821028
821027
821026
821024
821023
821022
821020
821019
821018
821017
821016
821015
821013
821012
821010
821009
821008
821006
821002
821000
820997
820996
820995
820994
820993
820992
820991
820990
820989
820988
820985
820987
820986
820984
820983
820982
820980
820979
820978
820977
820976
820975
820974
820973
820972
820971
820962
820960
820949
820946
820942
820939
820937
820936
820935
820934
820933
820856
820859
820842
820841
820840
820839
820838
820831
820830
820829
820827
820826
820825
820824
820823
820822
820821
820818
820817
820816
820815
820814
820813
820812
820811
820810
820808
820807
820806
820805
820803
820791
820784
820771
820770
820769
820766
820765
820764
820763
820762
820761
820760
820759
820758
820757
820756
820755
820754
820753
820752
820751
820750
820749
820748
820747
820746
820745
820744
820743
820742
820741
820740
820738
820737
820736
820735
820734
820731
820730
820729
820728
820727
820725
820724
820721
820719
820718
820717
820716
820715
820714
820713
820712
820711
820710
820709
820708
820707
820706
820705
820704
820703
820702
820701
820700
820699
820697
820695
820694
820693
820692
820691
820690
820689
820688
820687
820686
820685
820684
820683
820682
820681
820680
820679
820678
820676
820675
820674
820673
820672
820671
820670
820669
820668
820667
820666
820665
820664
820663
820662
820661
820660
820659
820658
820657
820656
820655
820654
820653
820652
820651
820650
820649
820648
820647
820646
820645
820644
820643
820641
820640
