941312
941311
941309
941421
941420
941326
941325
941419
941418
941417
941320
941319
941324
941322
941289
941291
941316
941315
941314
941318
941308
941307
941278
941276
941306
941305
941303
941299
941294
941290
941280
941279
941301
941282
941631
941629
941628
941626
941624
941621
941619
941616
941614
941613
941612
941611
941610
941344
941658
941657
941656
941654
941652
941651
941650
941623
941622
941620
941618
941617
941615
941609
941607
941605
941604
941603
941602
941599
941598
941597
941596
941594
941593
941590
941578
941577
941576
941575
941574
941573
941568
941567
941566
941563
941562
941561
941556
941554
941553
941552
941551
941549
941548
941547
941546
941545
941543
941542
941541
941540
941539
941538
941537
941536
941535
941533
941532
941531
941530
941528
941524
941523
941522
941520
941518
941513
941510
941502
941501
941493
941492
941490
941488
941487
941486
941485
941484
941482
941481
941480
941479
941478
941477
941475
941474
941473
941471
941465
941461
941456
941455
941457
941458
941459
941446
941450
941453
941445
941449
941442
941441
941444
941443
941438
941440
941454
941452
941451
941463
941462
941460
941448
941447
941439
941437
941436
941427
941428
941429
941430
941434
941432
941431
941433
941426
941435
941425
941424
941423
941422
941402
941416
941415
941414
941413
941412
941411
941410
941409
941408
941407
941406
941405
941404
941403
941401
941400
941399
941398
941397
941396
941395
941394
941393
941392
941391
941382
941381
941380
941379
941378
941377
941376
941375
941372
941371
941370
941369
941368
941366
941362
941360
941359
941356
941352
941351
941350
941349
941347
941346
941345
941343
941342
941341
941340
941339
941338
941337
941336
941335
941334
941333
941332
941331
941330
941329
941313
941274
941272
941271
941270
941269
941260
941259
941258
941257
941256
