730687
730691
730789
730788
730787
730785
730786
730636
730575
730546
730703
730695
730535
730456
730633
730536
730602
730775
730711
730553
730699
730776
730637
730697
730639
730698
730601
730542
730576
730554
730537
730751
730750
730749
730748
730747
730746
730745
730744
730743
730742
730741
730740
730739
730738
730736
730735
730734
730733
730732
730731
730730
730729
730728
730727
730726
730724
730723
730718
730717
730715
730714
730713
730712
730710
730709
730708
730707
730706
730705
730704
730702
730701
730700
730574
730573
730571
730570
730569
730568
730567
730566
730565
730564
730563
730562
730561
730560
730559
730558
730557
730556
730447
730446
730445
730444
730443
730442
730441
730439
730437
730436
730435
730434
730433
730432
730431
730430
730429
730428
730427
730426
730425
730424
730423
730421
730420
730419
730418
730417
730415
730414
730413
730412
730411
730410
730409
730408
730407
730406
730405
730404
730403
730402
730400
730399
730397
730398
730396
730395
730394
730393
730392
730391
730390
730389
730388
730387
730385
730384
730383
730381
730380
730379
730378
730377
730375
730374
730373
730372
730371
730369
730367
730365
730364
730362
730361
730359
730357
730355
730353
730351
730344
730343
730342
730341
730337
730336
730334
730331
730329
730327
730326
730325
730324
730323
730321
730320
730319
730318
730322
730468
730472
730530
730540
730620
730721
730550
730549
730805
730804
730803
730802
730801
730800
730799
730798
730797
730796
730795
730794
730793
730792
730791
730790
730784
730783
730782
730781
730780
730779
730778
730777
730770
730766
730757
730774
730773
730772
730771
730769
730768
730767
730765
730764
730763
730762
730761
730760
730758
730756
730755
730759
730754
730753
730752
730737
730725
730722
730720
730719
730716
730696
730694
730693
730690
730688
730686
730684
730683
730682
730681
730680
730679
730678
730677
730676
730675
730674
730673
730672
730671
730670
730669
730668
730667
730666
730665
730664
730663
730662
730661
730660
730659
730658
730657
730656
730655
730654
730653
730652
730651
730649
730648
730647
730646
730645
730644
730643
730642
730640
730638
730635
730634
730632
730631
730630
730629
730628
730627
730626
730625
730624
730623
730622
730621
730619
730618
730617
730616
730615
730614
730613
730612
730611
730610
730609
730608
730607
730606
730605
730604
730603
730600
730599
730598
730596
730595
730594
730593
730592
730591
730590
730589
730588
730587
730586
730585
730584
730583
730582
730581
730580
730579
730578
730577
730572
730555
730552
730551
730547
730545
730544
730543
730541
730539
730538
730534
730532
730531
730529
730528
730527
730526
730525
730524
730523
730522
730521
730520
730519
730518
730517
730516
730515
730514
730513
730512
730511
730510
730509
730508
730507
730506
730505
730504
730503
730502
730501
730500
730499
730498
730496
730493
730490
730489
730488
730487
730486
730485
730484
730483
730482
730481
730480
730479
730478
730477
730476
730475
730474
730473
730471
730470
730469
730467
730466
730465
730463
730462
730460
730459
730458
730457
730455
730454
730453
730452
730451
730450
730449
730448
730440
730438
730422
730416
730401
730386
730382
730376
730368
730366
730363
730360
730358
730356
730354
730352
730350
730349
730348
730346
730345
730340
730339
730338
730335
730333
730332
730330
730328
730317
730316
730315
730314
730313
730312
730311
730310
730309
730308
730307
730306
730305
730303
730302
730301
730300
730299
730298
730297
730296
730295
730294
730293
730292
730291
730290
730289
730288
730286
730285
730284
730283
730282
730281
730280
730278
730277
730276
730275
730274
730273
730272
730270
730269
730268
730267
730266
730265
