800946
800945
800944
800958
801184
801082
801132
801130
801127
801126
801124
801081
801121
801115
801105
801102
801080
801131
801129
801079
801155
801128
801125
801123
801119
801111
801106
801104
801078
801077
800907
801026
801075
801252
801258
801257
801221
800901
800902
801249
801088
801086
801083
801055
801056
801057
801259
801256
801255
801254
801253
801251
801250
801248
801247
801246
801245
801244
801243
801242
801241
801240
801239
801238
801237
801236
801235
801234
801233
801232
801230
801231
801229
801228
801227
801226
801225
801224
801223
801220
801219
801217
801214
801213
801212
801211
801210
801209
801208
801207
801206
801205
801204
801203
801202
801201
801200
801199
801198
801197
801196
801195
801194
801193
801192
801191
801189
801188
801187
801186
801185
801183
801182
801181
801180
801179
801178
801177
801176
801175
801174
801173
801172
801171
801170
801169
801168
801167
801166
801165
801164
801163
801162
801161
801160
801159
801158
801157
801156
801154
801153
801152
801151
801150
801149
801148
801147
801145
801144
801143
801142
801141
801140
801139
801138
801136
801135
801133
801122
801120
801118
801117
801116
801114
801113
801112
801110
801109
801108
801107
801103
801101
801100
801099
801098
801097
801096
801095
801094
801093
801092
801091
801090
801089
801085
801076
801074
801073
801071
801070
801068
801067
801064
801062
801060
801059
801058
801053
801052
801051
801050
801049
801048
801047
801046
801045
801044
801043
801042
801041
801040
801039
801038
801037
801036
801034
801032
801030
801029
801035
801033
801031
801028
801027
801025
801024
801023
801022
801021
801020
801019
801018
801017
801016
801015
801014
801013
801012
801011
801010
801009
801008
801007
801006
801005
801004
801003
801002
801001
801000
800999
800998
800997
800996
800995
800994
800993
800992
800991
800990
800987
800985
800983
800980
800979
800978
800977
800976
800975
800974
800973
800972
800971
800970
800969
800968
800967
800966
800965
800964
800963
800962
800961
800960
800959
800956
800955
800954
800953
800952
800947
800948
800949
800950
800943
800942
800941
800940
800939
800938
800937
800936
800934
800933
800932
800930
800929
800928
800927
800926
800925
800924
800923
800922
800921
800920
800919
800918
800916
800914
800913
800912
800911
800909
800908
800906
800905
800904
800903
800900
800899
800898
800897
800896
800895
800894
800893
800892
800891
800890
800889
800888
800887
800886
800885
800884
800883
