827696
828334
828332
828313
828312
828330
828320
828307
828305
828177
828153
828147
828333
828321
828316
828310
828151
828142
827998
827988
827864
827969
827964
827863
827854
828322
828317
828311
828178
827997
828149
827982
827968
827862
827853
828329
828319
828315
828326
827856
827855
827849
828328
828318
828314
828309
828176
828148
828144
828141
827984
827967
827963
827861
827852
827698
827980
827996
827979
827966
827960
827860
827850
828127
827827
827749
828420
828419
828207
827789
827925
827931
828061
828063
828064
828065
828066
828067
828068
828069
828080
827903
827902
828252
828250
828249
828248
828247
828245
828244
828243
828242
828213
828206
828251
828246
828241
828240
828239
828238
828237
828236
828235
828231
828226
828225
828205
828200
828194
828230
828229
828228
828227
828224
828223
828216
828215
828212
828211
828203
828199
828198
828196
828192
828189
828185
828184
828183
828363
828362
828361
828360
828359
828358
828356
828409
828407
828406
828405
828355
828354
828352
828349
828424
828423
828422
828421
828418
828417
828416
828415
828414
828413
828412
828411
828410
828408
828404
828403
828402
828401
828400
828399
828398
828397
828396
828395
828394
828393
828392
828391
828390
828389
828388
828387
828386
828385
828384
828383
828382
828381
828380
828379
828378
828377
828376
828375
828374
828373
828372
828371
828370
828369
828368
828367
828366
828365
828364
828350
828347
828346
828344
828343
828342
828341
828340
828339
828338
828357
828353
828351
828348
828345
828337
828336
828335
828331
828327
828325
828324
828323
828308
828306
828304
828303
828302
828301
828300
828299
828298
828297
828296
828295
828294
828293
828292
828291
828290
828289
828288
828287
828286
828285
828284
828283
828282
828281
828278
828276
828275
828274
828273
828272
828271
828270
828269
828268
828267
828266
828265
828264
828263
828262
828261
828260
828259
828258
828257
828256
828255
828254
828222
828218
828214
828210
828204
828202
828201
828197
828195
828191
828190
828188
828187
828186
828253
828182
828234
828233
828232
828221
828220
828219
828217
828209
828208
828181
828180
828179
828175
828174
828173
828172
828171
828169
828168
828167
828166
828165
828164
828163
828162
828161
828160
828159
828158
828157
828156
828155
828154
828152
828150
828146
828145
828143
828140
828139
828138
828137
828136
828135
828134
828133
828132
828131
828130
828129
828128
828126
828125
828124
828123
828122
828121
828120
828119
828118
828117
828116
828115
828114
828113
828112
828111
828110
828109
828108
828107
828106
828105
828104
828103
828102
828101
828100
828099
828098
828097
828096
828095
828094
828093
828092
828091
828090
828089
828088
828087
828086
828085
828084
828083
828082
828081
828079
828078
828077
828076
828075
828074
828073
828072
828071
828070
828062
828060
828059
828058
828056
828055
828054
828053
828051
828049
828047
828046
828045
828044
828042
828040
828037
828036
828035
828034
828033
828031
828030
828029
828028
828027
828025
828023
828022
828021
828020
828018
828017
828016
828015
828014
828013
828012
828011
828010
828009
828007
828006
828005
828004
828003
828002
828001
828000
827999
827995
827994
827993
827992
827991
827990
827989
827987
827986
827985
827983
827981
827978
827977
827976
827975
827974
827973
827972
827971
827970
827965
827962
827961
827959
827958
827957
827956
827955
827954
827953
827952
827951
827950
827949
827948
827947
827946
827945
827944
827943
827942
827938
827937
827936
827935
827934
827933
827932
827928
827927
827926
827924
827923
827922
827921
827920
827919
827918
827917
827916
827914
827913
827912
827915
827911
827910
827909
827908
827907
827906
827905
827901
827900
827899
827898
827897
827896
827895
827894
827893
827892
827890
827889
827888
827887
827886
827885
827884
827883
827882
827881
827880
827879
827878
827877
827876
827875
827874
827873
827872
827871
827870
827869
827868
827866
827865
827859
827858
827857
827851
827848
827847
827846
827845
827844
827843
827842
827841
827840
827839
827837
827836
827835
827834
827832
827831
827830
827829
827828
827826
827825
827824
827823
827822
827821
827820
827819
827818
827817
827816
827815
827814
827813
827812
827810
827809
827799
827798
827797
827796
827794
827793
827792
827791
827790
827787
827788
827786
827785
827784
827783
827782
827781
827780
827779
827778
827777
827776
827775
827774
827773
827772
827768
827767
827766
827765
827764
827763
827762
827761
827760
827758
827757
827756
827755
827754
827753
827751
827750
827748
827747
827746
827745
827744
827743
827742
827741
827740
827739
827738
827737
827736
827735
827734
827733
827732
827731
827730
827729
827728
827727
827726
827725
827724
827723
827722
827721
827720
827719
827718
827717
827716
827715
827714
827713
827712
827711
827710
827707
827706
827705
827704
827703
827702
827701
827700
827695
827694
827693
827692
827691
827690
827689
827688
827687
827686
827685
827684
827683
827681
827680
827679
827678
827677
827676
