761625
761624
761622
761621
761657
761655
761654
761646
761652
761650
761658
761649
761648
761647
761645
761653
761656
761651
761706
761704
761703
761702
761701
761700
761699
761698
761482
761689
761708
761709
761712
761729
761736
761737
761739
761742
761770
761623
761639
761579
761578
761577
761576
761575
761574
761573
761572
761571
761570
761569
761568
761567
761566
761565
761564
761563
761562
761561
761560
761559
761558
761557
761556
761555
761830
761831
761832
761833
761834
761835
761836
761837
761838
761839
761840
761841
761842
761843
761844
761845
761846
761847
761848
761849
761850
761851
761858
761856
761857
761855
761854
761853
761852
761829
761820
761819
761818
761816
761815
761814
761813
761812
761811
761810
761809
761808
761807
761806
761805
761804
761803
761802
761801
761800
761799
761798
761797
761796
761795
761794
761793
761792
761791
761790
761789
761788
761787
761786
761785
761784
761783
761782
761781
761780
761779
761778
761777
761776
761775
761774
761773
761772
761771
761769
761768
761747
761748
761749
761750
761751
761752
761753
761754
761755
761756
761757
761758
761759
761760
761761
761762
761763
761765
761767
761766
761764
761746
761745
761743
761741
761740
761738
761735
761734
761733
761732
761731
761730
761728
761726
761725
761724
761723
761721
761720
761719
761718
761717
761716
761715
761714
761713
761711
761710
761707
761705
761697
761696
761695
761694
761693
761692
761691
761690
761688
761687
761686
761685
761684
761683
761682
761681
761680
761679
761678
761677
761676
761675
761674
761673
761672
761671
761670
761669
761668
761667
761666
761665
761664
761663
761662
761661
761660
761659
761644
761643
761642
761641
761640
761638
761637
761636
761635
761634
761633
761632
761631
761630
761629
761628
761627
761626
761620
761619
761617
761616
761615
761614
761613
761612
761611
761610
761608
761607
761606
761605
761604
761603
761602
761600
761599
761598
761597
761596
761595
761594
761593
761592
761591
761590
761589
761588
761587
761586
761585
761584
761583
761582
761581
761580
761554
761553
761552
761551
761550
761548
761547
761546
761545
761544
761543
761542
761541
761540
761539
761538
761537
761536
761535
761534
761533
761532
761531
761530
761529
761528
761527
761526
761524
761523
761522
761521
761520
761519
761518
761502
761501
761500
761517
761516
761515
761513
761512
761498
761499
761504
761511
761510
761509
761508
761507
761506
761505
761503
761497
761496
761495
761494
761493
761492
761491
761490
761489
761488
761487
761486
761485
761484
761483
761481
761480
761479
761478
761477
761476
761475
761474
761473
761472
761471
761470
761469
761468
761467
761466
761465
761464
761463
761462
761461
761460
761459
761458
