918507
918521
918517
918515
918195
918192
918191
918514
918170
918169
918168
918159
918158
918157
918149
918146
918144
918143
918142
918130
918128
918127
918126
918123
918122
918524
918214
918190
918322
918338
918071
918072
918076
918096
918171
918401
918587
918589
918570
918568
918566
918585
918565
918558
918586
918532
918530
918510
918567
918560
918572
918399
918584
918571
918556
918569
918564
918561
918583
918557
918246
918244
918559
918563
918370
918368
918366
918361
918364
918552
918398
918549
918551
918554
918553
918365
918248
918397
918548
918547
918545
918363
918359
918382
918381
918369
918360
918245
918247
918396
918362
918449
918461
918466
918502
918473
918476
918444
918455
918459
918465
918470
918472
918458
918447
918475
918487
918489
918446
918457
918450
918467
918464
918460
918471
918595
918594
918592
918593
918591
918590
918588
918193
918199
918198
918194
918582
918581
918580
918579
918578
918577
918576
918575
918574
918562
918300
918298
918288
918287
918469
918503
918500
918491
918494
918555
918550
918546
918544
918543
918541
918540
918539
918538
918537
918535
918533
918531
918529
918528
918527
918526
918525
918523
918522
918520
918519
918518
918513
918512
918511
918509
918508
918506
918297
918293
918290
918505
918504
918501
918499
918498
918497
918496
918495
918493
918492
918490
918488
918486
918485
918484
918483
918482
918481
918480
918479
918478
918477
918474
918468
918463
918462
918456
918454
918453
918451
918448
918445
918442
918441
918440
918439
918438
918437
918436
918435
918434
918433
918432
918431
918430
918429
918428
918427
918426
918425
918424
918423
918422
918421
918420
918289
918301
918419
918291
918418
918417
918416
918415
918414
918413
918412
918410
918409
918408
918407
918406
918405
918404
918403
918402
918400
918395
918394
918393
918392
918391
918390
918389
918388
918387
918386
918385
918384
918383
918380
918379
918378
918376
918375
918374
918373
918371
918367
918358
918357
918356
918355
918354
918353
918352
918351
918350
918349
918348
918347
918346
918345
918344
918343
918342
918341
918340
918339
918337
918336
918335
918334
918332
918331
918330
918329
918328
918327
918326
918325
918324
918323
918321
918320
918319
918318
918317
918315
918314
918313
918312
918311
918310
918309
918308
918307
918306
918305
918304
918303
918296
918294
918299
918302
918295
918292
918286
918285
918284
918281
918280
918279
918278
918277
918276
918275
918274
918273
918272
918271
918270
918269
918268
918266
918265
918264
918263
918262
918261
918260
918259
918258
918257
918256
918255
918254
918253
918252
918251
918250
918249
918243
918242
918241
918240
918239
918238
918237
918236
918235
918233
918232
918231
918230
918229
918228
918227
918226
918225
918224
918223
918222
918221
918219
918218
918217
918216
918215
918213
918212
918211
918210
918209
918208
918207
918206
918205
918204
918203
918202
918201
918200
918197
918196
918189
918188
918187
918186
918185
918184
918183
918182
918180
918179
918178
918177
918176
918175
918173
918172
918167
918166
918165
918164
918163
918162
918161
918160
918156
918155
918154
918153
918152
918151
918145
918141
918140
918135
918131
918129
918124
918118
918117
918116
918115
918114
918113
918112
918111
918110
918109
918108
918107
918105
918104
918103
918102
918101
918100
918099
918098
918097
918095
918094
918093
918092
918091
918090
918088
918089
918087
918086
918085
918084
918083
918082
918081
918080
918079
918078
918077
918075
918074
918073
