846778
846777
846719
846716
846722
846714
847059
846587
846583
846909
846621
846730
847027
846946
846944
846930
846952
847034
847028
846888
846954
847011
846936
847001
846941
846925
846772
846754
846751
846749
846744
846737
846729
846650
846662
846663
846667
846919
846924
846939
846996
846656
846658
846659
846666
846655
846653
846651
846664
846661
846771
846947
847013
847026
846942
846932
846929
846755
846747
846743
846735
846660
846657
846649
846805
846918
846734
846738
846746
846752
846769
846654
846648
846665
846652
846911
846853
846912
846986
847073
847091
846873
846872
846870
846869
846868
846867
846866
846865
846864
846863
846862
846669
846670
847056
847060
847048
847045
847062
846902
846900
847058
846923
846899
846922
846933
846931
847061
847044
847118
847117
847116
847115
847114
847113
847047
847110
847109
847108
847107
847106
847105
847104
847103
847102
847101
847100
847099
847098
847093
847097
847096
847092
847095
847094
846940
846934
846843
846846
846848
846851
846844
846850
846849
847129
847128
847127
847126
847125
847124
847123
847122
847121
847120
847119
847111
847090
847089
847088
847087
847086
847085
847084
847083
847082
847081
847080
847079
847078
847077
847076
847064
847063
847075
847074
847072
847071
847069
847067
847066
847065
847057
847055
847046
847043
847042
847041
847040
847039
847038
847053
847052
847051
847050
847049
847037
847036
847033
847032
847031
847030
847025
847024
847023
847022
847021
847020
847018
847017
847016
847015
847014
847012
847010
847009
847008
847007
847006
847005
847004
847003
847002
846999
846998
846997
846995
846994
846993
846992
846991
846990
846989
846988
846987
846985
846984
846983
846982
846981
846980
846979
846978
846977
846976
846975
846974
846971
846970
846969
846968
846967
846966
846965
846964
846962
846961
846960
846958
846957
846956
846955
846876
846877
846881
846882
846953
846951
846950
846949
846948
846945
846943
846938
846937
846921
846920
846917
846916
846914
846913
846910
846908
846617
846907
846906
846905
846904
846903
846898
846897
846896
846895
846894
846893
846892
846891
846890
846878
846879
846883
846886
846889
846887
846885
846884
846880
846875
846874
846871
846861
846860
846859
846858
846857
846856
846855
846854
846852
846847
846845
846842
846841
846840
846839
846838
846836
846835
846834
846833
846832
846831
846830
846829
846828
846827
846826
846825
846824
846823
846822
846821
846820
846819
846818
846817
846816
846815
846814
846813
846812
846811
846810
846809
846808
846807
846806
846804
846803
846802
846801
846800
846799
846798
846797
846796
846795
846794
846793
846792
846791
846790
846789
846788
846787
846786
846785
846784
846783
846782
846781
846780
846779
846776
846775
846774
846773
846770
846768
846767
846766
846765
846764
846763
846762
846761
846760
846759
846758
846757
846756
846753
846748
846745
846742
846741
846740
846739
846736
846733
846732
846731
846728
846727
846726
846725
846724
846723
846721
846720
846718
846717
846715
846713
846712
846711
846710
846709
846708
846707
846706
846705
846704
846703
846702
846701
846700
846699
846698
846697
846696
846694
846693
846692
846691
846690
846689
846688
846687
846686
846685
846684
846683
846682
846681
846680
846679
846678
846677
846676
846675
846674
846673
846672
846671
846668
846646
846645
846644
846643
846642
846641
846639
846638
846637
846636
846635
846634
846633
846632
846631
846630
846629
846628
846627
846626
846625
846624
846623
846622
846619
846616
846615
846614
846613
846612
846611
846610
846609
846608
846607
846606
846604
846603
846602
846601
846600
846599
846598
846597
846596
846595
846594
846593
846592
846591
846590
846589
846588
846586
846585
846584
846582
