767919
767921
767998
767997
767912
767666
767665
767641
767645
767691
767702
767661
767663
767698
767694
767690
767660
767654
767648
767657
767640
767652
767697
767688
767662
767644
767650
767659
767656
767653
767647
767917
767914
767915
767991
767940
767939
767938
767937
767936
767935
767934
767443
767491
767624
767907
768037
768033
768032
768031
768030
768029
768028
768027
768026
768025
768024
768023
768022
768021
768020
768019
768018
768017
768016
768015
768014
768013
768011
768010
768009
768008
768007
768006
768005
768004
768063
768062
768061
768060
768059
768058
768057
768056
768055
768054
768053
768052
768051
768050
768049
768048
768047
768046
768044
767931
767930
767929
767928
767927
767926
767925
767924
767923
768043
767922
768042
768041
768038
768035
768034
767933
767932
768012
768001
768000
767999
767996
767995
767994
767993
767990
767988
767987
767986
767985
767984
767983
767981
767980
767979
767978
767977
767976
767975
767974
767973
767972
767971
767970
767969
767968
767967
767966
767964
767963
767962
767961
767960
767959
767958
767957
767956
767955
767954
767953
767952
767951
767950
767949
767948
767947
767946
767945
767944
767943
767942
767941
767916
767913
767911
767910
767908
767906
767905
767904
767903
767902
767900
767897
767896
767895
767894
767893
767892
767891
767890
767889
767888
767887
767886
767885
767884
767883
767881
767880
767879
767878
767877
767876
767875
767874
767873
767872
767871
767870
767869
767868
767867
767866
767865
767864
767863
767862
767861
767860
767859
767858
767857
767856
767855
767854
767853
767852
767851
767850
767849
767848
767847
767846
767845
767844
767843
767842
767841
767840
767839
767838
767837
767836
767835
767834
767833
767832
767831
767830
767829
767828
767827
767826
767825
767824
767823
767822
767821
767820
767819
767818
767817
767816
767815
767814
767813
767812
767811
767810
767809
767808
767806
767805
767804
767803
767801
767800
767799
767798
767796
767795
767793
767792
767791
767790
767789
767788
767787
767786
767785
767783
767782
767781
767780
767779
767778
767777
767776
767775
767774
767773
767772
767771
767770
767769
767768
767767
767766
767765
767764
767723
767724
767725
767726
767727
767728
767729
767730
767731
767732
767733
767734
767735
767736
767737
767740
767741
767742
767743
767744
767745
767746
767747
767748
767749
767750
767751
767753
767763
767762
767761
767760
767759
767758
767757
767756
767755
767754
767752
767739
767738
767721
767703
767704
767705
767706
767707
767708
767709
767710
767711
767712
767713
767714
767715
767717
767718
767719
767720
767716
767701
767700
767699
767696
767695
767693
767692
767689
767686
767685
767684
767683
767682
767681
767680
767679
767678
767677
767676
767675
767674
767673
767672
767671
767670
767669
767668
767667
767664
767658
767655
767651
767649
767646
767643
767642
767639
767638
767637
767636
767635
767634
767633
767632
767631
767630
767629
767628
767627
767626
767625
767623
767622
767621
767620
767619
767618
767617
767616
767615
767614
767613
767612
767611
767610
767609
767608
767607
767606
767605
767604
767603
767602
767601
767600
767599
767598
767597
767596
767595
767594
767593
767592
767591
767590
767589
767588
767586
767585
767584
767583
767582
767581
767580
767579
767578
767577
767576
767575
767574
767573
767572
767571
767570
767569
767568
767567
767566
767565
767564
767563
767562
767561
767560
767559
767558
767557
767556
767555
767554
767553
767551
767550
767549
767548
767547
767546
767545
767544
767543
767542
767541
767540
767539
767538
767537
767536
767535
767534
767531
767530
767529
767528
767527
767526
767525
767524
767523
767522
767520
767518
767517
767516
767515
767514
767513
767512
767510
767509
767508
767507
767506
767505
767504
767503
767502
767501
767500
767499
767498
767497
767496
767495
767494
767493
767492
767490
767489
767488
767487
767486
767485
767484
767483
767482
767481
767480
767479
767478
767477
767476
767475
767474
767473
767471
767464
767463
767462
767461
767460
767459
767458
767457
767456
767455
767454
767453
767452
767451
767450
767449
767448
767447
767446
767445
767444
767442
767441
767440
767439
767438
767437
767436
767435
767434
767430
767429
767428
767427
767426
767425
767424
767423
767422
767421
767420
767419
767418
767417
767416
767415
767414
767413
767412
767411
767403
767410
767409
767408
767407
767406
767404
767402
767401
767400
767399
767398
767397
767396
