809349
809353
809480
809265
809284
809343
809347
809348
809481
809280
809426
809421
809362
809352
809556
809552
809360
809425
809422
809283
809346
809344
809289
809354
809267
809266
809278
809274
809273
809261
809258
809424
809351
809272
809270
809257
809254
809263
809260
809250
809286
809457
809187
809183
809555
809554
809553
809549
809548
809547
809545
809544
809543
809542
809541
809540
809539
809538
809537
809536
809535
809534
809533
809532
809531
809530
809529
809528
809527
809526
809525
809524
809523
809522
809521
809520
809519
809518
809517
809516
809514
809513
809512
809511
809510
809509
809508
809507
809506
809505
809504
809503
809502
809501
809500
809499
809497
809496
809495
809494
809493
809492
809491
809490
809489
809488
809487
809486
809485
809484
809483
809482
809479
809478
809477
809476
809475
809464
809463
809462
809461
809474
809465
809466
809467
809469
809468
809460
809459
809473
809472
809471
809470
809458
809456
809455
809454
809453
809449
809448
809447
809446
809445
809442
809441
809440
809439
809438
809437
809436
809435
809434
809433
809432
809431
809430
809428
809427
809423
809420
809419
809418
809417
809416
809415
809414
809413
809412
809410
809409
809408
809407
809406
809405
809404
809403
809401
809400
809398
809396
809394
809393
809392
809391
809390
809389
809388
809387
809386
809385
809384
809383
809382
809381
809380
809379
809378
809377
809376
809375
809374
809372
809371
809370
809369
809367
809366
809365
809364
809363
809361
809359
809358
809357
809356
809355
809342
809340
809339
809338
809337
809336
809334
809332
809331
809330
809329
809328
809327
809326
809325
809324
809323
809322
809321
809320
809319
809318
809317
809311
809312
809310
809309
809308
809307
809306
809305
809304
809303
809302
809300
809299
809298
809297
809296
809295
809294
809293
809292
809291
809290
809288
809285
809282
809281
809279
809277
809276
809271
809275
809269
809268
809264
809262
809259
809256
809253
809252
809251
809249
809248
809247
809246
809245
809244
809243
809242
809241
809240
809239
809234
809233
809232
809231
809230
809229
809228
809227
809226
809225
809224
809223
809222
809221
809220
809219
809218
809217
809216
809215
809214
809213
809211
809210
809209
809208
809207
809206
809205
809204
809203
809202
809201
809200
809199
809198
809197
809196
809195
809194
809193
809192
809191
809190
809189
809188
809185
809184
809180
809179
809178
809177
809176
809175
809174
809173
809172
809171
809170
809169
809167
809166
809165
809164
809163
809162
809161
809160
809159
809158
809157
809156
809155
809154
809153
809152
809151
809150
809149
809148
809147
809146
809145
809144
809143
