913093
913184
913178
913174
913169
913148
913164
913182
913179
913173
913170
913177
913166
913172
913181
913176
913180
913175
913171
913168
913165
913099
913101
913022
913054
913053
913004
913007
913008
913012
913014
913020
913021
912982
912983
912984
912985
912986
912987
912988
912989
912990
912991
912992
912993
912994
912996
913005
913006
913009
913010
913011
913273
913272
913271
913270
913269
913268
913267
913266
913265
913264
913263
913262
913261
913260
913259
913258
913257
913256
913255
913254
913253
913252
913251
913250
913249
913248
913247
913246
913238
913236
913235
913234
913233
913232
913231
913230
913229
913228
913227
913226
913225
913224
913223
913221
913220
913219
913218
913217
913216
913215
913214
913213
913212
913211
913210
913209
913208
913207
913206
913205
913204
913203
913202
913201
913200
913197
913195
913194
913192
913191
913190
913189
913188
913187
913186
913185
913167
913161
913160
913159
913158
913157
913156
913155
913154
913153
913151
913149
913147
913146
913145
913144
913143
913142
913141
913140
913139
913138
913137
913136
913134
913133
913132
913131
913130
913125
913124
913123
913122
913121
913120
913117
913114
913113
913112
913111
913110
913108
913107
913106
913105
913104
913103
913102
913100
913098
913097
913096
913095
913094
913092
913091
913090
913089
913088
913085
913083
913082
913081
913080
913079
913078
913077
913076
913075
913074
913073
913072
913071
913070
913069
913068
913067
913066
913065
913064
913063
913062
913061
913060
913059
913058
913057
913056
913055
913052
913051
913050
913049
913045
913043
913039
913038
913035
913032
913031
913030
913029
913028
913027
913026
913025
913024
913023
913019
913017
913015
913002
913001
913000
912999
912998
912997
912995
912981
912980
912979
912978
912976
912975
912973
912972
912971
912970
912969
912968
912963
912962
