808642
808645
808640
808644
809073
809090
809094
809082
809079
809058
809050
809069
809103
809088
809066
809055
808710
809081
809045
809043
809040
809036
809078
809059
809051
809068
809100
809093
809031
809022
809087
809065
809070
809054
809077
809099
809092
809063
809075
809057
809032
809023
809038
809001
808990
809042
809053
809049
809097
809064
809048
809034
808997
808992
809021
809030
809019
809009
809096
809091
809067
809080
809085
809056
809074
809072
809062
809052
809046
809044
809039
809035
809037
809041
809033
808991
809008
808994
809010
809020
808993
808995
809005
809004
809128
808597
808638
808980
808908
808907
808906
808905
808904
808903
808902
808643
808891
808893
808892
808896
808897
808895
809142
809141
809140
809139
809138
809137
809136
809135
809134
809133
809132
809131
809130
809129
809127
809126
809125
809124
809123
809122
809121
809120
809119
809118
809117
809116
809115
809114
809113
809112
809111
809110
809109
809108
809107
809106
809105
809104
809102
809101
809098
809095
809089
809084
809083
809076
809071
809061
809060
809047
809028
809027
809026
809025
809024
809018
809017
809016
809015
809014
809013
809012
809011
809007
809006
809003
809002
809000
808999
808998
808996
808989
808988
808987
808986
808985
808984
808983
808982
808981
808979
808978
808977
808976
808975
808974
808973
808972
808971
808970
808969
808968
808967
808966
808965
808964
808963
808962
808961
808960
808959
808958
808957
808956
808955
808954
808953
808952
808951
808949
808948
808947
808946
808945
808944
808943
808942
808941
808940
808939
808938
808937
808936
808935
808934
808933
808932
808931
808930
808929
808928
808927
808926
808925
808924
808923
808922
808921
808920
808919
808918
808917
808916
808915
808914
808913
808912
808911
808910
808909
808901
808900
808899
808898
808890
808889
808888
808887
808886
808885
808884
808883
808882
808881
808880
808879
808878
808877
808876
808875
808874
808873
808872
808871
808870
808869
808868
808867
808866
808865
808864
808863
808862
808861
808860
808859
808858
808857
808856
808855
808854
808853
808852
808851
808850
808849
808847
808846
808845
808844
808843
808842
808841
808840
808839
808838
808830
808829
808828
808837
808836
808835
808834
808833
808832
808831
808825
808819
808815
808813
808812
808811
808809
808808
808807
808802
808801
808800
808798
808797
808796
808795
808794
808793
808792
808791
808790
808789
808788
808787
808786
808785
808784
808783
808782
808781
808780
808779
808778
808777
808776
808775
808774
808773
808772
808771
808770
808769
808768
808767
808766
808765
808764
808763
808762
808761
808760
808759
808758
808757
808756
808755
808754
808753
808752
808751
808750
808749
808748
808747
808746
808745
808744
808743
808742
808740
808739
808736
808734
808732
808731
808729
808728
808727
808725
808724
808723
808722
808721
808720
808719
808718
808717
808716
808715
808714
808713
808712
808711
808709
808708
808707
808706
808705
808704
808703
808702
808701
808700
808698
808697
808696
808695
808694
808692
808691
808690
808689
808688
808686
808685
808684
808683
808682
808681
808680
808679
808678
808677
808676
808675
808674
808673
808672
808671
808670
808669
808668
808667
808666
808665
808664
808663
808662
808661
808660
808659
808657
808656
808655
808654
808653
808652
808651
808650
808649
808648
808647
808641
808639
808637
808636
808635
808634
808633
808632
808631
808630
808629
808628
808627
808626
808625
808624
808623
808622
808621
808620
808619
808618
808617
808616
808615
808614
808613
808612
808611
808610
808609
808608
808606
808605
808604
808603
808602
808601
808600
808599
808598
808596
808595
