940516
940517
940518
940519
940520
940521
940522
940523
940524
940525
940526
940527
940528
940529
940530
940531
940532
940533
940535
940647
940645
940643
940642
940644
940639
940638
940635
940634
940631
940657
940656
940648
940627
940622
940534
940515
940514
940513
940512
940511
940510
940509
940508
940507
940506
940505
940610
940609
940641
940637
940619
940608
940606
940604
940628
940626
940625
940624
940538
940539
940540
940541
940542
940543
940544
940545
940546
940547
940548
940549
940550
940551
940552
940553
940554
940555
940556
940557
940558
940559
940560
940561
940562
940563
940564
940565
940455
940454
940453
940452
940451
940450
940449
940448
940659
940447
940741
940740
940739
940738
940737
940736
940735
940734
940733
940732
940731
940730
940729
940728
940727
940726
940725
940724
940723
940722
940721
940720
940719
940718
940717
940716
940715
940714
940713
940712
940711
940710
940709
940708
940707
940706
940705
940704
940703
940702
940701
940700
940699
940698
940697
940696
940695
940693
940692
940691
940690
940689
940687
940686
940685
940683
940682
940681
940680
940679
940678
940677
940676
940675
940674
940673
940672
940671
940670
940669
940668
940667
940666
940665
940664
940663
940662
940661
940660
940658
940652
940651
940650
940649
940646
940633
940632
940616
940605
940603
940578
940580
940589
940591
940601
940599
940592
940584
940581
940585
940582
940579
940596
940583
940593
940594
940590
940588
940587
940586
940577
940575
940571
940570
940569
940568
940567
940566
940537
940536
940504
940503
940502
940501
940500
940499
940498
940497
940496
940495
940494
940492
940491
940489
940488
940487
940486
940484
940483
940482
940481
940479
940480
940478
940477
940476
940475
940474
940473
940472
940471
940469
940467
940466
940465
940464
940463
940462
940461
940460
940459
940458
940457
940456
940446
940445
940444
940443
940442
940441
940440
940438
940437
940436
940435
940434
940433
940432
940431
940430
940429
940428
940427
940426
940425
940424
940423
940422
940421
940420
940419
940417
940416
940415
940414
940410
940407
940404
940403
940402
940401
940398
940397
