729513
729515
729514
729775
729782
729778
729774
729772
729749
729784
729783
729781
729773
729709
729700
729691
729573
729786
729787
729788
729770
729735
729702
729574
729712
729583
729580
729745
729744
729610
729746
729705
729692
729575
729572
729578
729595
729794
729793
729792
729791
729790
729789
729748
729701
729716
729538
729537
729536
729535
729534
729533
729532
729531
729530
729676
729675
729674
729838
729673
729816
729506
729507
729747
729821
729651
729844
729843
729842
729841
729839
729837
729646
729645
729644
729643
729836
729835
729834
729833
729832
729831
729460
729461
729462
729463
729464
729465
729468
729469
729470
729471
729472
729473
729474
729475
729476
729830
729829
729828
729827
729826
729825
729824
729823
729822
729820
729819
729815
729817
729814
729813
729812
729811
729810
729809
729808
729807
729806
729805
729804
729803
729802
729801
729800
729799
729798
729797
729796
729795
729785
729780
729779
729777
729776
729771
729769
729768
729767
729766
729765
729764
729763
729762
729761
729760
729759
729758
729757
729756
729755
729754
729753
729752
729751
729750
729743
729742
729740
729739
729738
729737
729736
729734
729733
729732
729731
729730
729729
729728
729727
729726
729725
729724
729723
729722
729720
729719
729718
729717
729715
729714
729713
729711
729710
729708
729707
729706
729704
729703
729699
729698
729697
729696
729695
729694
729693
729690
729689
729688
729687
729686
729685
729684
729682
729681
729680
729679
729678
729677
729672
729671
729670
729668
729667
729666
729665
729664
729663
729662
729661
729658
729657
729656
729655
729653
729652
729650
729648
729642
729641
729640
729639
729638
729637
729636
729635
729634
729633
729632
729631
729629
729628
729627
729626
729625
729624
729623
729622
729621
729620
729619
729618
729617
729616
729615
729614
729613
729612
729611
729609
729608
729607
729606
729605
729603
729601
729600
729599
729598
729597
729596
729594
729593
729592
729591
729590
729589
729588
729587
729586
729585
729584
729581
729579
729577
729576
729571
729570
729569
729568
729567
729566
729565
729564
729563
729562
729561
729560
729559
729558
729557
729556
729555
729554
729553
729552
729551
729550
729549
729548
729547
729546
729545
729544
729543
729542
729541
729540
729527
729526
729525
729524
729523
729522
729521
729520
729519
729518
729517
729516
729512
729511
729510
729509
729508
729505
729503
729502
729501
729500
729499
729498
729497
729496
729495
729494
729493
729492
729491
729490
729489
729488
729487
729486
729485
729484
729483
729482
729481
729480
729479
729478
729477
729467
729466
729459
729458
729457
729456
729455
729454
729453
729452
729451
729450
729449
729448
729447
