797665
797248
797441
797614
797247
797594
797619
797620
797732
797733
797731
797730
797717
797713
797711
797710
797709
797708
797704
797702
797696
797700
797692
797718
797691
797690
797689
797688
797686
797684
797681
797716
797577
797568
797712
797706
797699
797697
797567
797474
797578
797465
797564
797561
797685
797714
797715
797705
797703
797701
797698
797695
797693
797687
797682
797462
797460
797563
797559
797466
797683
797562
797676
797675
797674
797673
797672
797671
797670
797669
797668
797667
797666
797664
797663
797583
797582
797298
797297
797296
797295
797294
797293
797292
797291
797290
797289
797288
797287
797286
797254
797257
797258
797757
797756
797755
797754
797753
797752
797751
797750
797749
797748
797747
797746
797745
797744
797743
797742
797741
797740
797739
797738
797737
797736
797735
797734
797729
797728
797727
797726
797725
797724
797723
797722
797721
797719
797707
797694
797680
797679
797678
797677
797661
797660
797658
797657
797656
797655
797654
797653
797651
797650
797649
797648
797647
797646
797645
797644
797643
797642
797641
797639
797638
797637
797636
797635
797634
797633
797632
797631
797630
797629
797628
797627
797626
797625
797624
797623
797622
797621
797617
797616
797615
797613
797612
797611
797610
797609
797608
797607
797606
797605
797604
797603
797602
797601
797600
797598
797597
797596
797592
797591
797590
797589
797588
797586
797585
797584
797581
797580
797579
797576
797575
797574
797573
797571
797569
797566
797565
797560
797557
797556
797555
797554
797553
797551
797550
797549
797548
797547
797546
797545
797544
797543
797542
797541
797540
797539
797538
797537
797536
797535
797533
797532
797531
797530
797529
797528
797527
797526
797525
797524
797523
797522
797521
797520
797519
797518
797517
797516
797515
797514
797513
797512
797511
797510
797509
797508
797507
797506
797505
797504
797503
797502
797501
797500
797499
797498
797497
797496
797495
797494
797493
797492
797491
797490
797489
797488
797487
797486
797485
797484
797483
797481
797480
797479
797478
797477
797476
797475
797473
797472
797471
797470
797469
797468
797467
797464
797463
797461
797459
797458
797457
797456
797455
797454
797453
797452
797451
797450
797449
797448
797447
797446
797445
797444
797443
797442
797440
797439
797438
797437
797436
797435
797434
797433
797432
797431
797430
797429
797428
797427
797426
797425
797424
797423
797422
797421
797420
797419
797418
797417
797416
797415
797414
797413
797412
797411
797410
797409
797408
797407
797406
797405
797404
797403
797402
797401
797400
797399
797398
797397
797396
797395
797394
797393
797392
797391
797390
797389
797388
797387
797386
797385
797384
797383
797382
797381
797380
797379
797378
797377
797376
797375
797374
797373
797372
797371
797370
797369
797368
797367
797366
797365
797364
797363
797362
797361
797360
797359
797358
797357
797356
797355
797354
797353
797352
797351
797350
797349
797347
797346
797345
797344
797343
797342
797341
797340
797339
797338
797337
797336
797335
797334
797333
797332
797331
797330
797329
797328
797327
797326
797325
797324
797323
797322
797321
797320
797319
797318
797317
797316
797315
797314
797313
797312
797311
797310
797309
797308
797307
797306
797305
797304
797303
797302
797301
797300
797299
797285
797284
797283
797282
797281
797279
797278
797277
797276
797275
797274
797273
797272
797271
797270
797269
797268
797267
797266
797265
797264
797263
797262
797261
797260
797259
797256
797255
797253
797252
797251
797250
797246
797245
797244
797243
797242
797241
797240
797239
