931770
931959
931953
931942
931938
931960
931957
931952
931951
931943
931714
931712
931771
931958
931950
931944
931936
931956
931949
931941
931937
931955
931946
931940
931935
931954
931945
931939
931934
931597
931598
931600
931601
931602
931885
931886
931887
931888
931889
931986
931729
931728
931727
931726
931724
931720
931985
931984
931698
931999
931689
931690
931869
931883
931893
931848
931853
931855
931859
931902
931906
931910
931915
931917
931919
931890
931891
931892
931923
931926
932000
931998
931997
931996
931994
931992
931991
931990
931989
931988
931987
931983
931982
931981
931980
931979
931978
931977
931976
931975
931974
931973
931971
931970
931969
931968
931967
931966
931965
931964
931963
931962
931961
931948
931947
931933
931932
931931
931930
931929
931928
931921
931913
931912
931908
931884
931882
931880
931879
931877
931876
931875
931874
931873
931872
931871
931870
931868
931867
931866
931865
931863
931862
931861
931860
931858
931857
931854
931852
931851
931850
931849
931847
931845
931844
931843
931842
931841
931840
931839
931838
931837
931836
931835
931834
931833
931832
931831
931830
931829
931828
931827
931826
931825
931824
931823
931822
931821
931820
931819
931818
931817
931816
931815
931814
931813
931812
931811
931809
931808
931807
931806
931805
931803
931802
931801
931800
931799
931798
931797
931796
931795
931794
931793
931792
931791
931790
931789
931788
931787
931786
931785
931784
931783
931782
931781
931780
931779
931778
931678
931777
931776
931775
931774
931773
931772
931769
931768
931754
931765
931766
931762
931767
931763
931755
931761
931760
931759
931752
931753
931764
931758
931757
931756
931731
931725
931719
931718
931717
931716
931715
931713
931711
931709
931708
931706
931705
931704
931703
931702
931701
931700
931699
931697
931696
931695
931694
931693
931692
931691
931688
931687
931686
931685
931684
931683
931682
931681
931680
931677
931676
931675
931674
931673
931672
931671
931670
931669
931668
931667
931666
931665
931663
931659
931608
931593
931658
931657
931656
931655
931654
931653
931652
931651
931650
931649
931648
931647
931646
931645
931644
931643
931642
931641
931640
931639
931638
931637
931636
931635
931634
931633
931632
931631
931630
931629
931628
931627
931626
931625
931624
931623
931621
931620
931619
931618
931617
931615
931613
931612
931611
931610
931609
931607
931606
931605
931604
931603
931596
931595
931594
