785272
785171
785218
785457
785456
785394
785384
785366
785299
785294
785255
785216
785212
785371
785381
785365
785296
785265
785257
785177
785137
785125
785110
785256
785251
785260
785383
785374
785368
785221
785220
785214
785186
785190
785144
785386
785369
785367
785118
785297
785295
785293
785215
785243
785254
785203
785267
785258
785302
785303
785304
785443
785444
785502
785517
785561
785057
785584
785409
785404
785401
785512
785637
785261
785262
785263
785264
785266
785268
785269
785270
785271
785273
785274
785275
785276
785278
785280
785281
785282
785283
785284
785285
785286
785640
785641
785643
785644
785642
785635
784996
784994
785259
785253
785252
785250
785249
785248
785247
785246
785245
785244
785242
785241
785240
785239
785238
785237
785236
785235
785233
785232
785231
785230
785229
785228
785227
785226
785225
785224
785222
785211
785210
785208
785207
785206
785204
785201
785200
785199
785198
785197
785196
785195
785194
785193
785192
785191
785189
785188
785187
785185
785184
785183
785182
785180
785179
785178
785176
785175
785174
785173
785172
785170
785169
785168
785167
785166
785165
785164
785163
785162
785161
785160
785159
785158
785157
785156
785155
785154
785153
785152
785151
785150
785149
785148
785147
785146
785639
785638
785636
785633
785632
785631
785145
785143
785142
785141
785140
785139
785138
785136
785135
785134
785133
785132
785131
785130
785129
785128
785127
785126
785124
785123
785122
785121
785120
785119
785117
785116
785115
785114
785113
785112
785111
785109
785108
785107
785106
785105
785104
785103
785102
785101
785630
785629
785628
785627
785626
785625
785624
785623
785622
785621
785620
785619
785618
785616
785615
785614
785613
785612
785611
785610
785609
785608
785607
785605
785603
785602
785601
785600
785599
785598
785597
785596
785595
785594
785593
785592
785591
785590
785589
785588
785587
785586
785583
785582
785581
785580
785579
785578
785577
785576
785575
785574
785573
785572
785571
785570
785569
785568
785567
785566
785565
785564
785563
785562
785560
785559
785558
785557
785556
785555
785554
785553
785552
785547
785551
785550
785549
785548
785546
785545
785544
785543
785542
785541
785540
785539
785538
785537
785536
785535
785533
785532
785531
785530
785529
785528
785527
785526
785525
785524
785523
785522
785521
785520
785519
785518
785515
785514
785513
785511
785508
785507
785506
785505
785504
785503
785501
785500
785499
785498
785497
785496
785495
785494
785493
785492
785491
785490
785489
785488
785487
785486
785485
785484
785483
785482
785481
785480
785479
785478
785477
785476
785475
785474
785473
785472
785471
785470
785469
785468
785467
785466
785465
785464
785463
785462
785461
785460
785459
785458
785455
785454
785453
785452
785451
785450
785449
785448
785447
785446
785445
785442
785441
785440
785439
785438
785437
785436
785435
785434
785433
785432
785431
785430
785429
785428
785427
785426
785425
785424
785423
785422
785421
785420
785419
785418
785417
785416
785415
785414
785413
785412
785411
785410
785408
785406
785405
785400
785399
785398
785397
785396
785395
785393
785392
785391
785390
785389
785388
785387
785385
785380
785379
785378
785377
785376
785375
785373
785372
785364
785363
785362
785361
785360
785359
785358
785357
785356
785355
785354
785353
785352
785351
785350
785349
785348
785347
785346
785345
785344
785343
785342
785341
785340
785339
785338
785337
785336
785335
785334
785333
785332
785331
785330
785329
785328
785327
785326
785325
785324
785323
785322
785321
785320
785319
785318
785317
785316
785315
785314
785313
785312
785311
785310
785309
785308
785307
785306
785305
785301
785300
785298
785292
785291
785290
785288
785287
785277
785279
785234
785223
785219
785217
785213
785209
785205
785202
785181
785100
785099
785098
785097
785096
785095
785094
785093
785092
785091
785090
785089
785088
785087
785086
785085
785084
785083
785082
785081
785080
785079
785078
785077
785076
785075
785074
785073
785072
785071
785070
785069
785068
785067
785066
785065
785064
785063
785062
785061
785060
785059
785058
785056
785055
785054
785053
785052
785051
785050
785049
785048
785047
785046
785045
785044
785042
785041
785040
785039
785038
785037
785036
785034
785032
785031
785030
785029
785028
785027
785026
785025
785024
785023
785022
785021
785020
785019
785018
785017
785016
785015
785014
785013
785012
785011
785010
785009
785008
785007
785006
785005
785004
785003
785002
785001
785000
784999
784998
784997
784993
784992
784991
784989
784987
784986
784985
