871900
871896
871858
871600
871594
871497
871500
871849
871856
871524
871560
871565
871903
871597
871502
871852
871848
871563
871514
871551
871899
871894
871855
871598
871595
871561
871385
871381
871394
871378
871847
871895
871902
871596
871854
871511
871546
871504
871495
871393
871384
871382
871376
871833
871830
871846
871853
871391
871828
871827
871897
871901
871851
871591
871375
871537
871510
871498
871389
871383
871379
871907
871905
871388
871906
871904
871386
871829
871548
871826
871545
871543
871609
871824
871544
871541
871535
871534
871574
871575
871838
871532
871837
871630
871635
871607
871618
871836
871840
871839
871835
871834
871832
871831
871823
871822
871810
871531
871529
871526
871234
871636
871662
871664
871566
871570
871564
871911
871910
871237
871825
871821
871820
871819
871818
871815
871814
871813
871807
871800
871530
871528
871521
871488
871515
871525
871523
871513
871486
871812
871811
871806
871799
871797
871796
871527
871520
871472
871445
871446
871448
871449
871809
871805
871804
871802
871801
871798
871795
871794
871517
871476
871471
871469
871466
871898
871889
871883
871882
871880
871878
871539
871519
871518
871483
871477
871475
871474
871470
871439
871443
871442
871441
871440
871435
871888
871877
871741
871876
871873
871870
871867
871866
871865
871857
871859
871860
871861
871863
871864
871739
871737
871700
871433
871436
871432
871850
871845
871844
871759
871758
871750
871744
871742
871721
871438
871444
871724
871734
871698
871719
871718
871430
871428
871725
871717
871699
871424
871420
871447
871676
871793
871792
871791
871789
871788
871787
871785
871784
871782
871781
871780
871779
871778
871777
871761
871757
871756
871755
871754
871753
871752
871751
871749
871909
871908
871893
871892
871891
871890
871887
871886
871885
871884
871881
871879
871875
871874
871872
871871
871869
871868
871843
871842
871841
871816
871808
871803
871790
871786
871783
871776
871773
871772
871771
871770
871769
871768
871767
871766
871765
871764
871763
871762
871760
871748
871747
871746
871745
871743
871740
871738
871736
871735
871733
871732
871731
871730
871729
871728
871727
871726
871723
871722
871720
871716
871715
871714
871713
871712
871711
871710
871709
871708
871707
871706
871705
871704
871703
871702
871701
871697
871696
871695
871694
871693
871692
871691
871690
871689
871688
871687
871686
871685
871684
871683
871682
871681
871680
871679
871678
871675
871674
871673
871670
871672
871669
871668
871667
871666
871665
871663
871661
871660
871659
871658
871657
871656
871655
871654
871653
871652
871651
871650
871649
871648
871647
871646
871645
871644
871643
871642
871641
871640
871639
871638
871637
871633
871632
871631
871629
871628
871627
871625
871624
871623
871622
871621
871620
871619
871617
871616
871615
871614
871613
871612
871611
871610
871608
871606
871605
871604
871602
871601
871599
871593
871592
871590
871589
871588
871587
871586
871585
871584
871582
871581
871580
871579
871578
871577
871576
871573
871572
871571
871569
871568
871567
871562
871559
871558
871557
871556
871550
871549
871547
871542
871540
871356
871351
871357
871350
871538
871536
871533
871522
871516
871512
871509
871508
871507
871506
871505
871503
871501
871499
871496
871494
871493
871492
871491
871490
871489
871487
871485
871484
871481
871480
871478
871473
871468
871467
871465
871464
871463
871462
871461
871460
871459
871458
871457
871456
871455
871454
871453
871452
871450
871437
871434
871431
871429
871427
871426
871425
871423
871422
871421
871419
871418
871417
871416
871415
871414
871413
871411
871410
871409
871408
871407
871406
871405
871404
871403
871402
871401
871400
871399
871398
871397
871396
871395
871392
871390
871387
871380
871377
871374
871373
871372
871371
871370
871369
871368
871367
871366
871365
871364
871363
871362
871361
871360
871359
871358
871355
871354
871353
871352
871349
871348
871347
871346
871345
871344
871343
871342
871341
871340
871339
871338
871337
871335
871334
871333
871332
871331
871330
871329
871328
871327
871326
871325
871324
871323
871322
871320
871319
871318
871317
871316
871315
871313
871309
871308
871307
871306
871305
871304
871303
871302
871301
871300
871299
871298
871297
871296
871295
871294
871293
871292
871291
871290
871289
871288
871287
871286
871285
871284
871283
871282
871281
871280
871279
871278
871277
871276
871275
871274
871273
871272
871271
871270
871269
871268
871267
871266
871265
871264
871263
871262
871261
871260
871259
871258
871257
871256
871255
871254
871253
871252
871251
871250
871249
871248
871247
871246
871245
871244
871243
871242
871241
871240
871239
871233
871232
871231
871230
871229
871228
871227
871226
871225
871224
871223
871222
871221
871220
871219
871218
871217
871216
871215
871214
871213
871212
871211
871210
871209
871208
871207
871206
871205
871204
871203
871202
