749305
749304
749303
749302
749301
749299
749300
749298
749297
749296
749295
749294
749293
749292
749291
749290
749289
749288
749287
749286
749285
749284
749283
749282
749281
749280
749279
749277
749278
749276
749275
749274
749273
749272
749271
749270
749269
749268
749267
749266
749265
749264
749263
749262
749261
749260
749259
749258
749257
749256
749255
749254
749253
749252
749251
749250
749249
749248
749247
749246
749245
749244
749243
749242
749241
749240
749239
749238
749237
749236
749235
749234
749233
749232
749231
749230
749229
749228
749227
749226
749224
749223
749222
749221
749219
749218
749217
749216
749215
749214
749213
749212
749211
749210
749209
749208
749207
749206
749205
749204
749202
749201
749200
749199
749198
749197
749196
749195
749194
749193
749192
749191
749190
749189
749188
749186
749185
749184
749183
749182
749181
749180
749179
749178
749177
749176
749175
749174
749173
749172
749171
749170
749169
749168
749396
749394
749391
749349
748952
749381
749375
749371
749373
749374
749398
749392
749395
749390
749351
749350
749397
749393
749031
749167
749166
749164
749165
749163
749162
749161
749160
749159
749158
749157
749156
749155
749154
749153
749152
749151
749150
749149
749148
749147
749146
749145
749144
749143
749142
749141
749140
749139
749138
749137
749136
749135
749134
749133
749131
749130
749129
749128
749127
749126
749125
749124
749123
749122
749121
749120
749119
749118
749117
749116
749115
749114
749113
749112
749111
749110
749109
749108
749107
749106
749105
749104
749103
749102
749101
749100
749099
749098
749097
749096
749094
749093
749092
749091
749090
749089
749088
749087
749086
749085
749084
749083
749082
749081
749079
749080
749078
749077
749076
749075
749074
749073
749072
749071
749070
749069
749068
749067
749065
749064
749063
749062
749061
749060
749059
749058
749057
749056
749055
749054
749053
749051
749050
749049
749048
749047
749046
749045
749044
749043
749042
749041
749040
749039
749038
749037
749036
749035
749034
749033
749032
749030
749029
749028
749027
749026
749025
749024
749023
749021
749020
749019
749018
749016
749017
749015
749014
749013
749012
749011
749010
749009
749008
749007
749006
749005
749004
749003
749002
749001
749000
748999
748998
748997
748996
748995
748993
748994
748992
748990
748989
748725
748695
748696
748735
749066
749307
749308
749309
749310
749328
749364
748988
748987
748986
748984
748983
748982
748981
748980
748979
748978
748977
748976
748975
748974
748973
748972
748971
748970
748969
748968
748967
748966
748965
748964
748963
748962
748961
748960
748959
748958
748956
748955
748954
748953
748904
748892
748891
748890
748888
748887
748886
748885
748884
748883
748882
748881
748880
748879
748878
748877
748876
748875
748874
748873
748872
748871
748870
748869
748868
748867
748866
748865
748864
748863
748862
748861
748860
748859
748858
748857
748856
748855
748854
748853
748852
748851
748850
748849
748848
748847
748846
748845
748844
748843
748841
748840
748839
748838
748837
748836
748835
748834
748833
748832
748831
748830
748829
748828
748827
748826
748825
748821
748820
748819
748818
748817
748816
748815
748814
748813
748812
748811
748810
748809
748808
748805
748804
748803
748801
748800
748799
748798
748796
748795
748794
748793
748792
748791
748790
748788
748787
749425
749424
749423
749421
749420
749419
749418
749417
749416
749415
749414
749413
749412
749411
749410
749409
749408
749406
749405
749403
749402
749401
749400
749399
749389
749388
749387
749386
749385
749384
749383
749382
749380
749379
749378
749377
749376
749358
749370
749369
749368
749357
749356
749367
749366
749365
749363
749362
749355
749354
749353
749361
749360
749359
749352
749348
749347
749346
749345
749344
749343
749342
749341
749340
749338
749337
749336
749335
749334
749333
749332
749331
749330
749329
749327
749326
749325
749324
749323
749322
749321
749320
749319
749318
749317
749316
749315
749314
749313
749311
749306
749225
749220
749203
749187
749132
749095
749052
749022
748991
748985
748957
748951
748950
748949
748948
748947
748946
748945
748944
748943
748942
748941
748940
748939
748937
748936
748935
748934
748933
748932
748931
748930
748929
748928
748927
748926
748925
748924
748923
748922
748921
748920
748919
748918
748917
748916
748915
748914
748913
748912
748911
748910
748909
748908
748907
748906
748905
748903
748902
748901
748900
748899
748898
748897
748896
748895
748894
748893
748889
748842
748824
748823
748822
748807
748806
748797
748789
748786
748785
748784
748783
748782
748781
748780
748779
748778
748777
748776
748775
748774
748773
748772
748771
748770
748769
748767
748766
748765
748764
748763
748762
748761
748760
748759
748758
748757
748756
748755
748754
748753
748752
748751
748750
748749
748748
748747
748746
748745
748743
748742
748741
748740
748739
748738
748737
748736
748734
748733
748732
748731
748730
748729
748728
748727
748726
748724
748723
748722
748721
748720
748719
748718
748717
748716
748715
748714
748713
748712
748711
748710
748709
748708
748707
748706
748705
748704
748703
748702
748701
748700
748699
748698
748697
748694
748693
748692
748691
748690
748688
