861019
861018
861017
861016
860986
860549
860542
860538
860537
860548
860541
860535
860985
860984
860544
860540
860534
860983
860982
860543
860539
860533
860696
860694
860686
860684
860785
860784
861007
861002
860964
860923
860906
860911
860903
860802
860796
860779
860770
860817
860815
860865
860835
860788
860767
860638
860739
860707
860782
860825
860868
860801
860922
860907
860945
860867
860824
860737
860704
860629
860615
860551
860816
860814
860769
860797
860799
860552
860619
860727
860700
860864
860844
861005
861000
860963
860909
860905
860902
860863
860818
860798
860794
860774
860768
860724
860697
860612
860616
860504
860503
860508
860507
860795
860792
860791
860789
860787
860783
860780
860778
860775
860776
860773
860771
860734
860732
860729
860726
860722
860716
860712
860711
860709
860706
860962
860505
860506
860953
860956
860793
860790
860786
860781
860777
860772
860730
860723
860719
860717
860715
860710
860714
860721
860705
860703
860702
860701
860510
860509
860502
860501
860500
860499
860498
860497
860496
860495
860494
860493
860492
860491
860490
860489
860488
860487
860485
860484
860483
860482
860481
860480
860479
860478
860477
860476
860475
860474
860471
860470
860469
860468
860467
860466
860464
860463
860459
860458
860454
860453
860452
860451
860450
860449
860448
860447
860446
860445
860444
860443
860442
860441
860440
860439
860438
860437
860436
860435
861029
860547
860725
860759
860829
860850
860853
860854
860887
860919
861039
861038
861035
861033
861032
861031
861030
861028
860654
861026
861025
861024
861023
861022
861021
861020
861015
861014
861011
861010
861009
861008
861004
861003
861001
860999
860998
860997
860996
860995
860994
860993
860992
860991
860990
860989
860988
860987
860981
860980
860979
860978
860977
860976
860975
860974
860973
860972
860971
860970
860969
860968
860967
860966
860965
860961
860960
860959
860958
860957
860937
860936
860935
860955
860952
860951
860950
860949
860948
860947
860944
860943
860942
860941
860940
860939
860938
860934
860933
860932
860931
860930
860929
860928
860927
860925
860921
860920
860918
860917
860916
860915
860914
860913
860912
860910
860908
860904
860901
860900
860899
860898
860897
860896
860895
860894
860893
860892
860890
860889
860888
860886
860885
860884
860883
860882
860881
860880
860879
860877
860876
860875
860874
860873
860872
860871
860870
860869
860866
860862
860860
860859
860858
860857
860856
860855
860852
860851
860849
860848
860847
860845
860843
860842
860841
860840
860839
860838
860837
860836
860834
860833
860832
860831
860830
860828
860827
860826
860823
860822
860821
860820
860819
860813
860812
860811
860810
860809
860808
860807
860806
860805
860804
860803
860800
860766
860765
860764
860763
860762
860761
860760
860758
860757
860756
860755
860754
860752
860751
860750
860749
860748
860747
860746
860745
860744
860743
860742
860699
860741
860740
860738
860736
860735
860733
860731
860728
860720
860718
860708
860698
860695
860693
860692
860691
860690
860689
860687
860685
860683
860682
860681
860680
860679
860678
860677
860676
860675
860674
860673
860672
860671
860670
860669
860668
860667
860666
860665
860664
860663
860662
860661
860660
860659
860658
860657
860656
860655
860653
860652
860651
860650
860649
860648
860647
860645
860644
860643
860642
860641
860640
860639
860637
860636
860635
860634
860633
860632
860631
860630
860628
860627
860626
860625
860624
860623
860622
860621
860620
860618
860614
860613
860611
860610
860609
860608
860607
860606
860605
860604
860603
860602
860601
860600
860599
860598
860597
860596
860595
860594
860593
860592
860591
860589
860588
860587
860586
860585
860584
860583
860582
860581
860580
860579
860578
860577
860576
860574
860571
860570
860569
860568
860567
860566
860564
860563
860562
860561
860560
860559
860558
860557
860556
860555
860554
860553
860550
860546
860545
860531
860529
860528
860527
860526
860525
860524
860523
860522
860521
860520
860519
860518
860517
860516
860515
860514
860513
860512
860511
860473
860472
860465
860461
860460
860457
860456
860455
860434
860433
860432
860431
