880698
880690
880678
880671
880688
880693
880721
880697
880686
880695
880684
880207
880233
880234
880421
880680
880539
880541
880543
880491
880720
880719
880492
880484
880655
880328
880329
880521
880512
880527
880526
880525
880663
880665
880669
880675
880330
880331
880332
880333
880334
880335
880336
880337
880338
880529
880445
880444
880339
880480
880340
880341
880342
880343
880344
880345
880346
880347
880348
880144
880143
880139
880138
880141
880349
880350
880351
880352
880353
880354
880357
880358
880359
880360
880362
880363
880364
880365
880273
880272
880269
880276
880562
880561
880560
880455
880453
880452
880454
880451
880367
880368
880369
880370
880373
880374
880375
880376
880674
880661
880664
880672
880557
880442
880439
880438
880377
880378
880379
880380
880381
880382
880383
880384
880387
880388
880389
880390
880391
880392
880393
880394
880196
880155
880516
880563
880556
880437
880435
880736
880734
880732
880731
880717
880715
880714
880711
880710
880709
880708
880707
880706
880705
880704
880395
880396
880397
880564
880555
880554
880553
880449
880448
880703
880696
880670
880666
880660
880157
880654
880653
880650
880648
880641
880640
880179
880198
880507
880633
880635
880153
880398
880399
880400
880401
880699
880402
880403
880404
880405
880406
880407
880408
880409
880410
880630
880632
880159
880623
880614
880610
880605
880600
880599
880598
880588
880573
880587
880586
880585
880577
880643
880651
880652
880524
880552
880551
880520
880518
880514
880513
880457
880637
880636
880700
880645
880647
880569
880571
880181
880584
880197
880187
880568
880147
880142
880135
880662
880667
880676
880668
880687
880683
880681
880677
880558
880517
880515
880447
880446
880411
880412
880413
880414
880415
880416
880417
880418
880450
880434
880433
880432
880419
880420
880427
880191
880743
880742
880741
880740
880739
880738
880737
880458
880460
880735
880733
880730
880729
880728
880727
880726
880725
880724
880723
880722
880718
880689
880685
880673
880716
880550
880559
880523
880522
880456
880713
880712
880702
880682
880679
880701
880694
880692
880691
880659
880658
880657
880656
880649
880646
880644
880642
880639
880638
880634
880631
880629
880628
880627
880626
880625
880624
880622
880621
880620
880619
880618
880617
880612
880611
880609
880608
880607
880606
880604
880603
880602
880601
880597
880596
880593
880592
880591
880590
880589
880583
880582
880581
880580
880579
880578
880576
880575
880574
880572
880461
880462
880570
880567
880566
880565
880549
880548
880547
880464
880546
880545
880544
880542
880540
880538
880535
880537
880536
880534
880533
880532
880531
880530
880519
880511
880510
880509
880508
880506
880505
880504
880503
880502
880501
880500
880499
880498
880497
880496
880495
880494
880493
880490
880488
880487
880486
880485
880483
880482
880481
880479
880478
880477
880476
880475
880474
880473
880472
880471
880470
880469
880468
880467
880466
880465
880463
880459
880443
880441
880440
880436
880431
880430
880429
880428
880426
880425
880424
880423
880422
880386
880385
880372
880371
880366
880356
880327
880326
880325
880324
880323
880322
880321
880320
880319
880318
880317
880316
880315
880314
880312
880311
880310
880309
880308
880307
880306
880305
880304
880303
880301
880300
880299
880298
880297
880296
880295
880294
880293
880292
880291
880290
880289
880288
880287
880286
880285
880284
880283
880282
880281
880280
880279
880278
880277
880275
880274
880271
880270
880268
880267
880266
880265
880264
880263
880262
880261
880259
880258
880257
880255
880253
880251
880250
880249
880248
880247
880246
880245
880244
880243
880242
880241
880240
880239
880238
880237
880236
880235
880232
880231
880229
880230
880228
880227
880226
880225
880224
880223
880222
880221
880220
880219
880218
880217
880216
880215
880213
880211
880210
880209
880208
880206
880205
880204
880203
880202
880201
880200
880199
880195
880194
880193
880192
880190
880189
880188
880186
880185
880184
880183
880182
880180
880178
880177
880176
880175
880174
880173
880172
880171
880170
880169
880168
880167
880166
880165
880164
880162
880161
880160
880158
880156
880154
880152
880151
880150
880149
880148
880146
880145
880140
880137
880136
880134
880133
880132
880131
880130
880129
880128
880127
880126
880125
880124
880123
880122
880121
880118
880117
