758127
757851
757850
757849
757848
757845
758129
758118
758112
758111
758126
758117
758110
758106
758069
757948
757880
757879
757878
758059
758054
758011
757954
757944
757987
757952
757947
757942
758125
758109
758113
758114
758105
758066
758058
758053
758010
757943
758008
757953
758124
758108
758104
757946
758055
757929
757921
757920
757919
757945
758022
758021
758020
758019
758009
757949
758065
757877
757876
757875
757874
757873
757872
757888
758002
758027
758068
757825
757824
757828
757992
757990
757989
757826
757821
757823
757827
757822
758138
758137
758136
758135
758134
758133
758132
758131
758130
758128
758123
758122
758121
758120
758119
758116
758115
758103
758102
758101
758100
758099
758098
758097
758075
758076
758077
758078
758079
758082
758083
758084
758085
758086
758088
758089
758090
758091
758092
758093
758094
758095
758087
758081
758080
758074
758073
758072
758071
758070
758067
758064
758063
758062
758061
758060
758057
758056
758052
758051
758050
758049
758048
758047
758046
758045
758044
758043
758042
758041
758040
758039
758038
758037
758036
758035
758033
758032
758030
758029
758028
758026
758025
758024
758023
758018
758017
758015
758014
758013
758012
758007
758006
758005
758004
758003
758001
758000
757999
757998
757995
757994
757993
757991
757988
757986
757985
757984
757983
757982
757981
757980
757979
757978
757976
757974
757971
757970
757969
757968
757967
757966
757965
757964
757963
757962
757961
757960
757959
757958
757957
757956
757955
757951
757950
757940
757939
757937
757936
757935
757934
757933
757932
757931
757930
757928
757927
757926
757925
757923
757922
757918
757917
757916
757915
757914
757913
757912
757911
757910
757909
757908
757907
757906
757905
757904
757903
757902
757901
757900
757899
757898
757897
757896
757895
757894
757893
757892
757891
757890
757887
757886
757884
757883
757882
757881
757871
757870
757869
757868
757867
757866
757865
757864
757863
757862
757861
757860
757859
757858
757857
757856
757855
757854
757853
757852
757847
757846
757844
757843
757841
757840
757839
757838
757837
757836
757835
757834
757833
757832
757831
757830
757829
757820
