885442
885440
885441
885439
885513
885514
885516
885544
885547
885556
885539
885642
885606
885597
885643
885600
885555
885641
885609
885595
885607
885554
885644
885602
885546
885541
885517
885515
885512
885640
885598
885524
885594
885638
885540
885545
885702
885523
885712
885718
885519
885397
885694
885660
885657
885656
885655
885654
885653
885750
885563
885399
885580
885417
885662
885661
885608
885391
885690
885762
885416
885701
885699
885682
885663
885652
885651
885650
885649
885648
885647
885377
885637
885414
885636
885635
885634
885633
885628
885745
885744
885688
885689
885402
885561
885382
885632
885631
885629
885627
885381
885415
885389
885378
885626
885385
885394
885396
885413
885673
885777
885558
885560
885562
885401
885400
885630
885625
885624
885623
885403
885398
885783
885782
885780
885779
885778
885776
885775
885774
885773
885772
885771
885770
885768
885767
885765
885764
885763
885761
885760
885759
885758
885757
885756
885755
885754
885753
885752
885751
885749
885748
885747
885746
885743
885742
885741
885740
885739
885738
885737
885736
885735
885734
885733
885732
885731
885730
885729
885728
885727
885726
885725
885724
885723
885722
885721
885720
885719
885716
885715
885714
885713
885711
885710
885709
885707
885706
885705
885704
885703
885700
885698
885697
885696
885695
885693
885692
885691
885686
885685
885684
885683
885681
885680
885679
885678
885677
885676
885675
885674
885672
885671
885670
885669
885668
885667
885666
885665
885664
885659
885658
885646
885645
885639
885622
885621
885620
885619
885618
885617
885616
885615
885614
885613
885612
885611
885610
885605
885604
885603
885601
885599
885596
885593
885592
885591
885590
885589
885588
885587
885586
885585
885583
885582
885581
885579
885578
885577
885576
885575
885574
885573
885572
885571
885570
885569
885568
885567
885566
885565
885564
885559
885557
885404
885553
885552
885551
885550
885549
885548
885542
885538
885537
885536
885535
885534
885533
885532
885531
885528
885527
885526
885525
885522
885521
885520
885518
885511
885510
885509
885508
885507
885506
885505
885504
885503
885502
885501
885500
885499
885498
885497
885496
885495
885493
885492
885491
885490
885489
885488
885487
885486
885485
885484
885483
885480
885479
885478
885477
885476
885475
885474
885473
885472
885471
885470
885468
885466
885465
885464
885462
885461
885460
885459
885458
885457
885456
885455
885454
885453
885452
885451
885450
885449
885448
885447
885446
885445
885444
885443
885438
885437
885436
885435
885434
885433
885432
885431
885429
885428
885427
885426
885425
885424
885423
885421
885420
885419
885418
885412
885411
885410
885408
885407
885406
885405
885395
885393
885392
885390
885388
885387
885386
885384
885383
885380
885379
885376
