865725
865720
865721
865336
865362
865354
865718
865368
865366
865371
865364
865359
865369
865343
865353
865370
865365
865363
865367
865348
865236
865199
865197
865335
865357
865196
865345
865351
865356
865289
865290
865195
865358
865342
865149
865355
865341
865306
865304
865295
865302
865303
865291
865677
865675
865674
865672
865671
865669
865667
865666
865664
865662
865660
865658
865656
865654
865653
865652
865651
865650
865649
865648
865647
865646
865645
865643
865642
865641
865640
865639
865638
865705
865637
865636
865635
865634
865633
865632
865631
865630
865629
865627
865626
865625
865624
865623
865621
865620
865617
865616
865615
865614
865613
865612
865611
865609
865607
865608
865605
865603
865601
865600
865599
865598
865597
865596
865595
865592
865591
865587
865586
865584
865583
865582
865581
865580
865579
865578
865577
865576
865574
865573
865572
865571
865570
865569
865567
865566
865564
865563
865562
865560
865557
865556
865555
865553
865552
865551
865148
865488
865550
865549
865548
865547
865544
865543
865541
865540
865539
865538
865537
865536
865535
865534
865533
865532
865531
865529
865527
865525
865523
865522
865521
865520
865519
865518
865693
865691
865690
865515
865514
865513
865512
865511
865510
865509
865508
865507
865506
865505
865504
865503
865502
865501
865500
865499
865497
865496
865495
865494
865493
865492
865491
865490
865489
865487
865486
865479
865477
865475
865474
865473
865472
865471
865469
865465
865464
865463
865460
865457
865455
865453
865452
865450
865449
865448
865447
865445
865443
865441
865440
865439
865438
865437
865436
865435
865434
865433
865432
865431
865750
865747
865746
865745
865744
865743
865742
865741
865181
865470
865740
865739
865738
865737
865736
865735
865734
865732
865731
865729
865728
865726
865155
865153
865429
865428
865427
865426
865425
865424
865423
865422
865421
865419
865418
865416
865414
865413
865412
865411
865410
865409
865408
865407
865406
865405
865404
865403
865402
865401
865400
865399
865398
865397
865722
865710
865709
865708
865774
865773
865772
865771
865770
865769
865768
865767
865766
865765
865764
865763
865762
865396
865211
865210
865209
865208
865207
865206
865205
865204
865203
865202
865201
865200
865198
865194
865193
865192
865190
865189
865188
865187
865184
865182
865179
865178
865761
865760
865759
865758
865757
865756
865755
865754
865753
865752
865751
865749
865748
865733
865730
865727
865724
865723
865719
865717
865716
865715
865714
865713
865712
865711
865707
865706
865177
865176
865175
865157
865704
865703
865702
865701
865700
865699
865698
865697
865696
865695
865692
865689
865688
865687
865686
865685
865684
865683
865682
865681
865680
865679
865619
865610
865606
865602
865594
865585
865565
865561
865559
865558
865554
865575
865568
865546
865542
865524
865517
865516
865498
865485
865483
865482
865481
865480
865478
865468
865467
865466
865462
865461
865459
865458
865456
865451
865446
865444
865442
865430
865420
865417
865415
865395
865393
865391
865390
865389
865388
865387
865386
865385
865383
865382
865381
865380
865378
865377
865376
865374
865373
865372
865361
865360
865352
865350
865349
865347
865346
865344
865340
865339
865338
865332
865331
865337
865334
865333
865330
865329
865328
865327
865326
865325
865324
865323
865322
865319
865318
865317
865316
865315
865314
865313
865312
865311
865310
865309
865308
865307
865305
865301
865300
865299
865298
865297
865296
865292
865288
865287
865286
865285
865284
865283
865281
865280
865279
865278
865277
865276
865275
865274
865273
865271
865270
865269
865268
865267
865266
865265
865264
865263
865262
865261
865260
865259
865258
865257
865256
865255
865254
865253
865252
865251
865249
865248
865247
865246
865245
865244
865243
865242
865241
865240
865239
865237
865235
865234
865233
865232
865231
865230
865229
865228
865227
865226
865225
865224
865223
865222
865221
865220
865218
865217
865216
865215
865214
865213
865212
865191
865186
865174
865173
865172
865171
865170
865169
865168
865167
865166
865165
865164
865163
865162
865161
865160
865159
865158
865156
865154
865151
865150
865146
865145
865144
865143
865142
865140
