783564
783562
783559
783811
783805
783813
783810
783808
783786
783775
783773
783819
783812
783806
783783
783807
783778
783774
783628
783627
783749
783748
783747
783481
783480
783479
783632
783629
783661
783617
783615
783477
783476
783475
783801
783800
783799
783798
783797
783796
783795
783794
783793
783792
783791
783790
783789
783788
783845
783844
783673
783770
783772
783787
783843
783842
783841
783840
783839
783838
783837
783836
783834
783833
783832
783831
783830
783829
783828
783827
783826
783825
783824
783823
783822
783821
783817
783815
783814
783809
783804
783803
783802
783784
783782
783781
783780
783779
783776
783771
783769
783768
783767
783766
783765
783764
783763
783762
783729
783730
783731
783732
783733
783734
783735
783736
783737
783738
783739
783740
783741
783742
783761
783760
783759
783758
783757
783754
783753
783752
783751
783750
783746
783745
783744
783743
783431
783432
783433
783434
783435
783436
783437
783438
783439
783440
783441
783442
783443
783444
783445
783446
783447
783448
783449
783450
783451
783452
783728
783727
783726
783725
783724
783723
783722
783720
783719
783718
783717
783716
783715
783714
783712
783711
783710
783709
783708
783707
783706
783704
783703
783701
783700
783699
783698
783697
783696
783695
783694
783693
783692
783691
783690
783689
783688
783687
783686
783685
783684
783683
783682
783681
783680
783678
783677
783675
783674
783672
783671
783670
783669
783668
783667
783666
783665
783664
783663
783662
783660
783659
783658
783657
783656
783655
783654
783653
783652
783651
783650
783631
783630
783633
783648
783647
783646
783645
783644
783643
783642
783626
783625
783623
783641
783640
783639
783638
783637
783636
783635
783634
783624
783622
783621
783579
783580
783581
783582
783583
783584
783585
783586
783587
783588
783590
783591
783620
783619
783616
783614
783613
783612
783611
783610
783609
783608
783607
783606
783604
783601
783600
783603
783602
783599
783598
783597
783596
783595
783594
783593
783592
783589
783578
783577
783576
783575
783574
783571
783570
783573
783572
783569
783568
783567
783566
783565
783563
783561
783560
783558
783557
783556
783555
783554
783553
783552
783551
783550
783549
783546
783545
783543
783542
783541
783540
783539
783538
783537
783533
783532
783531
783530
783529
783528
783527
783526
783525
783523
783522
783521
783520
783519
783517
783516
783515
783514
783513
783512
783511
783510
783509
783508
783507
783506
783505
783504
783503
783502
783501
783500
783499
783498
783472
783473
783470
783493
783485
783484
783483
783482
783478
783474
783471
783469
783468
783467
783466
783465
783464
783463
783462
783461
783460
783459
783458
783457
783456
783455
783454
783453
783430
783429
783428
783427
783426
783425
783424
783423
783422
783421
783420
783418
783417
783416
783415
783414
783413
783412
783411
783410
783409
783408
783407
783406
783405
783404
783403
783402
783401
783400
783399
783398
783397
783396
783395
783394
783393
783392
783391
783390
783389
783388
783387
783386
783385
783384
783383
783382
783381
