767373
767371
767368
767366
767365
767364
767363
767362
767353
767212
767211
767358
767354
767176
767186
767267
767271
767315
767329
767340
767344
767258
767252
767239
767282
767286
767268
767210
767357
767244
767261
767241
767327
767213
767195
767191
767189
767308
767238
767196
767205
767209
767200
767310
767341
767356
767262
767270
767187
767183
767124
767307
767194
767256
767248
767237
767208
767175
767169
767202
767197
767188
767185
767156
767148
767193
767142
767181
767177
767173
767155
767150
767131
767164
767161
767123
767160
767153
767134
767127
767125
767136
767138
767097
767116
767152
767154
767158
767162
767163
767165
767172
767289
767292
767325
767326
767328
767146
767384
767383
767382
767381
767380
767379
767378
767377
767170
767166
767139
767137
767171
767151
767167
767393
767392
767390
767389
767388
767387
767386
767385
767375
767370
767369
767367
767361
767221
767220
767360
767359
767355
767352
767351
767350
767349
767348
767346
767345
767343
767342
767339
767338
767337
767336
767335
767334
767333
767332
767331
767330
767324
767323
767322
767321
767320
767319
767318
767317
767316
767314
767313
767312
767311
767309
767306
767305
767304
767303
767302
767300
767299
767298
767297
767296
767295
767294
767293
767291
767290
767288
767287
767285
767284
767283
767281
767280
767279
767278
767277
767276
767275
767273
767272
767269
767266
767264
767263
767260
767259
767257
767255
767253
767251
767250
767249
767247
767246
767245
767243
767242
767240
767236
767235
767234
767233
767232
767230
767231
767229
767228
767227
767226
767225
767224
767223
767222
767219
767218
767216
767215
767214
767207
767206
767204
767203
767201
767199
767198
767190
767184
767182
767180
767179
767178
767174
767168
767159
767157
767149
767147
767145
767143
767141
767140
767135
767133
767132
767130
767129
767128
767126
767122
767121
767120
767119
767118
767117
767115
767114
767113
767112
767111
767110
767109
767108
767107
767106
767105
767104
767103
767102
767101
767100
767099
767098
767096
767095
767094
767093
767092
767091
767090
767089
767088
767087
767086
767085
767084
767083
767082
767081
767080
767079
767078
767077
767076
767074
767073
767071
767069
767067
767066
767065
767063
767062
767060
767058
767057
767056
