792074
792073
792072
792236
792233
792230
792345
792360
792358
792357
792355
792351
792359
792348
792350
792347
792352
792372
792373
792364
792356
792349
792346
792302
792305
792308
792311
792389
792390
792149
792087
792090
792085
792078
792081
792095
792098
792093
792083
792099
792102
792086
792079
792082
792094
792089
792084
792097
792103
792100
792096
792091
792088
792071
792070
792069
792092
792080
792436
792435
792434
792433
792432
792431
792430
792429
792427
792426
792425
792424
792423
792422
792421
792420
792419
792416
792415
792414
792418
792417
792413
792412
792411
792410
792409
792408
792407
792406
792405
792404
792403
792317
792316
792402
792401
792400
792399
792398
792397
792396
792395
792394
792393
792392
792391
792388
792387
792386
792385
792384
792383
792382
792381
792379
792378
792377
792376
792375
792374
792370
792368
792366
792365
792363
792361
792114
792115
792116
792117
792118
792119
792120
792121
792122
792123
792124
792125
792126
792127
792128
792129
792130
792131
792132
792133
792134
792179
792180
792183
792184
792186
792187
792190
792191
792193
792194
792195
792197
792198
792199
792200
792201
792344
792343
792342
792341
792340
792339
792338
792337
792336
792334
792333
792332
792331
792330
792329
792328
792327
792326
792325
792324
792323
792322
792321
792320
792319
792318
792315
792314
792313
792312
792310
792309
792307
792306
792304
792303
792301
792300
792299
792298
792297
792296
792295
792294
792293
792292
792291
792289
792288
792287
792286
792285
792284
792283
792282
792281
792280
792278
792277
792276
792275
792274
792273
792272
792271
792270
792269
792268
792267
792266
792265
792264
792263
792262
792261
792253
792252
792251
792250
792249
792248
792247
792246
792245
792244
792243
792242
792240
792239
792260
792259
792258
792255
792254
792241
792238
792235
792232
792206
792207
792208
792209
792210
792211
792212
792213
792214
792215
792217
792221
792223
792224
792231
792229
792228
792227
792226
792225
792222
792220
792219
792218
792216
792205
792204
792203
792202
792196
792192
792189
792188
792185
792182
792181
792178
792177
792176
792175
792174
792173
792172
792171
792170
792169
792168
792166
792165
792164
792162
792161
792160
792158
792157
792156
792155
792154
792153
792148
792147
792146
792145
792144
792143
792142
792140
792139
792138
792137
792136
792135
792104
792105
792106
792113
792112
792111
792110
792109
792108
792107
792077
792076
792068
792067
792066
792075
792065
792064
792063
792062
792061
792060
792059
792058
792057
792056
792055
792054
792053
792052
792051
792050
792049
792048
792047
792046
792045
792044
792043
792042
792041
792040
792039
792038
792036
792035
792034
792033
792032
792031
792030
792028
792027
792026
792023
792022
792021
792020
792019
792018
792017
792016
792014
792013
