881738
881737
881897
881895
881893
881892
881736
881985
881572
881545
881573
881683
881672
881667
881692
881856
881845
881793
881662
881659
881653
881651
881656
881652
881797
881796
881795
881794
881663
881658
881664
881657
881654
881650
881891
881890
881889
881655
881660
881649
881805
881808
881661
881647
881691
881693
881817
881640
881648
881646
881641
881639
881638
881636
881635
881634
881633
881629
881787
881632
881631
881630
881951
881959
881957
881956
881953
881952
881943
881942
881941
881987
881971
881967
881955
881946
881950
881935
881932
881931
881930
881926
881918
881909
881908
881826
881533
881531
881873
881870
881862
881813
881841
881879
881888
881881
881884
881900
881530
881812
881865
881882
881847
881974
881975
881637
881628
881627
881851
881827
881823
881825
881529
881830
881837
881524
881519
881532
881814
881526
881645
881644
881643
881626
881824
881833
881840
881863
881822
881528
881811
881525
881523
881522
881521
881520
881936
881934
881928
881878
881876
881875
881872
881871
881973
881517
881518
881516
881514
881513
882031
882029
882030
882028
882027
882026
882025
882024
882023
882022
882021
882020
882019
882018
882017
882016
882015
882014
882013
882012
882011
882010
882009
882008
882006
882005
882004
882003
882002
882001
882000
881999
881998
881997
881996
881995
881994
881993
881992
881991
881990
881989
881988
881986
881984
881983
881982
881981
881980
881979
881978
881977
881976
881972
881970
881969
881968
881966
881965
881964
881963
881962
881961
881949
881948
881947
881868
881866
881864
881861
881860
881859
881858
881857
881855
881933
881929
881927
881925
881924
881923
881922
881921
881920
881919
881917
881916
881915
881914
881913
881912
881911
881907
881906
881905
881903
881902
881901
881898
881896
881894
881887
881886
881885
881883
881880
881877
881874
881869
881867
881853
881852
881850
881849
881848
881846
881844
881854
881843
881842
881839
881838
881836
881835
881834
881832
881831
881829
881828
881821
881820
881818
881816
881815
881810
881809
881807
881806
881804
881802
881801
881800
881799
881798
881561
881559
881557
881554
881553
881552
881541
881543
881544
881546
881547
881548
881540
881539
881537
881536
881792
881791
881790
881789
881642
881788
881786
881785
881784
881783
881782
881781
881780
881779
881778
881777
881776
881775
881774
881773
881772
881771
881770
881768
881767
881766
881765
881764
881763
881762
881761
881760
881759
881758
881757
881756
881754
881753
881752
881751
881750
881749
881748
881747
881746
881745
881744
881743
881742
881741
881740
881739
881735
881734
881733
881732
881731
881730
881729
881728
881727
881726
881725
881724
881723
881722
881721
881720
881719
881718
881717
881716
881715
881714
881713
881712
881711
881710
881709
881708
881707
881706
881705
881704
881703
881701
881700
881699
881698
881697
881696
881695
881694
881690
881689
881688
881687
881686
881685
881684
881682
881681
881680
881679
881678
881677
881676
881675
881674
881673
881671
881670
881669
881668
881666
881625
881624
881623
881622
881621
881620
881619
881618
881617
881616
881615
881614
881613
881612
881611
881610
881609
881608
881607
881606
881605
881604
881603
881601
881600
881599
881598
881597
881596
881595
881594
881593
881592
881591
881589
881587
881586
881585
881584
881583
881582
881581
881580
881579
881578
881577
881576
881575
881574
881550
881549
881560
881555
881538
881542
881551
881567
881566
881565
881564
881563
881562
881558
881556
881535
881534
881527
881515
