777454
777448
777447
777435
777450
777445
777452
777438
777436
777442
777433
777449
777444
777439
777431
777457
777456
777334
777332
777330
777331
777333
777437
777371
777430
777429
777346
777345
777343
777786
777758
777750
777692
777690
777619
777873
777867
777616
777600
777749
777756
777751
777606
777523
777788
777790
777763
777757
777611
777512
777787
777754
777781
777617
777519
777515
777354
777615
777868
777871
777870
777504
777510
777516
777610
777614
777872
777778
777691
777689
777618
777612
777607
777603
777597
777518
777513
777511
777507
777506
777589
777704
777707
777752
777802
777803
777508
777509
777546
777784
777383
777382
777381
777380
777379
777377
777375
777373
777370
777368
777366
777364
777363
777362
777361
777360
777359
777358
777357
777356
777353
777413
777412
777410
777407
777406
777405
777402
777400
777397
777396
777395
777394
777393
777392
777390
777389
777388
777387
777386
777385
777894
777892
777891
777890
777889
777888
777887
777886
777885
777884
777883
777882
777881
777880
777879
777878
777877
777876
777875
777874
777869
777866
777865
777864
777863
777862
777861
777860
777859
777858
777857
777856
777855
777854
777853
777852
777851
777850
777849
777848
777847
777846
777845
777844
777843
777842
777841
777840
777839
777805
777806
777807
777808
777809
777810
777838
777811
777812
777823
777824
777837
777836
777835
777834
777833
777832
777831
777830
777829
777828
777827
777826
777825
777822
777821
777820
777819
777818
777817
777816
777815
777814
777813
777801
777800
777799
777798
777797
777796
777795
777794
777793
777792
777791
777789
777785
777783
777780
777777
777776
777772
777770
777765
777764
777762
777761
777760
777759
777755
777753
777748
777747
777746
777745
777744
777743
777742
777741
777739
777738
777737
777736
777735
777733
777732
777731
777728
777727
777725
777724
777723
777722
777720
777719
777718
777717
777716
777715
777714
777713
777712
777711
777710
777709
777708
777706
777705
777703
777702
777701
777700
777699
777698
777697
777696
777694
777693
777688
777685
777684
777683
777682
777681
777679
777678
777677
777676
777675
777674
777673
777672
777671
777670
777669
777668
777667
777666
777665
777663
777662
777661
777660
777659
777658
777657
777656
777655
777654
777652
777651
777650
777649
777648
777647
777646
777645
777644
777643
777642
777641
777640
777639
777638
777637
777636
777635
777634
777633
777632
777631
777629
777628
777627
777626
777625
777624
777623
777622
777621
777620
777613
777609
777608
777604
777602
777601
777599
777598
777596
777595
777594
777593
777592
777591
777590
777588
777587
777586
777585
777584
777583
777582
777581
777580
777579
777578
777576
777575
777574
777573
777572
777571
777570
777569
777568
777567
777566
777565
777564
777563
777562
777561
777560
777559
777558
777557
777556
777555
777554
777553
777552
777551
777550
777549
777548
777547
777544
777543
777542
777541
777540
777539
777538
777537
777535
777534
777533
777532
777531
777530
777528
777527
777526
777525
777524
777522
777521
777520
777517
777514
777505
777503
777502
777501
777500
777499
777498
777497
777496
777495
777494
777493
777492
777491
777490
777489
777487
777486
777485
777484
777483
777482
777481
777480
777479
777478
777477
777475
777474
777473
777472
777471
777470
777469
777468
777467
777466
777465
777464
777463
777462
777461
777460
777459
777458
777455
777453
777451
777446
777443
777441
777440
777434
777432
777428
777427
777426
777425
777424
777423
777422
777421
777420
777419
777418
777417
777416
777415
777411
777409
777408
777404
777403
777399
777398
777391
777384
777352
777351
777350
777349
777348
777347
777342
777341
777340
777339
777338
777337
777336
777335
777329
777328
777327
777326
777325
777324
777323
777322
777321
777320
777319
777318
777317
777316
777315
777314
777313
777312
777311
777310
777309
777308
777307
777306
777305
777304
777303
777302
777301
777300
777299
777298
777297
777291
777290
777289
777288
777287
777286
777285
777284
777283
777282
777281
777280
777278
777277
777276
777275
777274
777273
777272
777271
777270
777269
777268
777267
777266
777265
777264
777263
777262
777261
777260
777259
