875066
875065
874671
875064
875059
874670
874869
874853
875063
875057
874864
874852
874850
874784
874782
874781
874798
874797
874796
874569
875102
875090
875069
874985
874598
875103
874608
875092
875088
875084
875079
875083
874741
874730
875082
875086
874727
874733
874729
874972
874924
874920
874915
874904
874983
874911
874913
874932
874736
874731
874728
874908
874933
874605
875101
874987
875089
875091
875081
874931
874918
874903
874919
874929
874914
874600
874795
874794
875098
874986
874609
874971
874912
874910
874923
874921
874735
874740
874734
875085
875080
875099
874988
874607
874917
874927
874906
874902
874739
874604
874916
874738
874732
874989
875104
874602
874601
874744
874743
874742
874737
874726
874722
874721
874697
874695
874599
875093
875062
875054
874555
874554
874553
874552
874551
874550
874549
874548
874546
874545
874805
874886
874812
874811
874810
874669
874889
874885
875043
875041
874891
874882
874880
874879
874801
875042
875039
875036
875033
875031
875030
874901
874898
874817
874816
874665
875011
875013
874699
875060
875038
875037
875035
875034
875032
875029
875028
874897
874895
874894
874893
874887
874884
874878
874814
874813
874809
875146
875014
875012
874518
874520
875015
874778
874519
874516
874515
874896
874881
874876
874815
874808
874807
874806
874804
874802
874799
874536
874540
874544
874556
874925
874926
874928
874930
874934
874935
874937
874938
874939
874940
874941
874943
874945
874947
874949
874951
874952
874953
874954
874956
874960
874965
874966
874967
874969
874970
874973
874974
874975
875016
874827
874962
874963
874980
874982
874689
874747
874509
874803
874800
874698
875003
875004
875005
875006
875007
875008
875147
875145
875144
875143
875142
875141
875140
875139
875138
875137
875136
875135
875134
875133
875132
875131
875130
875129
875128
875127
875126
875125
875124
875123
875122
875121
875120
875119
875118
875117
875116
875115
875114
875113
875112
875111
875110
875109
875108
875107
875106
875105
875087
875078
875077
875076
875075
875074
875073
875072
875071
875070
875068
875067
875061
875058
875056
875055
875053
875051
875050
875049
875048
875047
875046
875045
875044
875040
875026
875025
875024
875023
875022
875021
875020
875019
875018
875017
875010
875009
875002
875001
875000
874999
874998
874997
874996
874995
874994
874993
874992
874991
874990
874984
874981
874979
874978
874977
874976
874968
874964
874961
874959
874958
874955
874950
874948
874946
874944
874942
874936
874922
874909
874907
874905
874900
874899
874892
874890
874888
874883
874877
874875
874874
874870
874867
874866
874865
874863
874862
874861
874860
874858
874857
874856
874855
874854
874851
874849
874848
874847
874846
874845
874844
874843
874842
874841
874839
874838
874837
874836
874833
874832
874831
874830
874829
874828
874826
874825
874824
874821
874820
874819
874818
874792
874791
874790
874789
874788
874787
874786
874785
874783
874780
874779
874777
874776
874775
874774
874773
874772
874771
874770
874769
874768
874767
874766
874765
874764
874763
874762
874761
874760
874759
874758
874757
874756
874755
874754
874753
874752
874751
874750
874749
874748
874746
874745
874725
874724
874723
874720
874718
874717
874716
874715
874714
874713
874712
874711
874710
874709
874708
874707
874706
874705
874704
874703
874702
874701
874700
874696
874694
874693
874692
874691
874688
874687
874686
874685
874684
874683
874682
874681
874679
874678
874677
874676
874675
874674
874673
874672
874668
874667
874666
874664
874663
874662
874661
874660
874659
874658
874656
874655
874654
874653
874652
874651
874650
874649
874648
874647
874646
874645
874644
874643
874642
874641
874640
874639
874638
874637
874636
874635
874634
874633
874632
874631
874629
874628
874627
874626
874625
874624
874623
874622
874614
874612
874611
874610
874606
874597
874596
874595
874594
874593
874592
874591
874590
874589
874588
874587
874586
874585
874584
874583
874582
874581
874580
874579
874578
874577
874575
874574
874573
874572
874571
874570
874568
874567
874566
874565
874564
874563
874562
874561
874560
874558
874557
874547
874543
874542
874539
874538
874535
874534
874533
874532
874531
874530
874529
874528
874527
874526
874525
874523
874522
874521
874517
874514
874513
874512
874511
874510
874508
874507
874506
874505
874504
