863644
863643
863642
863725
863839
863847
863679
863701
863724
863840
863844
863676
863834
863776
863775
863833
863831
863843
863838
863723
863677
863699
863832
863830
863819
863700
863829
863827
863825
863821
863818
863788
863783
863842
863837
863678
863721
863698
863692
863691
863690
863689
863828
863826
863824
863822
863820
863817
863816
863787
863784
863782
863774
863770
863815
863789
863786
863785
863781
863780
863779
863777
863773
863771
863754
863583
863778
863772
863766
863760
863747
863767
863765
863757
863753
863584
863585
863763
863761
863755
863751
863749
863746
863742
863614
863611
863610
863750
863748
863744
863743
863705
863704
863622
863899
863900
863903
863962
863745
863563
863564
863565
863960
863959
863958
863957
863956
863955
863954
863953
863952
863951
863967
863966
863965
863964
863963
863961
863949
863948
863947
863946
863945
863944
863943
863942
863941
863940
863939
863938
863937
863936
863935
863934
863931
863930
863929
863928
863927
863926
863925
863924
863923
863922
863921
863920
863919
863918
863917
863916
863914
863913
863912
863911
863910
863909
863908
863907
863906
863905
863904
863901
863898
863897
863896
863894
863893
863892
863891
863890
863889
863888
863887
863886
863885
863884
863883
863882
863881
863880
863879
863878
863877
863876
863875
863874
863873
863872
863871
863870
863869
863868
863867
863866
863865
863864
863863
863862
863861
863860
863859
863858
863856
863855
863854
863853
863852
863851
863850
863849
863848
863846
863845
863841
863836
863835
863823
863814
863813
863812
863811
863810
863809
863808
863807
863804
863802
863801
863800
863799
863798
863797
863796
863795
863792
863791
863790
863769
863768
863764
863762
863758
863756
863752
863741
863740
863739
863738
863737
863736
863735
863734
863733
863732
863731
863730
863728
863727
863726
863722
863671
863672
863673
863674
863675
863719
863718
863717
863716
863715
863714
863713
863712
863711
863710
863707
863706
863703
863702
863697
863696
863695
863694
863693
863688
863687
863686
863685
863684
863682
863680
863670
863669
863667
863666
863665
863664
863663
863662
863661
863660
863659
863658
863657
863656
863655
863654
863653
863652
863651
863650
863649
863648
863646
863645
863641
863640
863639
863638
863636
863633
863632
863631
863630
863629
863628
863627
863626
863625
863624
863623
863621
863620
863619
863617
863616
863615
863613
863612
863609
863608
863607
863606
863603
863602
863601
863600
863599
863598
863597
863596
863595
863594
863592
863591
863590
863589
863588
863587
863582
863581
863580
863579
863578
863577
863575
863574
863573
863572
863571
863570
863569
863568
863567
863566
863562
863561
863558
863557
863556
863555
863553
863552
863551
863550
863549
