796144
796146
796147
796109
796108
796107
796106
796105
796104
796103
796102
796101
796100
796099
796098
796097
796096
796095
796094
796093
796092
796143
796145
795946
795936
795935
795931
795927
795925
795924
795923
795921
796091
795892
796000
795950
795947
795945
795944
795943
795942
795937
795929
795920
795899
795878
795869
796001
795868
795875
795977
795898
795896
795894
795876
795867
795872
795895
795949
795948
795940
795939
795938
795934
795933
795930
795922
795918
795917
795978
795973
795870
795866
795877
795891
795994
795995
796191
796192
795766
795772
795835
795836
796019
796020
796021
796035
796060
795966
795850
795996
796196
796195
796194
796193
796190
796189
796188
796187
796186
796185
796184
796183
796182
796181
796180
796179
796178
796177
796176
796175
796174
796173
796172
796170
796169
796168
796167
796166
796165
796164
796162
796161
796160
796159
796157
796156
796155
796154
796152
796151
796150
796148
796141
796140
796139
796138
796135
796134
796132
796131
796130
796129
796127
796126
796125
796124
796123
796122
796121
796120
796119
796118
796117
796116
796115
796114
796113
796112
796111
796110
796090
795981
795984
796089
796088
796087
796086
796085
796084
796083
796082
796081
796080
796079
796078
796077
796076
796075
796074
796073
796072
796071
796069
796068
796067
796065
796064
796063
796062
796061
796059
796058
796057
796056
796055
796054
796053
796052
796051
796050
796049
796048
796047
796046
796045
796044
796043
796042
796040
796039
796038
796037
796036
796034
796033
796031
796030
796029
796028
796027
796026
796025
796024
796023
796022
796018
796017
796016
796015
796014
796013
796012
796011
796010
796009
796008
796007
796006
796005
796004
796003
795999
795985
795986
795983
795982
795988
795987
795980
795998
795997
795993
795992
795991
795990
795989
795979
795971
795970
795976
795975
795974
795972
795969
795968
795965
795964
795963
795962
795961
795960
795959
795958
795957
795956
795954
795953
795952
795951
795941
795932
795928
795926
795919
795916
795915
795914
795913
795912
795911
795909
795908
795906
795904
795903
795901
795900
795897
795890
795889
795888
795887
795886
795885
795884
795883
795882
795881
795880
795879
795873
795865
795864
795863
795862
795861
795860
795859
795858
795857
795856
795855
795854
795853
795852
795851
795848
795847
795846
795845
795844
795843
795842
795841
795840
795839
795834
795833
795832
795831
795830
795829
795828
795827
795826
795825
795824
795823
795822
795821
795820
795819
795818
795817
795816
795815
795814
795813
795812
795811
795810
795809
795808
795807
795806
795805
795804
795803
795802
795801
795800
795799
795798
795797
795796
795795
795794
795793
795792
795791
795790
795789
795788
795787
795786
795785
795784
795783
795782
795781
795780
795779
795778
795777
795776
795775
795774
795773
795771
795770
795769
795768
795767
795765
795764
795763
