935910
935907
935906
935876
935875
935893
935892
935888
935887
935915
935914
935913
935923
935922
935874
935873
935880
935879
935878
935877
935866
935865
935864
935863
935891
935890
935889
935886
935885
935870
935869
935904
935903
935901
935900
935912
935911
935856
935855
935854
935853
935850
935862
935861
935868
935867
936651
936596
936591
936585
936566
936534
936490
936479
936649
936588
936587
935909
935908
935897
935896
935852
935851
935925
935924
935921
935920
935918
935917
936446
936665
936664
936662
936613
936610
936609
936650
936592
936562
936478
936460
936456
936453
936447
936612
936611
936659
936658
936657
936595
936584
936568
936648
936593
936564
936476
936655
936653
936663
936598
936602
936599
936443
936441
936660
936601
936474
936590
936654
936600
936589
936563
936472
936444
936615
936614
936652
936603
936583
936561
936489
936471
936445
936597
936594
936586
936582
936567
936559
936488
936469
936462
936461
936457
936449
936439
936438
936437
936448
935860
935859
935858
935882
935881
935884
935883
935872
935871
935857
936640
936555
936558
936300
936301
936302
936303
936304
936305
936248
936247
936553
936546
936633
936634
936635
936639
936669
936668
936667
936666
936661
936656
936647
936646
936645
936643
936642
936641
936637
936636
936638
936632
936631
936630
936629
936628
936627
936626
936624
936620
936618
936616
936607
936606
936605
936604
936581
936580
936579
936578
936577
936576
936575
936574
936573
936572
936571
936570
936569
936565
936560
936557
936556
936554
936552
936551
936550
936549
936548
936547
936545
936544
936543
936542
936541
936540
936539
936538
936537
936536
936535
936533
936532
936531
936530
936529
936528
936527
936526
936525
936524
936523
936522
936521
936520
936519
936518
936516
936515
936514
936513
936512
936511
936510
936509
936508
936507
936506
936505
936504
936503
936502
936501
936499
936498
936497
936496
936495
936493
936492
936491
936487
936486
936485
936484
936483
936482
936480
936477
936475
936470
936468
936467
936466
936465
936464
936463
936459
936458
936455
936454
936452
936451
936450
936442
936440
936436
936435
936434
936433
936432
936431
936430
936429
936428
936427
936426
936425
936424
936422
936421
936420
936419
936418
936417
936416
936415
936414
936413
936412
936410
936402
936388
936393
936389
936399
936398
936397
936408
936386
936411
936407
936406
936405
936387
936385
936384
936383
936409
936404
936403
936401
936400
936395
936394
936392
936391
936390
936382
936381
936380
936379
936378
936377
936376
936375
936374
936373
936372
936371
936370
936369
936367
936366
936365
936364
936362
936357
936356
936359
936350
936349
936348
936347
936346
936345
936344
936333
936334
936335
936337
936338
936339
936343
936342
936341
936340
936336
936332
936331
936330
936329
936328
936327
936326
936325
936324
936323
936322
936321
936320
936319
936318
936317
936316
936315
936314
936312
936311
936310
936309
936308
936306
936293
936292
936290
936288
936286
936283
936282
936278
936274
936269
936265
936264
936261
936258
936257
936256
936255
936254
936253
936252
936251
936250
936249
936246
936201
936200
936195
936163
936128
936120
936098
936097
936096
936095
936094
936093
936045
935981
935949
935947
935946
