944271
944266
944248
944247
944244
944243
944242
944240
944239
944237
944236
944285
944287
944232
944231
944230
944228
944227
944284
944283
944519
944518
944517
944516
944515
944514
944513
944512
944511
944510
944477
944502
944509
944508
944507
944506
944505
944504
944503
944494
944492
944491
944490
944486
944485
944484
944483
944476
944470
944469
944467
944463
944461
944450
944449
944448
944433
944432
944428
944427
944426
944425
944424
944423
944422
944421
944420
944419
944418
944417
944416
944415
944414
944413
944412
944411
944410
944409
944408
944407
944406
944405
944404
944403
944402
944401
944400
944399
944398
944397
944396
944395
944394
944393
944392
944391
944390
944389
944388
944387
944386
944385
944384
944383
944382
944378
944375
944374
944373
944348
944341
944346
944345
944339
944343
944365
944359
944340
944351
944371
944370
944369
944368
944366
944337
944364
944363
944362
944361
944360
944358
944357
944356
944355
944350
944349
944347
944344
944338
944342
944332
944331
944330
944329
944328
944327
944326
944325
944324
944323
944322
944320
944319
944318
944312
944311
944310
944309
944288
944289
944290
944291
944292
944293
944294
944295
944296
944298
944299
944301
944302
944304
944305
944306
944308
944307
944303
944300
944297
944286
944265
944264
944263
944262
944261
944260
944259
944258
944257
944256
944255
944254
944253
944252
944251
944249
944246
944245
944241
944235
944234
944233
944229
944226
944225
944224
944223
944220
944219
944218
944217
944216
944215
944214
944209
944208
944207
944206
944205
944204
944203
944202
944201
944200
944199
944198
