872521
872525
872520
872517
872940
872934
872531
872528
872524
872519
872516
872526
872529
872518
872515
872522
873037
873014
872992
872998
872874
872714
872672
872679
872961
872670
873012
873013
873043
873061
873044
873007
872916
872891
872959
872838
872836
872827
872784
872731
872718
872716
872692
872710
872711
872834
872820
872735
872913
872953
872888
872732
872821
872681
872837
872725
872914
872729
872726
872831
872911
872728
872720
872719
872695
872826
873060
872727
872712
872715
872472
872447
872446
872889
872849
872883
872852
872713
872832
873041
873006
872688
872825
872699
872702
872833
872733
872694
872717
872709
872685
872887
872676
872474
872478
872479
872449
872448
872470
872464
872457
872454
872451
872867
872455
872753
872759
872779
872706
872705
872704
872703
872701
872700
872698
872697
872696
872693
872691
872690
872689
872687
872686
872684
872683
872682
872680
872678
872677
872675
872674
872673
872671
872669
872668
872667
872666
872665
872664
872663
872662
872661
872948
872450
872444
872445
872480
872481
872919
873010
872456
872927
872925
872921
872920
872918
872917
872915
873001
873000
872999
872477
872508
872868
872876
873132
873123
873009
873008
872993
872990
872988
872966
872947
872930
872928
872912
872808
872453
872660
872659
872658
872657
872656
872654
872653
872651
872650
872649
872648
872647
872646
872645
872644
872643
872642
872641
872640
872639
872638
872637
872636
872634
872633
872632
872631
872630
872628
872627
872626
872625
872624
872623
872622
872621
872620
872619
872618
872617
872616
872615
872614
872613
872612
872611
872610
872609
872608
872607
872606
872605
872604
872603
872602
872601
872600
872599
872598
872597
873004
873003
873002
872596
872595
872594
872593
872592
872591
872590
872589
872588
872587
872586
872585
872584
872583
872582
872581
872580
872579
872578
872577
872576
872575
872574
872573
872572
872571
872570
872569
872568
872567
873134
873133
873131
873130
873129
873128
873127
873126
873124
873119
873118
873117
873116
873113
873112
873111
873110
873109
873108
873107
873106
873105
873104
873103
873102
873101
873100
873099
873097
873096
873095
873094
873091
873090
873088
873086
873084
873083
873082
873081
873080
873079
873077
873076
873075
873074
873072
873071
873070
873069
873068
873067
873066
873065
873064
873062
873059
873058
873057
873056
873055
873054
873053
873052
873051
873050
873049
873048
873047
873046
873045
873042
873040
873039
873038
873036
873035
873034
873033
873032
873031
873030
873029
873028
873027
873026
873025
873024
873023
873022
873021
873016
873011
872997
872996
872995
872994
872991
872989
872987
872986
872985
872984
872983
872982
872981
872980
872979
872978
872977
872976
872975
872974
872973
872972
872971
872970
872969
872968
872967
872965
872964
872963
872962
872960
872958
872957
872956
872955
872954
872952
872951
872949
872946
872945
872944
872943
872942
872941
872939
872938
872937
872936
872935
872933
872932
872931
872929
872926
872922
872923
872910
872909
872908
872907
872906
872905
872903
872901
872900
872899
872898
872897
872895
872894
872893
872892
872890
872886
872885
872884
872882
872881
872880
872878
872877
872875
872872
872871
872870
872869
872866
872865
872864
872863
872862
872860
872859
872858
872857
872856
872853
872851
872850
872847
872846
872845
872844
872843
872842
872841
872840
872829
872839
872835
872830
872828
872824
872823
872822
872819
872818
872817
872816
872815
872814
872813
872812
872811
872810
872809
872807
872806
872805
872804
872803
872802
872801
872800
872798
872797
872796
872795
872794
872793
872792
872791
872790
872789
872788
872787
872786
872785
872783
872782
872780
872778
872777
872776
872775
872774
872773
872772
872771
872770
872769
872768
872767
872766
872765
872764
872763
872762
872761
872760
872758
872757
872756
872655
872652
872755
872754
872752
872751
872750
872749
872748
872746
872745
872744
872743
872742
872741
872740
872739
872738
872737
872736
872734
872730
872724
872723
872722
872721
872708
872707
872566
872565
872564
872563
872562
872561
872560
872559
872558
872557
872556
872555
872554
872553
872552
872551
872550
872549
872548
872547
872546
872545
872544
872543
872542
872541
872540
872539
872538
872537
872635
872629
872536
872535
872534
872532
872530
872527
872523
872513
872512
872511
872510
872509
872506
872505
872504
872503
872502
872501
872500
872499
872498
872497
872496
872495
872494
872493
872492
872491
872490
872489
872488
872487
872486
872485
872484
872483
872482
872476
872475
872473
872471
872469
872467
872466
872465
872463
872462
872461
872460
872459
872458
872452
