787373
787374
787372
787366
787444
787395
787396
787698
787656
787696
787809
787758
787755
787754
787749
787745
787742
787752
787751
787757
787744
787740
787738
787409
787407
787405
787743
787732
787750
787746
787734
787741
787753
787756
787748
787747
787739
787733
787414
787415
787410
787412
787378
787388
787528
787526
787671
787670
787669
787668
787666
787665
787663
787664
787618
787876
787875
787874
787873
787872
787871
787870
787869
787868
787867
787866
787865
787864
787863
787862
787860
787859
787544
787545
787546
787548
787549
787550
787551
787553
787555
787556
787557
787559
787560
787561
787564
787567
787568
787569
787570
787572
787574
787575
787577
787578
787579
787580
787581
787582
787583
787584
787585
787588
787590
787591
787593
787594
787595
787596
787597
787598
787599
787600
787601
787603
787604
787605
787606
787607
787608
787609
787610
787612
787858
787857
787856
787855
787854
787853
787852
787851
787850
787849
787848
787847
787846
787845
787844
787843
787842
787841
787840
787839
787837
787836
787835
787834
787833
787832
787831
787827
787829
787828
787830
787826
787825
787824
787823
787821
787818
787817
787816
787815
787814
787813
787812
787811
787810
787808
787807
787806
787805
787804
787803
787802
787801
787800
787799
787798
787797
787796
787795
787794
787793
787792
787791
787790
787789
787788
787787
787786
787785
787784
787783
787782
787781
787780
787779
787778
787777
787776
787775
787774
787773
787772
787771
787770
787769
787768
787767
787766
787765
787764
787763
787762
787761
787760
787759
787737
787736
787735
787731
787728
787727
787726
787725
787724
787723
787722
787721
787720
787719
787718
787717
787539
787538
787537
787536
787534
787533
787532
787531
787529
787527
787525
787524
787523
787716
787715
787714
787713
787711
787710
787709
787708
787707
787706
787705
787704
787703
787702
787701
787700
787699
787695
787623
787694
787693
787692
787691
787690
787689
787688
787687
787686
787685
787684
787683
787681
787680
787679
787678
787677
787676
787673
787672
787667
787662
787661
787660
787659
787658
787657
787655
787654
787653
787652
787651
787650
787649
787648
787647
787646
787645
787644
787643
787642
787641
787640
787639
787638
787637
787636
787635
787634
787633
787632
787630
787629
787628
787627
787626
787625
787624
787622
787621
787620
787619
787617
787614
787616
787615
787613
787611
787602
787592
787589
787587
787586
787576
787573
787571
787565
787562
787558
787554
787552
787547
787543
787541
787540
787535
787530
787522
787521
787520
787519
787518
787517
787516
787515
787514
787513
787512
787511
787510
787509
787508
787507
787464
787471
787470
787469
787465
787462
787461
787506
787505
787504
787503
787502
787501
787500
787499
787498
787497
787496
787495
787494
787493
787492
787491
787490
787489
787488
787487
787486
787485
787484
787483
787482
787481
787480
787479
787478
787477
787476
787475
787474
787473
787472
787467
787466
787463
787460
787459
787458
787457
787456
787455
787454
787453
787452
787451
787448
787447
787446
787445
787443
787442
787441
787440
787439
787438
787437
787436
787435
787434
787433
787432
787431
787429
787428
787427
787426
787425
787424
787423
787422
787421
787420
787418
787417
787416
787413
787411
787408
787406
787404
787403
787402
787401
787400
787399
787398
787397
787394
787392
787391
787390
787389
787387
787386
787385
787384
787383
787382
787381
787380
787379
787377
787376
787375
787371
787370
787369
787368
787367
787365
787364
787363
787362
787361
787360
787359
787358
787357
787356
787355
787354
787353
787352
787351
787350
787349
787348
787347
787346
787345
787344
787343
787342
787341
787340
787339
787338
787337
787336
787335
787334
787333
