875217
875214
875215
875216
875488
875512
875531
875550
875552
875555
875565
875567
875574
875576
875579
875582
875586
875589
875591
875619
875620
875622
875655
875656
875657
875658
875659
875660
875661
875662
875663
875664
875157
875678
875681
875682
875683
875687
875688
875430
875428
875382
875347
875297
875288
875301
875343
875286
875684
875691
875690
875695
875694
875686
875677
875284
875391
875349
875298
875299
875429
875427
875333
875287
875348
875379
875282
875346
875295
875345
875281
875699
875698
875697
875693
875692
875685
875680
875676
875377
875344
875294
875600
875596
875593
875592
875573
875640
875641
875341
875338
875340
875721
875720
875711
875710
875603
875602
875595
875594
875581
875599
875590
875583
875580
875604
875601
875598
875597
875588
875585
875578
875577
875229
875228
875727
875725
875723
875722
875719
875717
875708
875706
875653
875728
875649
875712
875714
875715
875650
875709
875707
875651
875335
875336
875337
875730
875705
875162
875634
875163
875199
875159
875635
875636
875517
875587
875575
875564
875551
875549
875519
875504
875503
875502
875499
875186
875185
875184
875164
875169
875172
875174
875153
875320
875318
875227
875226
875225
875230
875161
875361
875441
875559
875560
875561
875235
875606
875293
875463
875645
875242
875244
875283
875285
875166
875729
875716
875713
875704
875703
875702
875701
875700
875696
875689
875679
875675
875674
875673
875672
875671
875670
875669
875668
875667
875666
875654
875652
875648
875647
875646
875644
875643
875642
875639
875638
875637
875633
875632
875631
875630
875629
875628
875627
875626
875625
875624
875623
875621
875618
875615
875614
875613
875612
875611
875617
875610
875616
875609
875608
875607
875605
875584
875572
875571
875570
875569
875568
875563
875562
875558
875557
875556
875554
875553
875548
875547
875546
875545
875544
875542
875541
875540
875539
875538
875537
875536
875535
875534
875533
875532
875530
875529
875528
875527
875526
875525
875524
875523
875522
875521
875520
875518
875516
875515
875514
875511
875510
875509
875508
875507
875506
875505
875501
875500
875498
875497
875496
875495
875494
875493
875492
875491
875490
875487
875486
875485
875484
875483
875482
875481
875480
875479
875478
875477
875476
875475
875474
875473
875472
875471
875470
875469
875468
875467
875466
875465
875464
875462
875460
875459
875458
875457
875456
875455
875454
875453
875452
875451
875450
875449
875448
875447
875446
875445
875444
875443
875442
875440
875439
875438
875437
875436
875435
875434
875433
875432
875431
875426
875425
875424
875423
875422
875421
875418
875417
875416
875415
875414
875413
875412
875410
875409
875408
875407
875406
875405
875404
875403
875402
875401
875400
875399
875398
875397
875396
875395
875394
875393
875392
875390
875389
875388
875387
875386
875385
875384
875383
875381
875380
875378
875376
875375
875374
875373
875372
875371
875370
875369
875368
875367
875366
875365
875364
875363
875362
875359
875358
875357
875356
875355
875353
875352
875351
875350
875342
875339
875334
875332
875331
875330
875329
875328
875327
875326
875325
875324
875323
875322
875321
875317
875316
875315
875314
875313
875312
875310
875309
875308
875307
875306
875305
875304
875303
875302
875300
875296
875292
875291
875290
875289
875280
875279
875278
875277
875276
875275
875274
875273
875272
875271
875269
875268
875267
875266
875265
875264
875238
875237
875263
875236
875262
875261
875260
875259
875258
875257
875256
875255
875254
875253
875252
875251
875250
875249
875248
875247
875246
875245
875243
875241
875240
875239
875234
875233
875232
875231
875224
875223
875222
875221
875220
875219
875218
875212
875211
875210
875209
875208
875207
875206
875205
875204
875203
875202
875201
875200
875198
875197
875196
875195
875194
875193
875192
875191
875190
875189
875188
875187
875183
875182
875181
875180
875179
875178
875177
875176
875175
875173
875171
875170
875168
875167
875165
875160
875158
875156
875155
875154
875152
875151
875150
875149
875148
