858579
858575
858574
858573
858570
858569
858582
858581
858578
858577
858572
858566
858565
858563
858562
858560
858558
859105
859107
859106
859104
859103
858571
858576
858580
858557
858553
858547
858568
858567
858564
858556
858552
858555
858554
858561
858559
858551
858546
858548
858550
858549
858545
859221
858725
858667
858669
858672
858629
858766
858647
858615
858611
858609
858608
859026
858621
858614
858613
858622
858617
858646
858668
859028
858770
858764
858671
858675
858645
858626
858620
858616
858612
858610
858544
858543
858542
858540
859027
859114
858674
859017
858673
858536
858477
858476
858812
858481
858480
858519
858515
858508
858507
858474
858467
859182
859157
858487
858486
858489
858488
858491
858535
858511
858514
858526
858522
858468
858469
858473
858472
858959
858955
859196
859195
859194
859193
859192
859191
859190
859189
859188
859187
859186
859185
859184
859183
858666
858665
858664
858663
858434
859181
859180
859179
859176
859152
859151
859150
859149
859148
859147
859175
859165
859164
859160
858531
858529
858444
858442
858452
858483
859146
859145
859144
859143
859142
859141
859140
859139
859138
859137
859136
859134
859133
859132
859174
859173
859172
859171
859169
859167
859166
859163
859159
859154
859158
858433
858432
858431
858430
858429
858428
858427
858426
858425
858424
858530
858510
858447
858466
858465
858438
858437
858534
858532
858454
858453
858448
858450
859156
859130
859129
859128
859127
859126
859124
859122
859121
859119
859117
859084
858517
858518
858470
858471
858463
858462
858479
858478
858461
858460
858440
858439
859116
859083
859080
859079
859078
859077
859076
858505
858504
858503
858501
858500
858699
858726
858876
858628
858829
858499
858496
858495
858494
858493
859120
859115
859113
859118
859075
858502
858498
858497
858492
858937
858938
858939
858940
858941
858942
858943
858944
858945
858946
858947
858948
858949
858950
858951
858952
858960
858962
858963
858964
858965
858966
858967
858969
858970
858971
858972
858973
858974
858975
858976
858977
858979
858980
858981
858982
858983
858984
858985
858986
858987
858988
858989
858990
858991
858992
858993
858994
858995
858996
858997
858999
859000
859002
859003
859004
859005
859006
859007
859008
859009
859010
859011
859012
859013
859014
859015
859016
859018
859019
859020
859021
859022
859024
859025
859029
859030
859031
859032
859033
859034
859035
859036
859037
859038
859039
859040
859041
859042
859043
859044
859045
859046
859047
859048
859049
859050
859051
859052
859053
858445
858446
858449
858451
858455
858456
858851
858852
858853
858855
858856
858857
858858
858859
858861
858862
858863
858864
858865
858866
858867
858868
858869
858870
858871
858872
858873
858874
858878
858879
858880
858881
858882
858883
858884
858885
858886
858887
858888
858889
858890
858891
858892
858893
858894
858895
858896
858897
858898
858899
858900
858901
858902
858903
858904
858905
858906
858907
858908
858909
858910
858911
858914
858915
858916
858917
858918
858919
858920
858921
858922
858923
858925
858926
858927
858928
858929
858930
858931
858932
858933
858935
858936
859226
859225
859224
859223
859222
859220
859219
859218
859217
859216
859215
859214
859213
859212
859211
858998
859210
859209
859208
859207
859206
859205
859204
859203
859202
859201
859200
859199
859198
859197
859178
859177
859170
859168
859162
859161
859155
859153
859135
859131
859125
859123
859112
859111
859110
859109
859108
859101
859100
859099
859098
859097
859096
859095
859094
859093
859092
859091
859090
859089
858954
858957
858958
859088
859087
859082
859081
859086
859085
858956
858961
858968
859074
859073
859072
859071
859070
859069
859067
859066
859065
859063
859062
859061
859060
859059
859058
859057
859056
859055
859054
859023
859001
858978
858953
858934
858924
858913
858912
858877
858875
858854
858850
858849
858848
858847
858846
858845
858844
858843
858842
858841
858840
858839
858838
858837
858836
858835
858833
858832
858831
858828
858827
858826
858825
858824
858822
858821
858820
858819
858818
858817
858816
858815
858814
858811
858810
858809
858807
858806
858805
858804
858803
858802
858800
858799
858798
858797
858796
858795
858794
858793
858792
858791
858790
858789
858788
858787
858786
858785
858784
858783
858782
858781
858780
858779
858778
858777
858776
858775
858774
858773
858772
858771
858769
858768
858767
858765
858763
858761
858760
858759
858758
858757
858756
858755
858754
858753
858752
858751
858750
858749
858748
858747
858746
858745
858744
858743
858742
858741
858740
858739
858737
858736
858735
858734
858733
858732
858731
858730
858729
858724
858723
858722
858721
858720
858719
858718
858717
858715
858713
858710
858709
858707
858706
858705
858702
858701
858700
858698
858697
858633
858634
858635
858638
858640
858696
858695
858694
858693
858692
858690
858689
858688
858687
858686
858685
858684
858682
858643
858681
858641
858639
858680
858679
858677
858676
858670
858662
858661
858660
858659
858657
858655
858654
858653
858652
858651
858650
858649
858648
858644
858632
858631
858636
858637
858642
858630
858627
858625
858624
858623
858618
858607
858606
858605
858604
858603
858602
858601
858600
858599
858598
858597
858596
858595
858594
858593
858592
858591
858590
858589
858588
858587
858586
858541
858539
858538
858537
858533
858528
858527
858525
858524
858523
858521
858509
858506
858516
858513
858512
858485
858484
858482
858475
858459
858458
858457
858443
858441
858436
858435
858421
858420
858419
858417
858416
858415
858414
858413
858412
858411
858410
858409
858408
858407
858406
858405
858404
858403
858402
858401
858400
858399
858398
858397
858396
