754178
754177
754176
754175
754179
754406
754423
754243
754409
754408
754407
754229
754245
754405
754321
754322
754320
754303
754301
754300
754298
754297
754295
754294
754404
754227
754244
754323
754327
754326
754325
754163
754240
754332
754364
754365
754399
754437
754200
754201
754202
754203
754313
754316
754319
754440
754441
754442
754443
754444
754445
754446
754447
754448
754449
754450
754451
754452
754453
754454
754455
754456
754457
754458
754459
754460
754461
754462
754463
754464
754465
754466
754467
754468
754469
754470
754471
754472
754473
754474
754475
754476
754477
754478
754479
754480
754481
754482
754483
754484
754485
754486
754487
754488
754489
754490
754491
754492
754493
754494
754495
754496
754497
754498
754499
754500
754501
754502
754503
754504
754505
754506
754507
754508
754509
754510
754511
754512
754513
754514
754515
754516
754517
754518
754519
754520
754521
754522
754523
754524
754525
754526
754527
754528
754529
754530
754531
754532
754533
754534
754535
754536
754537
754538
754539
754540
754541
754542
754543
754544
754545
754546
754547
754548
754549
754550
754551
754552
754553
754554
754555
754556
754557
754558
754559
754560
754561
754562
754563
754564
754565
754439
754312
754311
754567
754566
754438
754436
754435
754434
754433
754432
754431
754430
754429
754428
754427
754426
754425
754424
754422
754421
754418
754417
754416
754415
754414
754413
754412
754411
754410
754403
754402
754401
754400
754398
754397
754396
754395
754394
754393
754392
754391
754390
754389
754388
754387
754386
754385
754384
754383
754382
754381
754380
754379
754378
754377
754376
754375
754374
754373
754372
754371
754370
754369
754368
754367
754366
754363
754362
754361
754360
754359
754358
754357
754356
754355
754354
754353
754352
754351
754350
754349
754348
754347
754346
754345
754344
754343
754342
754341
754339
754338
754337
754336
754335
754334
754333
754331
754330
754329
754328
754324
754318
754317
754315
754314
754310
754309
754308
754306
754304
754302
754299
754296
754293
754292
754291
754290
754289
754288
754287
754286
754285
754284
754283
754282
754281
754280
754278
754277
754276
754275
754274
754273
754272
754270
754154
754269
754268
754267
754155
754266
754265
754264
754263
754262
754249
754250
754251
754252
754254
754256
754257
754258
754259
754260
754261
754255
754253
754248
754247
754242
754241
754237
754162
754236
754235
754234
754233
754232
754231
754230
754228
754226
754225
754224
754223
754222
754221
754220
754219
754218
754217
754216
754215
754156
754214
754213
754212
754211
754210
754209
754208
754207
754206
754205
754204
754199
754198
754197
754196
754195
754194
754192
754191
754190
754189
754188
754187
754186
754185
754184
754183
754182
754181
754180
754174
754173
754172
754171
754170
754169
754168
754167
754166
754165
754164
754161
754159
754158
754157
754153
754152
754151
754150
754149
754148
754147
754146
754145
754144
