773144
772712
772927
772941
772828
772887
773034
773033
773024
773053
773035
773032
773027
772809
772802
772799
772798
772797
772806
772951
772996
772805
773160
773159
773158
773157
773156
773155
773154
773152
773151
773149
773147
773146
773145
773143
773142
773141
773140
773139
773138
773137
773136
773135
773134
773133
773132
773130
773129
773128
773127
773126
773125
773124
773123
773122
773121
773120
773119
773118
773117
773116
773115
773114
773113
773112
773111
773110
773109
773108
773107
773106
773105
773104
773103
773102
773101
773100
773099
773098
773097
773096
773095
773094
773093
773092
773091
773090
773089
773088
773087
773086
773085
773084
773083
773082
773081
773080
773079
773078
773077
773076
773075
773073
773072
773071
773069
773068
773067
773066
773065
773064
773063
773062
773061
773060
773058
773057
773056
773055
773054
773052
773051
773050
773049
773048
773046
773045
773044
773043
773042
773040
773039
773038
773037
773036
773031
773029
773028
773026
773025
773023
773022
773021
773020
773018
773017
773016
773015
773014
773012
773011
773010
773009
773008
773007
773006
773005
773004
773003
773002
773001
773000
772999
772998
772997
772995
772994
772993
772992
772991
772989
772988
772987
772985
772984
772983
772982
772981
772980
772979
772978
772977
772976
772975
772974
772973
772972
772971
772970
772969
772968
772967
772966
772965
772964
772963
772962
772961
772960
772959
772958
772954
772953
772952
772950
772949
772948
772947
772946
772945
772944
772943
772942
772940
772939
772938
772937
772936
772935
772934
772933
772932
772931
772930
772929
772928
772926
772925
772924
772923
772922
772921
772920
772919
772918
772917
772916
772915
772914
772913
772912
772911
772910
772909
772908
772907
772906
772904
772903
772902
772901
772900
772899
772898
772897
772896
772895
772894
772893
772892
772891
772890
772889
772888
772886
772885
772884
772883
772882
772881
772880
772879
772878
772877
772876
772875
772874
772873
772872
772871
772870
772869
772868
772867
772866
772865
772864
772863
772862
772861
772860
772859
772858
772857
772855
772854
772853
772852
772851
772850
772849
772848
772847
772846
772845
772844
772843
772842
772841
772840
772839
772838
772837
772836
772835
772834
772833
772832
772831
772830
772829
772827
772826
772825
772824
772823
772822
772821
772820
772819
772818
772817
772816
772815
772814
772813
772812
772811
772810
772808
772807
772804
772803
772801
772800
772796
772794
772793
772792
772791
772790
772789
772788
772787
772786
772785
772784
772783
772782
772781
772780
772779
772778
772777
772776
772775
772774
772773
772772
772771
772770
772768
772767
772766
772765
772764
772763
772762
772761
772760
772759
772758
772757
772756
772755
772754
772753
772752
772751
772750
772749
772748
772747
772746
772745
772744
772743
772742
772741
772740
772739
772736
772735
772734
772733
772732
772731
772730
772729
772728
772727
772726
772725
772724
772723
772722
772721
772720
772719
772718
772717
772715
772714
772713
772711
772710
772709
772708
