934979
935072
935045
934809
934810
934811
934812
934813
934814
934815
934817
934818
934819
934820
934821
934822
934737
934736
934735
934734
935071
935036
935033
935078
935035
934890
935093
935092
935087
935091
935099
935086
934887
935008
934994
935085
934995
934886
935014
935090
935016
935089
935084
934889
935037
935088
935083
935013
934996
935032
935002
934993
934885
934808
934807
934806
934805
934804
934803
934802
934801
934800
934799
934782
934777
934776
934774
934728
934828
934829
934830
934831
934832
934833
934834
934835
934836
934837
934838
934839
934840
934841
934842
934843
934780
934793
934794
934914
934913
934912
934910
934969
934973
935105
935107
935104
935103
935101
935127
935126
934756
935124
935123
935122
935121
935120
935119
935118
935117
935116
935115
935114
935113
935109
935108
935110
935106
935102
935112
935100
935098
935097
935096
935094
935082
935081
935080
935079
935077
935067
935066
935065
935062
935061
935060
935059
935058
935057
935056
935055
935054
935053
935052
935051
935050
935049
935048
935047
935046
935044
935043
935042
935041
935040
935039
935038
935034
935030
935029
935028
935027
935026
935025
935020
935012
935011
935010
935009
935007
935006
935005
935004
935003
935001
935000
934999
934998
934997
934991
934990
934989
934988
934987
934986
934985
934984
934983
934982
934981
934978
934977
934976
934975
934972
934971
934970
934968
934967
934966
934965
934964
934963
934962
934961
934960
934959
934958
934957
934956
934955
934954
934953
934952
934951
934950
934949
934948
934947
934946
934945
934944
934943
934942
934941
934940
934939
934938
934937
934936
934935
934934
934933
934932
934931
934930
934929
934928
934927
934926
934925
934924
934923
934922
934921
934920
934919
934918
934917
934916
934915
934905
934907
934906
934908
934899
934897
934893
934891
934898
934911
934909
934901
934902
934903
934904
934900
934895
934894
934892
934888
934884
934883
934882
934879
934878
934877
934876
934875
934874
934873
934872
934871
934870
934869
934868
934867
934866
934865
934864
934863
934862
934861
934860
934859
934858
934857
934856
934855
934854
934853
934852
934851
934850
934849
934848
934846
934845
934844
934827
934826
934825
934824
934823
934816
934798
934797
934796
934792
934791
934790
934789
934787
934786
934784
934783
934779
934775
934773
934772
934771
934770
934769
934768
934767
934766
934765
934764
934763
934762
934761
934755
934751
934749
934748
934747
934746
934745
934744
934743
934742
934741
934740
934739
934738
934733
934732
934731
934730
934729
