759092
759091
759099
758846
758839
759084
758842
758840
758845
758841
758843
758847
758838
758836
758835
758833
758844
758837
758831
758740
758749
758718
758717
758745
758758
758713
758777
758787
758882
758883
758887
758888
758974
758981
758982
758983
759022
758762
758747
759111
759108
759107
759109
759112
759110
759106
758746
759119
759118
759117
758999
758993
758992
758988
759115
759113
758987
758995
758996
758997
758998
759105
759104
759103
759102
759101
759100
759098
759097
759096
759095
759090
759089
758994
758991
758989
759086
759082
759080
759079
759078
759077
759076
759064
759063
759060
759075
759074
759073
759072
759071
759070
759069
759068
759067
759066
759065
759062
759061
759059
759058
759057
759056
758923
758934
758930
758927
759055
759054
759053
759052
759051
759050
759049
759048
759047
759046
759045
759044
759043
759042
759041
759040
759039
759038
759037
759036
759035
759034
759033
759032
759031
759030
758938
758933
758926
758925
759028
759027
759026
759025
759024
759023
759021
759020
759019
759018
759017
759015
759014
759013
759012
759010
759009
759008
759007
759006
759005
759004
759003
759002
759001
759000
758939
758941
758990
758986
758931
758928
758985
758984
758980
758979
758978
758977
758976
758975
758935
758932
758973
758968
758966
758965
758964
758963
758962
758961
758960
758959
758958
758957
758956
758955
758954
758953
758952
758951
758950
758949
758948
758947
758946
758945
758944
758942
758940
758937
758929
758924
758922
758921
758920
758919
758918
758917
758916
758915
758914
758913
758912
758911
758910
758909
758908
758907
758906
758905
758904
758903
758902
758901
758900
758899
758898
758897
758896
758895
758894
758893
758892
758891
758890
758889
758886
758885
758884
758881
758880
758879
758878
758877
758876
758863
758862
758875
758874
758873
758872
758871
758870
758869
758868
758867
758866
758865
758864
758861
758860
758859
758858
758857
758856
758855
758854
758853
758852
758851
758850
758849
758848
758834
758832
758830
758829
758828
758827
758826
758825
758824
758823
758822
758821
758820
758819
758818
758817
758816
758815
758814
758813
758812
758811
758810
758809
758808
758807
758806
758805
758804
758803
758802
758801
758800
758799
758797
758796
758795
758794
758793
758792
758791
758790
758789
758786
758785
758784
758783
758782
758781
758780
758779
758778
758776
758775
758774
758773
758772
758771
758770
758769
758768
758767
758766
758765
758764
758763
758761
758759
758756
758755
758753
758752
758751
758750
758748
758744
758743
758742
758741
758739
758738
758737
758736
758735
758734
758733
758732
758731
758730
758729
758728
758727
758726
758725
758724
758723
758722
758721
758720
758719
758716
758715
758714
758712
758711
758710
758709
758708
758707
758706
758705
