725445
725262
725242
725241
725137
725127
725128
725244
725098
725094
725136
725065
725060
725097
725116
725088
724973
724972
725130
725134
725240
725063
725061
724971
725104
725066
725058
725339
725342
725341
725340
725338
725337
725336
725335
725334
725333
725332
725331
725330
725329
725328
725327
725326
725325
725324
725323
725322
725315
725314
725313
725312
725311
725310
725309
725152
725151
725150
725149
725148
725147
725146
725145
725144
725143
725142
725141
725140
725007
725006
725005
725004
725003
725001
724998
724996
724992
724991
724990
724989
725135
725122
725112
724986
724985
724984
724983
724982
724981
724980
724979
724978
724977
724976
724975
724974
724970
724969
724968
724967
724966
724964
724963
724962
724960
724959
724958
724957
724956
724955
724954
724953
724952
724951
724950
724949
724948
724947
724945
724943
724900
724899
724898
724897
724896
724895
724894
725129
724893
724892
724891
724890
724889
724888
724887
724886
724885
724884
724881
724880
724879
724869
724868
724867
724866
724865
724864
724863
724862
724861
724860
724859
724858
724857
724856
724855
724854
724853
724852
724851
724850
724849
724848
724847
724846
724845
724844
724843
724842
724841
724840
725033
725032
725220
725219
725218
725217
725059
725214
725216
725215
725212
725211
725210
725209
725208
725207
725452
725429
725427
725428
725424
725426
725425
725423
725422
725421
725420
725419
725418
725417
725416
725415
725414
725413
725412
725411
725410
725409
725408
725407
725406
725405
725404
725403
724763
725119
725124
725195
725441
725187
725191
725259
725246
725247
725359
725454
725453
725451
725449
725448
725447
725446
725443
725442
725440
725439
725437
725402
725401
725400
725399
725397
725394
725393
725392
725390
725434
725433
725431
725430
725398
725395
725391
725389
725387
725385
725382
725380
725379
725378
725377
725373
725372
725371
725369
725368
725367
725366
725364
725363
725362
725361
725360
725357
725355
725354
725352
725350
725348
725346
725345
725344
725343
725321
725320
725319
725318
725317
725316
725308
725307
725306
725304
725303
725302
725301
725300
725299
725298
725297
725296
725295
725294
725293
725292
725291
725290
725289
725288
725287
725286
725285
725284
725283
725281
725280
725279
725278
725277
725276
725272
725270
725269
725268
725267
725266
725265
725263
725261
725260
725258
725256
725255
725254
725252
725251
725249
725275
725274
725273
725271
725264
725257
725253
725250
725245
725243
725239
725238
725237
725236
725235
725234
725233
725232
725231
725230
725229
725228
725227
725226
725225
725224
725223
725222
725221
725206
725205
725202
725200
725199
725198
725197
725196
725193
725192
725190
725189
725188
725186
725185
725184
725183
725182
725181
725180
725179
725178
725177
725176
725175
725174
725173
725172
725171
725170
725169
725168
725167
725166
725165
725164
725163
725162
725161
725160
725159
725158
725156
725154
725153
725139
725138
725133
725132
725131
725125
725123
725121
725120
725118
725117
725115
725114
725113
725111
725110
725109
725108
725064
725107
725106
725053
725105
725103
725102
725101
725100
725099
725096
725095
725092
725091
725090
724771
724778
725044
725070
725074
725089
725087
725086
725085
725084
725083
725082
725081
725080
725079
725078
725077
725076
725075
725073
725071
725069
725068
725062
725057
725056
725055
725054
725052
725051
725049
725048
725047
725046
725045
725043
725042
725041
725040
725039
725038
725037
725036
725035
725034
725031
725030
725029
725028
725027
725026
725025
725024
725023
725021
725019
725018
725014
725013
725012
725011
725010
725009
725008
725002
725000
724999
724997
724995
724994
724993
724988
724987
724965
724961
724946
724944
724942
724941
724940
724939
724938
724937
724936
724935
724934
724933
724932
724931
724930
724929
724928
724927
724925
724924
724922
724921
724920
724919
724918
724917
724916
724915
724914
724913
724912
724911
724910
724909
724908
724907
724906
724905
724903
724902
724901
724883
724882
724878
724877
724876
724875
724874
724873
724872
724871
724870
724839
724838
724837
724836
724835
724834
724833
724832
724831
724830
724829
724828
724827
724825
724824
724823
724822
724821
724820
724819
724818
724817
724816
724815
724814
724813
724812
724811
724810
724809
724808
724807
724806
724805
724804
724803
724802
724801
724800
724799
724798
724797
724796
724795
724794
724793
724792
724791
724790
724789
724788
724787
724786
724785
724784
724782
724781
724780
724779
724777
724776
724775
724774
724773
724772
724770
724769
724768
724767
724766
724764
724765
