790371
790370
790368
790367
790373
790374
790372
790168
790166
790167
790165
790424
790178
790174
790173
790164
790162
790161
790179
790159
790157
790153
790160
790158
790186
790096
790217
790271
790314
790379
790420
790341
790342
790343
790259
790258
790256
790248
790245
790057
790058
790059
790060
790061
790062
790063
790064
790065
790066
790067
790068
790069
790070
790071
790072
790073
790074
790075
790076
790077
790078
790079
790080
790081
790082
790083
790084
790085
790086
790087
790088
790089
790090
790091
790092
790093
790451
790450
790400
790401
790402
790403
790404
790405
790406
790408
790409
790411
790412
790413
790455
790454
790453
790452
790449
790448
790447
790446
790430
790428
790427
790429
790431
790432
790442
790441
790436
790434
790435
790438
790443
790433
790444
790440
790445
790439
790437
790425
790423
790422
790421
790328
790329
790330
790331
790333
790336
790419
790418
790417
790416
790415
790414
790410
790407
790399
790398
790393
790392
790391
790390
790389
790388
790387
790386
790385
790384
790383
790382
790381
790380
790378
790377
790366
790365
790364
790376
790375
790335
790334
790369
790363
790362
790355
790353
790352
790351
790349
790347
790346
790345
790344
790340
790339
790338
790337
790327
790326
790325
790324
790323
790322
790321
790320
790319
790318
790317
790315
790313
790312
790311
790310
790309
790308
790307
790306
790304
790303
790302
790301
790300
790299
790298
790297
790296
790295
790294
790293
790292
790291
790290
790289
790288
790287
790286
790285
790284
790283
790282
790281
790280
790279
790278
790277
790276
790275
790274
790273
790270
790269
790268
790267
790266
790265
790262
790260
790255
790254
790253
790252
790251
790116
790250
790249
790247
790246
790244
790243
790242
790241
790240
790239
790238
790237
790236
790235
790234
790233
790232
790231
790230
790229
790228
790227
790226
790225
790224
790223
790222
790221
790220
790219
790218
790216
790215
790214
790213
790212
790211
790210
790209
790208
790207
790206
790205
790204
790203
790202
790201
790200
790199
790198
790197
790196
790195
790194
790193
790192
790191
790190
790189
790188
790187
790185
790184
790183
790182
790181
790180
790177
790176
790175
790172
790171
790169
790163
790156
790152
790151
790150
790149
790148
790147
790146
790145
790144
790143
790142
790141
790140
790139
790138
790137
790135
790134
790133
790132
790131
790130
790129
790128
790127
790126
790125
790124
790123
790122
790121
790120
790119
790118
790117
790115
790114
790113
790112
790111
790110
790108
790107
790106
790105
790104
790103
790101
790100
790099
790098
790097
790095
790056
790055
790052
790051
790050
790048
790047
790046
790045
790043
790041
790040
790039
790038
790037
790036
790035
790034
790033
790032
790031
790030
790029
790028
790027
790026
790025
790024
790023
790022
790021
790020
790019
790018
790017
790016
