733283
733378
733273
733261
733097
733266
733239
733221
733282
733376
733279
733264
733377
733237
733280
733375
733272
733262
733265
733127
733128
733129
733130
733131
733132
733133
733134
733135
733136
733137
733138
733139
733140
733141
733142
733143
733144
733145
733146
733147
733148
733149
733150
733151
733152
733153
733154
733155
733156
733157
733158
733159
733160
733161
733162
733163
733164
733165
733166
733167
733168
733169
733170
733171
733172
733173
733174
733175
733176
733177
733178
733179
733180
733181
733182
733490
733489
733488
733487
733486
733485
733484
733483
733482
733481
733480
733394
733395
733396
733397
733400
733407
733479
733476
733205
733278
733295
733297
733349
733350
733399
733406
733472
733473
733474
733478
733475
733471
733469
733451
733449
733446
733443
733441
733438
733435
733434
733433
733431
733432
733430
733429
733428
733426
733425
733422
733421
733424
733423
733427
733468
733467
733466
733465
733464
733463
733462
733461
733460
733447
733442
733437
733439
733456
733459
733458
733457
733453
733454
733452
733450
733448
733445
733444
733440
733436
733455
733420
733419
733418
733417
733415
733414
733413
733412
733411
733410
733408
733405
733404
733403
733402
733401
733398
733393
733392
733391
733390
733389
733388
733386
733385
733384
733383
733382
733381
733380
733379
733374
733373
733372
733371
733370
733369
733368
733367
733366
733365
733364
733363
733362
733361
733360
733359
733358
733357
733356
733355
733354
733353
733352
733336
733348
733347
733346
733345
733344
733343
733342
733341
733340
733339
733337
733338
733335
733333
733332
733331
733330
733329
733328
733327
733326
733325
733324
733323
733322
733321
733320
733319
733317
733316
733315
733314
733313
733312
733311
733310
733309
733308
733307
733306
733305
733304
733303
733302
733301
733300
733299
733298
733296
733294
733293
733292
733291
733290
733289
733288
733287
733286
733285
733284
733281
733277
733276
733275
733274
733271
733270
733269
733268
733267
733260
733259
733258
733257
733256
733255
733253
733252
733251
733250
733249
733247
733246
733245
733244
733243
733240
733236
733235
733234
733233
733232
733231
733230
733229
733228
733227
733226
733225
733224
733223
733222
733220
733219
733218
733216
733215
733214
733213
733212
733211
733210
733209
733208
733207
733206
733204
733203
733202
733201
733200
733199
733198
733197
733196
733195
733194
733193
733192
733191
733190
733189
733188
733187
733186
733185
733184
733183
733126
733125
733123
733122
733121
733120
733119
733118
733117
733086
733116
733115
733114
733113
733112
733111
733110
733109
733108
733107
733106
733105
733104
733103
733102
733101
733100
733099
733098
733096
733095
733094
733093
733092
733091
733090
733089
733088
733087
733085
733084
