824900
824884
824937
824894
824666
824670
824671
824665
824662
824661
824682
824673
824679
824664
824669
824672
824590
824600
824597
824588
824585
824680
824683
824595
824582
824676
824674
824663
824767
824629
824626
824685
824678
824681
824675
824617
824614
824646
824603
824596
824594
824592
824586
824581
824567
824627
824625
824628
824696
824695
824688
824618
824612
824599
824598
824580
824576
824589
824689
824677
824693
824691
824587
824584
824583
824574
824732
824773
824775
824778
824798
824877
824878
824879
824880
824571
824570
824578
824934
824932
824690
824692
824686
824579
824577
824575
824568
824607
824606
824883
824831
824829
824826
824824
824823
824818
824812
824811
824809
824808
824789
824787
824882
824864
824862
824860
824806
824805
824799
824797
824796
824795
824794
824793
824791
824790
824510
824509
824508
824507
824506
824471
824469
824422
824421
824420
824446
824444
824439
824437
824450
824449
824447
824694
824687
824684
824433
824435
824431
824403
824935
824931
824402
824929
824925
824922
824902
824892
824890
824887
824936
824933
824930
824928
824927
824924
824921
824903
824901
824899
824898
824897
824896
824895
824893
824891
824889
824888
824886
824885
824948
824947
824946
824945
824944
824943
824942
824941
824940
824939
824938
824926
824923
824920
824919
824918
824917
824916
824915
824914
824913
824912
824910
824909
824908
824907
824906
824905
824904
824881
824874
824876
824873
824872
824871
824870
824869
824868
824867
824866
824865
824863
824861
824859
824858
824857
824856
824855
824854
824853
824851
824850
824849
824804
824830
824828
824827
824846
824845
824844
824843
824836
824835
824834
824833
824832
824813
824803
824802
824801
824800
824817
824816
824815
824814
824842
824841
824839
824838
824837
824848
824785
824784
824781
824847
824840
824825
824822
824821
824819
824810
824807
824792
824788
824786
824783
824782
824780
824779
824777
824776
824774
824772
824771
824770
824769
824768
824766
824765
824764
824763
824762
824761
824760
824759
824757
824755
824754
824753
824752
824751
824750
824749
824748
824747
824746
824745
824744
824742
824740
824739
824738
824737
824736
824735
824734
824733
824731
824730
824729
824728
824727
824726
824725
824724
824723
824722
824721
824720
824719
824718
824717
824716
824715
824714
824713
824712
824711
824710
824709
824708
824707
824706
824705
824704
824703
824702
824701
824700
824699
824698
824697
824668
824667
824660
824659
824658
824657
824656
824655
824654
824653
824652
824651
824650
824649
824648
824647
824645
824644
824643
824642
824641
824640
824639
824638
824636
824634
824635
824633
824632
824631
824630
824624
824623
824622
824621
824620
824619
824616
824615
824552
824613
824611
824610
824609
824608
824605
824604
824602
824601
824593
824591
824572
824569
824566
824565
824564
824563
824562
824561
824560
824559
824558
824557
824556
824555
824554
824540
824535
824534
824530
824524
824523
824522
824520
824505
824504
824503
824502
824501
824500
824499
824498
824497
824496
824495
824494
824493
824492
824491
824490
824489
824488
824479
824478
824477
824476
824487
824486
824485
824484
824483
824482
824481
824480
824475
824474
824473
824472
824470
824468
824467
824466
824465
824423
824424
824425
824426
824427
824428
824429
824430
824432
824434
824436
824438
824440
824441
824442
824443
824445
824448
824451
824452
824454
824455
824456
824457
824458
824459
824460
824461
824462
824463
824464
824453
824419
824418
824417
824416
824414
824413
824412
824411
824410
824409
824408
824407
824406
824405
824404
824401
