774479
774525
774523
774397
774392
774389
774384
774307
774305
774268
774290
774467
774455
774383
774304
774385
774390
774306
774267
774501
774502
774503
774504
774505
774358
774611
774610
774609
774608
774607
774606
774605
774604
774602
774597
774596
774595
774594
774593
774592
774591
774590
774589
774588
774587
774586
774585
774584
774583
774582
774581
774601
774600
774599
774598
774580
774579
774578
774577
774576
774575
774574
774573
774571
774570
774569
774568
774566
774564
774563
774562
774561
774536
774544
774540
774542
774538
774543
774545
774547
774546
774560
774559
774558
774557
774555
774554
774553
774552
774550
774549
774548
774551
774556
774541
774539
774537
774535
774534
774533
774532
774531
774530
774529
774528
774527
774526
774524
774521
774520
774519
774518
774517
774515
774513
774512
774511
774510
774509
774508
774507
774506
774500
774498
774497
774496
774495
774494
774493
774492
774491
774490
774489
774488
774487
774486
774485
774484
774482
774481
774480
774478
774477
774476
774475
774474
774473
774472
774471
774470
774468
774466
774465
774464
774463
774462
774461
774460
774459
774458
774457
774454
774453
774452
774450
774449
774448
774447
774446
774445
774444
774443
774442
774441
774438
774437
774436
774435
774434
774433
774432
774431
774430
774429
774428
774427
774426
774425
774424
774423
774422
774421
774420
774419
774418
774417
774416
774414
774413
774412
774411
774410
774409
774408
774407
774406
774405
774404
774403
774402
774401
774400
774399
774398
774396
774395
774394
774393
774391
774387
774386
774382
774381
774380
774379
774378
774377
774376
774375
774374
774373
774372
774371
774370
774369
774368
774367
774366
774365
774364
774363
774362
774361
774360
774357
774356
774355
774354
774353
774352
774351
774350
774349
774348
774347
774346
774345
774344
774343
774342
774341
774340
774339
774338
774337
774336
774335
774334
774333
774332
774331
774330
774329
774328
774327
774326
774325
774324
774323
774322
774321
774320
774319
774317
774316
774315
774313
774312
774310
774303
774302
774301
774300
774299
774298
774297
774296
774295
774294
774293
774292
774291
774289
774288
774287
774286
774285
774284
774283
774282
774281
774280
774279
774278
774277
774276
774275
774274
774273
774272
774271
774270
774269
774266
774265
774264
774263
774262
774261
774260
774259
774258
774257
774256
774255
774254
774253
774252
774251
774250
774249
774248
774247
774246
774245
774244
774243
774242
774241
774240
774239
774238
774237
774236
774235
774234
774233
774232
774231
774230
774229
774228
774227
774226
774225
774224
774223
774222
774221
774220
774219
774218
774217
774216
774215
774214
774213
774212
774211
774210
774209
774208
774207
774206
774205
774204
774203
774202
774201
774200
774199
774198
774197
774196
774195
774194
774193
774192
774191
774190
774189
774188
774187
774185
774184
774183
774182
774181
774179
774178
774177
774176
774175
774174
774173
774172
774171
774170
774169
774168
774167
774166
774165
774164
774163
774162
774161
774160
774159
774158
774157
774156
774155
774154
774153
774151
774150
774149
774148
774147
774146
774145
774144
774143
