775448
775403
775670
775652
775644
775636
775635
775628
775641
775648
775611
775607
775605
775598
775420
775399
775595
775589
775584
775561
775429
775425
775647
775633
775414
775626
775618
775591
775402
775408
775631
775643
775406
775615
775590
775609
775610
775616
775629
775599
775593
775393
775389
775385
775585
775404
775398
775620
775613
775646
775637
775427
775588
775424
775383
775382
775374
775632
775560
775617
775619
775604
775645
775642
775614
775612
775608
775606
775409
775380
775373
775412
775411
775592
775597
775587
775407
775415
775391
775583
775401
775426
775369
775586
775384
775377
775400
775413
775381
775390
775421
775378
775388
775372
775456
775663
775306
775310
775301
775304
775308
775305
775302
775309
775695
775694
775693
775692
775691
775690
775689
775688
775687
775686
775685
775684
775683
775682
775681
775680
775679
775678
775677
775676
775675
775674
775669
775667
775662
775661
775660
775659
775658
775657
775656
775655
775654
775653
775650
775649
775640
775630
775627
775625
775624
775623
775622
775621
775602
775603
775601
775600
775596
775594
775582
775581
775580
775579
775578
775577
775576
775575
775574
775573
775570
775571
775572
775569
775568
775567
775566
775565
775564
775563
775562
775559
775558
775557
775556
775555
775554
775553
775552
775551
775550
775549
775548
775547
775546
775545
775544
775543
775542
775541
775540
775539
775538
775537
775535
775534
775533
775532
775531
775530
775529
775528
775527
775526
775525
775524
775522
775519
775518
775517
775516
775515
775514
775513
775512
775511
775510
775509
775508
775507
775506
775505
775504
775503
775502
775501
775500
775499
775498
775496
775494
775493
775492
775490
775489
775488
775487
775486
775485
775484
775483
775482
775481
775480
775479
775478
775477
775476
775475
775474
775472
775470
775469
775468
775466
775465
775464
775463
775462
775461
775460
775459
775458
775457
775455
775454
775453
775451
775450
775447
775446
775445
775444
775443
775442
775441
775440
775439
775438
775437
775436
775434
775433
775432
775431
775430
775428
775359
775360
775423
775422
775419
775418
775417
775416
775410
775364
775362
775405
775363
775361
775397
775396
775395
775358
775357
775394
775392
775387
775386
775379
775376
775375
775371
775370
775368
775367
775366
775365
775356
775355
775354
775353
775352
775351
775350
775349
775348
775347
775346
775345
775342
775341
775340
775339
775338
775337
775336
775335
775334
775333
775332
775331
775330
775329
775328
775327
775326
775325
775324
775323
775322
775321
775320
775319
775318
775317
775316
775315
775313
775312
775311
775307
775303
775300
775299
775298
775297
775296
775295
775294
775293
775292
775291
775290
