930713
930629
930571
930531
930525
930533
930529
930631
930528
930532
930630
930534
930524
930433
930431
930430
930427
930426
930425
930424
930419
930418
930404
930403
930401
930400
930399
930398
930397
930396
930395
930394
930393
930391
930389
930387
930386
930384
930370
930368
930356
930350
930367
930366
930365
930363
930362
930361
930360
930357
930355
930354
930352
930351
930421
930420
930390
930705
930504
930718
930514
930515
930516
930751
930750
930749
930748
930747
930746
930745
930744
930743
930742
930741
930740
930739
930737
930738
930736
930735
930734
930733
930732
930729
930728
930727
930731
930730
930726
930725
930724
930723
930722
930721
930720
930719
930717
930716
930715
930526
930669
930712
930711
930710
930708
930707
930706
930704
930703
930702
930701
930700
930699
930698
930696
930695
930694
930693
930692
930691
930690
930689
930688
930687
930685
930684
930683
930682
930681
930679
930678
930677
930676
930675
930673
930672
930671
930670
930668
930667
930665
930664
930661
930660
930658
930656
930655
930654
930653
930652
930651
930650
930649
930648
930647
930646
930645
930644
930643
930642
930641
930640
930639
930638
930637
930636
930628
930627
930626
930625
930624
930623
930622
930621
930620
930547
930619
930611
930597
930618
930543
930542
930550
930575
930568
930591
930590
930589
930580
930579
930588
930585
930546
930540
930544
930600
930545
930576
930538
930537
930615
930614
930613
930612
930610
930609
930608
930607
930606
930605
930604
930603
930602
930601
930599
930598
930596
930595
930593
930592
930587
930586
930584
930583
930582
930581
930578
930577
930574
930573
930572
930570
930569
930567
930566
930565
930564
930563
930562
930561
930560
930559
930558
930556
930555
930554
930553
930552
930551
930549
930548
930541
930536
930530
930523
930522
930521
930519
930518
930517
930513
930512
930511
930510
930509
930508
930507
930506
930505
930503
930502
930501
930500
930499
930498
930497
930496
930495
930494
930493
930492
930491
930490
930489
930488
930487
930486
930485
930484
930483
930482
930481
930480
930479
930478
930477
930476
930475
930474
930473
930472
930471
930470
930469
930468
930467
930466
930465
930463
930462
930461
930460
930459
930458
930457
930456
930455
930454
930453
930452
930451
930450
930449
930448
930447
930446
930445
930444
930443
930442
930441
930440
930439
930438
930437
930436
930435
930434
930417
930416
930415
930414
930413
930412
930411
930410
930409
930408
930407
930406
930405
930402
930392
930388
930385
930383
930382
930381
930380
930379
930378
930377
930376
930375
930374
930373
930372
930371
930369
930359
930353
930349
930348
930347
930346
930345
930344
930343
930342
930341
930340
930339
930338
930337
930326
930328
930329
930331
930334
930336
930335
930333
930332
930327
930325
930324
930323
930322
930321
930320
930319
930318
930317
930316
930315
930314
930313
930312
930311
930309
930308
930307
930306
930305
930304
930303
930302
930301
930299
930298
930297
930296
930295
930294
930293
930292
930291
930290
930289
930288
930287
930286
930285
930284
930283
930282
930281
930280
930279
930278
930277
930276
930275
930274
930273
930272
930271
930270
930269
930268
930267
930266
930265
930264
930263
930262
930261
930260
930259
930258
930257
930256
930255
930254
930253
930252
930251
930250
930249
930248
930247
930246
930245
930244
930243
930242
930241
930240
930239
930238
930237
930236
930235
930234
930233
930232
930231
930230
930229
930228
930227
930226
930225
930224
930223
930222
930221
930220
930219
930217
930216
930215
930214
930213
930212
930211
930210
930209
930207
930206
930205
930204
930203
930202
930201
930200
930199
930198
930196
930195
930194
930193
930192
930191
930190
930189
930188
930187
930186
930185
930184
930183
930182
930181
930180
930178
930177
930176
930175
930174
