735095
735087
735027
735020
735091
735094
735088
735085
735090
735028
735021
734929
734921
734920
735025
734930
734922
735086
735089
735093
735024
735022
735232
735233
735234
735235
735236
735237
735238
735239
735240
735241
735013
735032
735033
735068
735231
735230
735229
735228
735227
735226
735225
735224
735223
735222
735221
735220
735219
735218
735217
735215
735214
735213
735212
735211
735210
735209
735208
735207
735206
735205
735204
735203
735202
735201
735200
735199
735198
735197
735196
735195
735194
735193
735192
735191
735190
735189
735188
735187
735186
735185
735184
735183
735182
735181
735180
735179
735178
735177
735176
735175
735174
735173
735172
735171
735170
735169
735168
735167
735166
735165
735164
735163
735162
735161
735160
735159
735158
735157
735156
735155
735154
735153
735152
735151
735150
735149
735148
735147
735146
735145
735144
735143
735142
735141
735140
735139
735138
735137
735136
735135
735134
735133
735132
735131
735130
735129
735128
735127
735126
735125
735124
735123
735122
735121
735120
735119
735118
735117
735116
735115
735114
735113
735112
735111
735110
735109
735108
735107
735106
735105
735104
735103
735102
735101
735100
735099
735098
735097
735096
735002
735001
735000
734999
734998
734997
734996
734995
734993
734991
734990
734989
734988
734879
734878
734877
734876
734875
734874
734873
734872
734871
734870
734869
734868
734867
734866
734865
734864
734863
734862
734861
734860
734859
734858
734857
734856
734855
734854
734853
734963
735263
735260
735266
734965
734966
734967
734969
734970
734971
734972
734975
734977
734978
734979
734980
734964
735262
735265
735264
735261
735267
734833
734832
735259
735257
735256
735255
735254
735253
735252
735251
735250
735249
735248
735247
735246
735245
735244
735243
735242
735216
735092
735084
735083
735082
735081
735080
735079
735078
735077
735076
735075
735074
735073
735072
735071
735070
735069
735067
735066
735065
735064
735063
735062
735061
735060
735059
735058
735057
735056
735055
735054
735053
735052
735051
735050
735049
735048
735047
735046
735045
735044
735043
735042
735041
735040
735039
735038
735037
735036
735034
735031
735030
735029
735026
735023
735019
735018
735017
735016
735015
735014
735008
735012
735011
735010
735009
735007
735006
735005
735004
735003
734994
734992
734986
734984
734983
734982
734981
734976
734974
734973
734968
734962
734961
734785
734817
734901
734932
734950
734960
734959
734958
734957
734956
734955
734954
734953
734952
734949
734948
734947
734944
734943
734942
734941
734940
734939
734938
734937
734936
734935
734933
734931
734928
734927
734926
734925
734924
734923
734919
734918
734917
734916
734915
734913
734912
734911
734910
734909
734908
734907
734906
734904
734903
734902
734900
734899
734898
734897
734896
734895
734894
734892
734891
734890
734889
734888
734887
734886
734885
734884
734883
734882
734881
734880
734852
734851
734850
734849
734848
734846
734845
734844
734843
734842
734841
734840
734839
734838
734837
734836
734835
734834
734831
734830
734829
734828
734827
734826
734824
734819
734818
734816
734815
734814
734813
734812
734811
734810
734809
734808
734807
734806
734805
734804
734803
734802
734801
734800
734799
734798
734797
734796
734795
734794
734793
734792
734791
734790
734789
734788
734787
734786
734784
