861744
861845
861846
861700
861703
861706
861841
861844
861843
861840
861842
861838
861714
861726
861665
861733
861824
861809
861816
861617
861826
861730
861604
861533
861823
861811
861671
861616
861732
861618
861615
861669
861607
861534
861821
861815
861808
861734
861664
861609
861822
861731
861663
861535
861818
861810
861802
861831
861828
861602
861662
861723
861758
861763
861532
861668
861670
861682
861674
861673
861672
861729
861728
861727
861724
861722
861721
861720
861765
861761
861775
861836
861830
861800
861797
861799
861798
861796
861795
861793
861789
861786
861785
861783
861779
861778
861777
861564
861565
861661
861658
861869
861868
861867
861866
861865
861864
861863
861862
861861
861860
861859
861858
861857
861856
861855
861850
861849
861848
861847
861854
861853
861852
861851
861839
861837
861835
861834
861833
861832
861827
861825
861820
861817
861814
861813
861812
861807
861806
861805
861804
861803
861801
861794
861792
861791
861790
861788
861787
861784
861781
861776
861774
861773
861772
861771
861770
861769
861768
861767
861766
861764
861762
861759
861757
861749
861756
861754
861753
861752
861751
861750
861748
861747
861745
861743
861742
861741
861740
861739
861738
861737
861736
861735
861725
861719
861718
861717
861716
861715
861713
861712
861711
861709
861708
861707
861704
861702
861701
861699
861698
861697
861696
861695
861694
861693
861692
861691
861690
861689
861688
861687
861686
861685
861684
861683
861681
861680
861679
861678
861677
861676
861675
861667
861666
861660
861659
861657
861656
861655
861654
861653
861652
861651
861650
861649
861648
861647
861646
861645
861644
861643
861642
861641
861640
861639
861638
861637
861636
861635
861634
861633
861632
861631
861629
861628
861627
861626
861625
861624
861623
861622
861621
861620
861614
861613
861612
861611
861610
861608
861606
861605
861603
861601
861600
861599
861598
861597
861596
861595
861594
861593
861592
861591
861590
861589
861588
861587
861586
861585
861584
861583
861582
861581
861580
861579
861578
861577
861576
861575
861574
861573
861572
861571
861570
861569
861568
861567
861566
861563
861562
861561
861560
861558
861557
861556
861555
861554
861553
861551
861549
861548
861547
861546
861545
861544
861541
861540
861539
861538
861537
861536
861531
861530
861529
861528
861527
861526
861525
861524
861523
861522
861521
861520
861519
861518
861517
861516
861515
861514
861513
861512
861511
861510
861509
861508
861507
861506
861505
861504
861502
861501
861500
861499
861498
