768104
768239
768245
768241
768244
768243
768240
768602
768584
768581
768572
768563
768561
768582
768583
768604
768574
768558
768556
768376
768567
768564
768587
768593
768586
768571
768580
768603
768557
768552
768573
768325
768555
768566
768575
768377
768562
768553
768560
768570
768569
768374
768315
768313
768263
768311
768378
768414
768472
768477
768488
768506
768507
768508
768549
768372
768606
768605
768598
768597
768596
768595
768594
768592
768591
768590
768589
768588
768585
768578
768576
768568
768565
768559
768554
768551
768550
768548
768547
768546
768545
768544
768543
768542
768541
768540
768539
768538
768537
768536
768535
768534
768533
768532
768531
768530
768529
768528
768527
768509
768511
768512
768514
768517
768518
768519
768520
768521
768522
768523
768524
768525
768526
768516
768515
768513
768510
768505
768504
768503
768502
768501
768500
768499
768498
768497
768496
768495
768494
768493
768491
768490
768489
768487
768486
768485
768484
768483
768482
768481
768480
768479
768478
768476
768475
768474
768473
768471
768469
768467
768466
768465
768464
768463
768462
768461
768460
768459
768458
768457
768456
768455
768454
768453
768452
768451
768450
768449
768448
768447
768446
768445
768444
768443
768442
768441
768440
768439
768438
768437
768436
768435
768434
768433
768432
768431
768430
768429
768428
768427
768426
768425
768424
768423
768422
768421
768420
768419
768418
768417
768415
768413
768411
768410
768409
768408
768407
768406
768405
768404
768403
768402
768401
768400
768399
768398
768397
768396
768395
768393
768392
768391
768390
768389
768388
768387
768386
768385
768384
768382
768380
768379
768373
768371
768370
768369
768368
768367
768366
768365
768364
768363
768362
768361
768360
768359
768358
768357
768356
768355
768354
768353
768352
768351
768350
768349
768348
768347
768346
768345
768344
768343
768342
768341
768340
768339
768338
768337
768336
768335
768334
768333
768332
768331
768330
768329
768328
768327
768326
768324
768323
768322
768321
768320
768319
768318
768292
768317
768316
768314
768312
768310
768309
768308
768307
768305
768304
768303
768301
768300
768299
768298
768297
768296
768295
768294
768293
768291
768290
768289
768288
768287
768286
768285
768284
768283
768282
768281
768280
768279
768278
768277
768276
768275
768274
768273
768271
768270
768269
768268
768267
768266
768265
768264
768262
768261
768260
768259
768258
768257
768256
768255
768254
768253
768252
768251
768250
768249
768248
768247
768238
768237
768236
768235
768234
768233
768232
768231
768230
768229
768228
768227
768226
768167
768168
768169
768170
768171
768172
768173
768174
768175
768176
768177
768178
768179
768180
768181
768182
768183
768184
768185
768186
768187
768188
768189
768190
768192
768193
768194
768195
768196
768197
768198
768199
768200
768201
768202
768203
768204
768205
768206
768207
768208
768209
768210
768211
768212
768213
768214
768215
768216
768217
768218
768219
768220
768221
768222
768223
768224
768225
768191
768166
768165
768164
768163
768162
768161
768160
768159
768158
768157
768156
768155
768154
768153
768152
768151
768150
768149
768148
768147
768146
768145
768144
768143
768142
768141
768140
768139
768138
768137
768136
768135
768134
768133
768132
768131
768129
768126
768121
768119
768118
768117
768116
768115
768114
768113
768112
768111
768110
768109
768108
768107
768106
768105
768103
768102
768101
768100
768098
768097
768096
768095
768094
768093
768092
768091
768090
768089
768088
768087
768086
768085
768084
768083
768081
768080
768079
768078
768077
768076
768075
768074
768073
768071
768072
768070
768069
768067
768068
768066
768064
768065
