837302
837284
837259
837229
837285
836927
836896
837078
837077
837076
837075
837074
837073
837072
837071
837070
837069
837041
837039
837038
837010
837009
836997
836995
836994
836993
836728
836965
836968
837283
837300
837261
836894
836881
837049
837048
837044
837042
837029
837028
837016
837015
837226
837301
837282
837255
836928
836892
836853
836791
837087
837085
837084
837082
837081
837080
837079
837063
837054
837051
837050
837032
837031
837012
837011
837006
837005
837323
836790
837299
837281
837254
837225
836889
836788
836929
836893
836789
837068
837067
837066
837064
837053
837052
837037
837036
837035
837034
837021
837019
837014
837013
836880
836888
836879
837046
837045
837026
837025
837023
837022
837004
837003
837001
837000
836991
836990
836988
836987
836708
836924
836947
836971
836972
837061
837119
837120
837147
837151
837289
837359
836871
837193
837447
837446
837445
837443
837442
836756
836755
836740
836739
836737
836736
836735
836734
836733
836729
836727
836726
836725
836724
836723
836722
836721
836719
836717
836715
837198
837197
837196
837441
837440
837439
837438
837437
837436
837435
837434
837433
837432
837431
837430
837429
837428
837427
837426
837418
837416
837414
837413
837412
837411
837408
837388
837371
837367
837366
837362
837361
837358
837355
837353
837350
837345
837343
837342
837341
837339
837338
837337
837336
837335
837334
837333
837332
837331
837330
837329
837328
837327
837326
837324
837320
837319
837318
837317
837316
837315
837314
837313
837311
837449
837448
837444
837425
837424
837423
837422
837421
837420
837419
837417
837415
837410
837409
837407
837406
837405
837404
837403
837402
837401
837400
837399
837398
837397
837396
837395
837394
837393
837392
837391
837390
837389
837387
837386
837385
837384
837383
837382
837381
837380
837379
837378
837377
837376
837375
837374
837373
837372
837370
837368
837365
837364
837363
837360
837357
837356
837354
837352
837351
837349
837348
837346
837340
837325
837322
837321
837312
837310
837309
837308
837307
837306
837305
837304
837303
837298
837297
837296
837295
837294
837293
837292
837291
837290
837288
837287
837286
837280
837279
837278
837277
837276
837275
837274
837273
837272
837271
837195
837270
837269
837268
837267
837265
837264
837263
837262
837260
837257
837256
837253
837251
837250
837249
837248
837247
837246
837245
836830
836827
837244
836826
836825
837243
837242
837240
837239
837238
837237
837236
837235
837234
837233
837232
837231
837230
837228
837227
837224
837223
837222
837221
837220
837219
837218
837217
837216
837215
837214
837213
837212
837211
837210
837209
837208
837207
837206
837205
837204
837203
837202
837201
837200
837199
837194
837192
837191
837190
837189
837188
837187
837186
837185
837184
837183
837182
837180
837178
837177
837176
837175
837174
837172
837171
837170
837169
837168
837167
837166
837165
837163
837162
837161
837159
837158
837157
837156
837155
837154
837153
837152
837150
837148
837146
837145
837144
837143
837142
837141
837140
837138
837137
837136
837135
837134
837133
837132
837131
837130
837129
837128
837127
837126
837125
837124
837123
837122
837121
837118
837117
837115
837114
837113
837112
837111
837110
837109
837108
837107
837106
837105
837104
837103
837102
837101
837099
837098
837097
837096
837095
837094
837093
837092
837091
837090
837089
837088
837086
837083
837065
837062
837060
837059
837058
837057
837056
837055
837047
837043
837040
837033
837030
837027
837024
837020
837018
837017
837008
837007
837002
836998
836996
836992
836989
836986
836985
836984
836983
836982
836981
836980
836978
836977
836976
836975
836974
836973
836969
836967
836966
836964
836963
836962
836959
836958
836957
836955
836954
836953
836952
836951
836950
836949
836948
836946
836945
836943
836942
836941
836940
836938
836937
836936
836935
836934
836932
836931
836930
836926
836925
836923
836922
836921
836920
836919
836918
836917
836916
836915
836914
836913
836912
836911
836909
836908
836907
836906
836905
836904
836903
836902
836901
836900
836899
836898
836897
836895
836891
836890
836887
836886
836885
836884
836883
836882
836878
836876
836874
836873
836872
836870
836868
836867
836866
836864
836863
836862
836861
836860
836859
836858
836857
836856
836855
836854
836852
836851
836850
836849
836848
836847
836846
836845
836844
836843
836842
836841
836840
836839
836838
836837
836836
836834
836833
836832
836831
836829
836828
836824
836823
836822
836821
836820
836819
836818
836817
836816
836815
836814
836813
836812
836811
836810
836809
836808
836807
836806
836805
836804
836803
836802
836801
836798
836797
836796
836794
836793
836792
836787
836785
836784
836783
836782
836781
836780
836779
836778
836777
836776
836775
836774
836773
836772
836771
836770
836769
836768
836767
836765
836764
836763
836714
836713
836712
836711
836730
836732
836731
836762
836749
836747
836754
836753
836752
836751
836746
836745
836744
836743
836742
836741
836760
836759
836758
836757
836761
836750
836748
836720
836718
836716
836707
836701
836700
836699
836698
836697
836696
836695
836694
836693
836692
836691
836690
836689
836688
836687
836685
836684
836682
836681
836680
836679
836678
836677
836676
836675
836674
