728158
728200
728188
728180
728175
728204
728162
728160
728207
728144
728147
728213
728214
728224
728219
728157
728151
728155
728049
728242
728245
728398
728397
728255
728249
728394
728236
728243
728260
728288
728399
728395
728252
728256
728253
728259
728238
728239
728198
728129
728246
728254
728257
728273
728135
728244
728189
728268
728196
728247
728250
728134
728131
728240
728126
728132
728248
728269
728237
728184
728125
728376
728375
728374
728373
728372
728371
728370
728369
728368
728367
728366
728365
728364
728363
728362
728361
728115
728114
728113
728112
728111
728110
728109
728108
728107
728106
728105
728104
728103
728102
728101
728100
728098
728097
728096
728094
728093
728092
728091
728090
728089
728088
728087
728085
728079
728078
728077
728076
728075
728074
728073
728072
728071
728070
728152
728153
728270
728313
728345
728351
728377
728386
728391
728409
728419
728217
728470
728471
728478
728476
728475
728473
728472
728477
728429
728430
728431
728432
728433
728434
728435
728437
728438
728439
728440
728441
728442
728443
728444
728445
728428
728479
728474
728469
728468
728467
728466
728465
728464
728463
728462
728461
728460
728459
728458
728457
728456
728455
728454
728453
728452
728451
728450
728449
728448
728447
728446
728436
728427
728426
728425
728424
728423
728422
728421
728420
728418
728417
728416
728415
728414
728413
728412
728411
728410
728408
728407
728406
728405
728404
728403
728402
728401
728400
728396
728393
728392
728390
728389
728388
728387
728385
728384
728383
728382
728381
728380
728379
728378
728360
728359
728358
728357
728356
728355
728354
728353
728352
728350
728349
728348
728347
728346
728344
728343
728342
728341
728340
728339
728338
728337
728336
728335
728334
728333
728332
728331
728330
728329
728328
728327
728326
728325
728324
728323
728322
728321
728320
728319
728318
728317
728316
728315
728314
728312
728311
728310
728309
728308
728307
728306
728305
728304
728302
728300
728299
728298
728297
728296
728295
728294
728293
728292
728291
728290
728289
728287
728286
728285
728284
728283
728282
728281
728280
728279
728278
728277
728276
728275
728272
728271
728267
728266
728265
728264
728263
728262
728261
728258
728039
728063
728136
728181
728212
728216
728251
728241
728235
728234
728233
728232
728231
728230
728229
728228
728227
728226
728225
728223
728222
728221
728220
728218
728215
728211
728210
728209
728208
728206
728205
728203
728202
728201
728199
728197
728195
728194
728193
728192
728186
728185
728183
728182
728179
728178
728177
728176
728174
728173
728172
728171
728170
728169
728168
728167
728166
728165
728164
728163
728161
728159
728156
728154
728150
728149
728148
728146
728145
728143
728142
728141
728140
728139
728138
728137
728133
728128
728127
728124
728123
728122
728121
728120
728119
728118
728117
728116
728099
728095
728086
728084
728083
728082
728081
728080
728069
728068
728067
728066
728065
728064
728060
728059
728058
728057
728056
728054
728053
728052
728051
728050
728048
728047
728046
728045
728044
728043
728042
728041
728040
728038
728037
728036
728035
728034
728033
728032
728031
728030
728029
728028
728027
