873608
873606
873604
873607
873605
873603
873602
873555
873584
873609
873804
873794
873743
873744
873745
873746
873747
873748
873749
873751
873752
873753
873754
873755
873661
873638
873636
873962
873949
873670
873669
873831
873828
873960
873829
873946
873672
873665
873658
873663
873654
873668
873961
873947
873634
873827
873673
873667
873660
873639
873635
873657
873646
873825
873948
873659
873671
873666
873656
873633
873637
873741
873740
873739
873738
873737
873736
873735
873734
873733
873732
873730
873729
873664
873653
873632
874055
874056
874057
873554
873553
873793
873731
873728
873727
873726
873725
873918
873917
873916
873922
873915
873914
873575
873573
873574
873576
874060
873980
873541
873792
873791
873790
873789
873788
873787
873786
873784
873782
873781
873780
873779
873778
873777
873776
873775
873774
873773
873772
873771
873770
873769
874063
873716
873920
874051
873768
873767
873766
873765
873764
873763
873762
873761
873760
873759
873758
873757
873921
873919
873913
873912
873910
873909
874062
873979
873590
873965
873963
874050
873539
874047
874059
874046
874044
874031
874002
873983
873540
873973
873972
873538
873571
873570
873569
874058
873993
873971
874034
874035
874032
873545
874005
873991
874030
874024
874006
874026
874001
873967
873623
873624
873625
873982
874004
874000
873994
873988
873978
873981
873975
873976
873894
873892
873557
873544
873855
873709
873708
873550
873722
873723
873724
874065
874064
874061
874054
874053
874052
874049
874048
874045
874043
874042
874041
874040
874039
874038
874037
874036
874033
874029
874028
874027
874025
874023
874022
874021
874020
874019
874018
874017
874016
874015
874014
874013
874012
874009
874008
874007
874003
873999
873998
873997
873995
873992
873990
873989
873987
873986
873985
873984
873977
873974
873970
873969
873968
873966
873959
873958
873957
873955
873954
873953
873568
873567
873566
873952
873951
873950
873945
873943
873942
873941
873940
873939
873938
873937
873936
873935
873934
873933
873932
873931
873930
873929
873928
873927
873926
873925
873924
873923
873908
873907
873906
873905
873904
873903
873902
873900
873898
873897
873896
873895
873893
873891
873890
873889
873888
873887
873886
873885
873882
873881
873880
873879
873878
873877
873876
873875
873874
873873
873872
873871
873869
873868
873867
873866
873865
873864
873863
873862
873861
873860
873859
873858
873857
873856
873854
873853
873852
873851
873850
873848
873846
873845
873844
873842
873841
873840
873839
873838
873837
873836
873835
873834
873833
873832
873830
873826
873824
873823
873822
873821
873819
873818
873817
873816
873815
873814
873813
873812
873811
873810
873809
873808
873807
873805
873803
873802
873801
873800
873799
873798
873797
873796
873795
873783
873756
873750
873742
873721
873720
873719
873718
873717
873715
873714
873713
873712
873711
873710
873707
873706
873705
873704
873703
873702
873701
873700
873699
873698
873697
873696
873695
873694
873693
873692
873691
873690
873689
873688
873687
873686
873685
873684
873683
873682
873681
873680
873679
873677
873676
873675
873674
873662
873655
873652
873651
873650
873649
873648
873647
873645
873644
873643
873642
873641
873640
873631
873630
873629
873628
873627
873626
873622
873621
873620
873619
873618
873617
873616
873615
873614
873613
873612
873611
873610
873601
873600
873599
873597
873596
873595
873594
873593
873592
873589
873588
873587
873586
873583
873582
873581
873580
873579
873578
873577
873572
873565
873564
873563
873562
873561
873560
873559
873558
873552
873547
873543
873542
873537
873536
873534
873533
873532
873531
873530
873529
873528
873527
873526
873525
873524
873523
