741257
741286
741425
741434
741324
741314
741289
741285
741291
741287
741290
741330
741315
741258
741259
741215
741235
741334
741465
741467
741478
741493
741492
741491
741490
741489
741488
741487
741486
741485
741484
741482
741481
741477
741475
741471
741470
741466
741463
741476
741474
741469
741464
741462
741460
741473
741468
741461
741459
741458
741457
741479
741472
741456
741455
741439
741440
741441
741442
741443
741444
741445
741446
741447
741449
741450
741451
741452
741453
741454
741448
741438
741437
741436
741435
741424
741423
741433
741432
741431
741430
741429
741428
741427
741426
741419
741418
741417
741422
741421
741420
741416
741415
741414
741413
741412
741411
741410
741409
741408
741407
741406
741405
741404
741403
741402
741401
741400
741399
741398
741397
741396
741395
741394
741393
741392
741391
741390
741389
741388
741387
741386
741385
741384
741383
741381
741380
741379
741378
741377
741376
741375
741374
741373
741372
741371
741370
741369
741368
741366
741365
741362
741361
741360
741359
741357
741356
741355
741354
741352
741350
741349
741348
741347
741346
741345
741344
741342
741341
741340
741338
741337
741336
741335
741333
741332
741331
741328
741327
741326
741325
741323
741322
741321
741320
741319
741318
741317
741316
741313
741312
741311
741310
741309
741308
741307
741306
741305
741304
741303
741302
741301
741300
741299
741298
741297
741296
741295
741294
741293
741292
741288
741284
741283
741282
741281
741280
741279
741278
741277
741276
741275
741274
741273
741272
741271
741270
741269
741268
741267
741266
741265
741264
741263
741262
741261
741260
741256
741255
741254
741253
741252
741251
741250
741249
741248
741247
741246
741245
741244
741243
741242
741241
741240
741239
741238
741237
741236
741234
741233
741232
741231
741230
741229
741228
741227
741226
741225
741224
741223
741222
741221
741220
741219
741218
741217
741216
