818165
818234
818244
818246
818249
818250
818456
818599
818653
818659
818583
818584
818482
818492
818579
818679
818680
818573
818533
818351
818336
818596
818528
818464
818422
818467
818580
818571
818361
818353
818474
818470
818373
818372
818371
818577
818532
818421
818337
818325
818360
818529
818460
818518
818506
818466
818595
818420
818576
818531
818402
818377
818370
818594
818526
818508
818473
818352
818364
818339
818324
818317
818472
818465
818348
818301
818356
818346
818338
818519
818516
818504
818309
818302
818322
818314
818403
818378
818369
818462
818459
818419
818507
818503
818323
818310
818335
818313
818345
818320
818312
818450
818452
818469
818168
818169
818170
818171
818172
818173
818174
818175
818176
818181
818183
818186
818187
818188
818189
818191
818192
818193
818194
818195
818625
818624
818623
818622
818621
818620
818619
818618
818617
818616
818615
818614
818610
818605
818603
818601
818575
818660
818676
818675
818671
818669
818670
818672
818673
818674
818668
818178
818177
818180
818179
818613
818612
818611
818609
818608
818607
818606
818600
818574
818566
818563
818560
818556
818554
818552
818551
818549
818547
818545
818543
818682
818658
818657
818645
818643
818646
818664
818677
818661
818652
818651
818649
818648
818654
818656
818678
818666
818662
818663
818636
818634
818633
818639
818642
818632
818631
818629
818667
818665
818647
818644
818641
818640
818638
818637
818635
818630
818628
818627
818626
818604
818602
818598
818597
818593
818592
818591
818590
818589
818588
818587
818586
818585
818582
818581
818578
818572
818570
818569
818567
818565
818564
818562
818561
818558
818557
818555
818568
818553
818550
818548
818546
818544
818542
818541
818540
818539
818538
818537
818536
818535
818534
818530
818527
818525
818524
818523
818522
818521
818520
818517
818515
818514
818513
818512
818511
818510
818509
818505
818502
818501
818500
818499
818498
818497
818496
818495
818494
818493
818491
818490
818489
818488
818487
818486
818485
818484
818483
818481
818480
818479
818478
818477
818476
818475
818471
818468
818463
818461
818458
818457
818455
818454
818453
818451
818449
818448
818447
818446
818445
818444
818443
818441
818440
818439
818438
818437
818436
818435
818434
818433
818432
818431
818430
818429
818428
818427
818426
818425
818424
818423
818418
818417
818416
818415
818414
818413
818412
818411
818410
818409
818408
818407
818406
818405
818404
818401
818400
818399
818398
818397
818396
818395
818394
818393
818392
818391
818390
818389
818388
818387
818386
818385
818384
818383
818382
818381
818380
818376
818375
818374
818368
818367
818366
818365
818363
818358
818357
818355
818354
818350
818349
818347
818344
818343
818342
818340
818334
818333
818332
818331
818330
818328
818327
818326
818321
818319
818318
818316
818315
818311
818308
818307
818306
818305
818304
818303
818300
818299
818298
818297
818295
818294
818293
818292
818291
818290
818288
818287
818286
818285
818284
818283
818282
818281
818280
818279
818277
818276
818275
818274
818273
818272
818271
818270
818269
818268
818267
818266
818265
818264
818263
818262
818254
818240
818229
818228
818227
818226
818225
818224
818223
818222
818221
818220
818219
818218
818217
818216
818215
818213
818212
818211
818210
818209
818208
818207
818206
818205
818204
818203
818202
818201
818200
818199
818198
818197
818196
818190
818185
818182
818167
818166
818164
818163
818162
