853786
854088
854086
854016
853784
854015
854157
854026
854021
854023
853770
853960
853970
854072
854078
854000
854034
853971
854099
853972
853909
853908
854175
854171
854037
853822
853823
854134
853957
853928
854123
854038
853974
853865
853862
853913
853956
853884
853879
853874
853976
854173
853955
854136
853912
853883
853878
853873
853856
853860
853821
853827
854137
853882
853824
853825
853828
853866
853858
854132
854170
853954
853881
853877
853872
854060
854058
854057
854056
854055
854054
854053
853863
853857
854254
854253
854252
854251
854250
854249
854248
854247
854246
854245
854244
854243
854242
854241
854240
854239
854238
854237
854236
854235
854234
854233
854232
854231
854230
854229
854228
854227
854226
854225
854224
854223
854222
854221
854220
854219
854218
854217
854216
854215
854214
854213
854212
854211
854210
854209
854208
854207
854206
854205
854204
854203
854202
854201
854200
854199
854198
854197
854196
854195
854194
854193
854192
854191
854190
854189
854188
854186
854185
854184
854183
854182
854181
854180
854179
854178
854177
854176
854174
854172
854169
854168
854167
854166
854165
854164
854163
854162
854161
854160
854159
854156
854155
854154
854153
854151
854150
854149
854148
854147
854146
854145
854143
854142
854141
854140
854139
854138
854135
854133
854131
854130
854129
854128
854127
854126
854125
854124
854122
854121
854120
854119
854118
854116
854115
854114
854113
854112
854111
854110
854109
854108
854107
854106
854105
854104
854103
854102
854101
854100
854098
854097
854096
854095
854094
854093
854092
854091
854090
854089
854087
854085
854084
854083
854082
854081
854080
854079
854077
854076
854075
854074
854073
854071
854070
854069
854068
854067
854066
854065
854064
854063
854062
854061
854059
854052
854051
854050
854048
854047
854046
854045
854044
854043
854042
854041
854040
854039
854036
854035
854033
854032
854031
854030
854029
854028
854025
854019
854018
854017
854014
854013
854012
854011
854009
854008
854007
854005
854004
854003
854002
854001
853999
853998
853997
853996
853994
853992
853991
853990
853989
853988
853987
853986
853985
853984
853983
853977
853975
853973
853969
853968
853967
853966
853965
853964
853963
853962
853961
853959
853958
853953
853952
853951
853950
853949
853948
853947
853946
853945
853944
853943
853942
853941
853940
853939
853938
853937
853936
853935
853934
853933
853932
853931
853930
853929
853927
853926
853925
853924
853923
853922
853921
853920
853919
853918
853917
853916
853915
853914
853911
853910
853907
853906
853905
853904
853903
853902
853901
853900
853899
853898
853897
853896
853895
853894
853893
853892
853891
853890
853889
853888
853887
853886
853885
853880
853876
853875
853871
853870
853869
853868
853867
853864
853861
853859
853855
853854
853853
853852
853851
853850
853849
853848
853847
853846
853845
853844
853843
853842
853841
853840
853839
853838
853837
853836
853835
853834
853833
853830
853829
853826
853820
853819
853818
853817
853816
853815
853814
853813
853812
853811
853810
853808
853806
853805
853804
853803
853802
853801
853800
853798
853797
853796
853795
853794
853793
853792
853791
853790
853789
853788
853787
853783
853782
853781
853779
853778
853777
853776
853775
853774
853773
853772
853771
853769
853768
853767
853766
853765
853764
853760
853759
853758
853757
853754
853753
853752
853751
853750
853749
853748
853747
853746
853745
853744
853743
853741
853740
853739
853738
853737
853736
853735
853733
853732
853731
853730
853729
853728
853727
853726
