918752
918737
918623
918978
918783
918603
918600
918629
918604
918829
918828
918827
918826
918825
918784
918984
918755
918717
918711
918691
919072
919065
919063
919058
919044
919081
919080
919066
919061
919053
918751
918817
918815
918933
919076
919056
919046
919049
919051
919108
919107
919106
919068
919073
918761
919026
919021
918950
918770
919071
918934
918992
918695
919075
919067
919070
918756
919105
919104
919103
919102
919101
918708
918707
918706
918705
918763
918718
918716
918693
918719
918709
919074
919069
919064
919062
919057
919055
919052
919050
919047
918932
918712
918703
918759
918757
918698
918696
919100
919099
919098
919097
919096
918931
918710
918702
919095
919094
919093
919092
919091
919090
919089
919088
919087
919086
919085
919084
919060
919059
919054
919048
919045
919043
919037
919036
919035
919034
919033
919025
919024
919023
919022
919015
918753
918749
918621
919014
919013
919012
919009
919008
919001
919000
918999
918997
918996
918995
918994
918993
918991
918990
918989
918988
918987
918986
918985
918980
918979
918977
918976
918965
918964
918958
918957
918602
918955
918954
918953
918949
918948
918947
918946
918945
918944
918943
918599
918942
918941
918940
918939
918938
918929
918928
918927
918926
918924
918923
918917
918916
918915
918914
918913
918912
918911
918910
918909
918907
918906
918905
918904
918903
918971
918900
918899
918898
918819
918810
918922
918897
918896
918895
918832
918823
918822
918820
918902
918937
918936
918935
918920
918919
918918
918814
918813
918812
918811
918807
918806
918805
919079
919078
919077
919042
919041
919040
919039
919038
919020
919019
919018
919017
919016
919011
919010
919007
919005
918998
918983
918975
918974
918973
918970
918969
918968
918967
918966
918963
918962
918961
918960
918959
918956
918952
918951
918930
918921
918908
918901
918894
918893
918892
918891
918890
918889
918888
918887
918886
918885
918884
918882
918881
918880
918879
918878
918877
918876
918874
918873
918871
918870
918869
918868
918867
918866
918865
918864
918863
918862
918861
918860
918858
918857
918856
918855
918854
918853
918852
918851
918850
918848
918847
918846
918845
918844
918843
918842
918841
918840
918839
918838
918837
918836
918834
918833
918831
918818
918816
918809
918808
918804
918803
918802
918801
918800
918799
918798
918797
918796
918795
918794
918793
918792
918791
918790
918789
918788
918787
918786
918785
918750
918782
918781
918780
918779
918778
918777
918776
918774
918772
918771
918769
918767
918766
918765
918764
918762
918760
918758
918748
918747
918746
918745
918744
918743
918742
918741
918740
918739
918738
918736
918735
918734
918733
918732
918731
918730
918729
918728
918727
918726
918725
918724
918723
918722
918721
918720
918714
918713
918704
918692
918694
918697
918699
918700
918701
918689
918688
918687
918686
918685
918684
918682
918681
918678
918677
918676
918675
918674
918673
918672
918671
918669
918664
918663
918662
918661
918660
918649
918640
918638
918637
918636
918635
918634
918633
918632
918631
918630
918628
918627
918626
918625
918624
918622
918620
918619
918618
918616
918615
918614
918613
918612
918611
918610
918609
918607
918606
918597
918596
