909549
909460
909543
909535
909530
909547
909533
909540
909435
909439
909442
909448
909536
909531
909546
909390
909526
909489
909482
909476
909348
909327
909315
909314
909309
909446
909434
909524
909447
909441
909438
909521
909488
909480
909475
909389
909324
909322
909319
909313
909307
909542
909538
909532
909519
909485
909481
909321
909318
909445
909440
909437
909515
909483
909478
909473
909326
909352
909320
909312
909308
909436
909433
909387
909325
909323
909316
909311
909310
909258
909260
909262
909300
909557
909568
909419
909257
909261
909259
909580
909579
909578
909577
909576
909575
909574
909573
909572
909570
909565
909563
909562
909561
909560
909559
909558
909556
909554
909552
909550
909548
909544
909541
909539
909537
909534
909529
909528
909525
909523
909522
909520
909518
909517
909516
909514
909513
909512
909511
909510
909509
909507
909506
909505
909504
909502
909503
909501
909500
909499
909498
909497
909496
909495
909492
909491
909490
909494
909493
909487
909486
909484
909479
909477
909474
909472
909471
909470
909469
909467
909466
909465
909464
909463
909462
909461
909459
909456
909455
909452
909451
909450
909449
909444
909443
909432
909431
909429
909428
909427
909425
909424
909423
909422
909421
909418
909417
909416
909415
909414
909413
909412
909411
909410
909409
909408
909407
909406
909405
909404
909403
909402
909401
909400
909398
909397
909396
909395
909394
909393
909392
909391
909388
909386
909385
909384
909383
909382
909381
909380
909379
909378
909377
909376
909375
909374
909372
909371
909370
909369
909368
909367
909366
909365
909364
909363
909362
909361
909360
909359
909358
909357
909356
909355
909354
909353
909351
909347
909346
909345
909344
909343
909342
909341
909340
909339
909338
909337
909336
909335
909334
909333
909332
909331
909330
909329
909328
909317
909306
909305
909304
909303
909302
909301
909299
909297
909296
909295
909294
909293
909292
909291
909290
909287
909286
909285
909284
909280
909279
909278
909277
909276
909275
909274
909273
909272
909271
909270
909269
909268
909267
909266
909265
909264
909263
909256
909255
909254
909253
909252
909251
909250
909249
909248
909247
909246
909245
909244
909243
909242
909241
909236
909235
909234
909233
909232
909231
909230
909229
909228
909227
909226
909225
