843671
843541
843532
843667
843502
843508
843510
843576
843636
843738
843403
843668
843699
843710
843665
843652
843648
843634
843632
843672
843512
843539
843534
843538
843488
843482
843480
843477
843471
843473
843498
843495
843670
843405
843407
843427
843669
843708
843697
843662
843633
843631
843470
843472
843476
843401
843529
843536
843496
843497
843481
843479
843487
843651
843647
843733
843732
843731
843730
843729
843728
843727
843726
843725
843724
843723
843722
843721
843720
843719
843718
843717
843716
843715
843714
843713
843712
843711
843709
843317
843318
843707
843706
843705
843704
843703
843702
843701
843700
843698
843696
843695
843694
843693
843692
843691
843690
843689
843688
843687
843686
843685
843684
843683
843682
843622
843621
843619
843617
843616
843615
843614
843613
843611
843610
843609
843608
843607
843605
843604
843601
843600
843599
843597
843594
843592
843814
843813
843812
843811
843810
843809
843808
843807
843805
843806
843804
843803
843802
843801
843800
843799
843798
843797
843796
843795
843794
843793
843792
843791
843790
843789
843788
843787
843786
843785
843784
843783
843782
843781
843780
843779
843778
843777
843776
843775
843774
843773
843772
843771
843770
843769
843768
843767
843766
843765
843764
843763
843762
843761
843760
843759
843758
843757
843756
843755
843754
843753
843752
843751
843749
843748
843747
843746
843744
843743
843750
843742
843741
843740
843739
843737
843736
843735
843734
843591
843590
843589
843585
843583
843580
843574
843568
843567
843566
843565
843564
843563
843561
843560
843551
843550
843549
843548
843547
843546
843543
843542
843540
843537
843535
843533
843530
843528
843526
843524
843523
843522
843521
843520
843519
843518
843517
843680
843679
843678
843677
843676
843675
843674
843673
843666
843664
843663
843661
843660
843659
843658
843657
843656
843655
843654
843653
843650
843649
843646
843645
843644
843643
843642
843640
843639
843638
843637
843635
843630
843629
843628
843627
843626
843625
843515
843511
843509
843506
843505
843504
843501
843494
843493
843491
843490
843489
843300
843299
843298
843296
843295
843294
843292
843290
843289
843288
843287
843286
843285
843284
843283
843282
843281
843280
843624
843623
843620
843618
843612
843606
843603
843602
843598
843596
843595
843593
843588
843587
843586
843584
843582
843581
843579
843578
843577
843575
843572
843570
843569
843562
843559
843558
843557
843556
843555
843554
843553
843552
843545
843544
843531
843527
843525
843516
843514
843513
843507
843503
843500
843499
843492
843486
843484
843483
843279
843278
843276
843275
843274
843273
843272
843271
843269
843268
843267
843266
843265
843263
843261
843259
843258
843256
843255
843254
843253
843250
843249
843248
843245
843244
843243
843234
843233
843232
843478
843475
843474
843469
843468
843467
843466
843465
843464
843463
843462
843461
843460
843459
843458
843457
843456
843455
843454
843453
843452
843451
843450
843449
843448
843447
843446
843445
843444
843443
843442
843440
843439
843438
843437
843436
843435
843434
843433
843432
843431
843430
843429
843428
843426
843425
843424
843423
843422
843421
843420
843419
843418
843417
843416
843415
843414
843413
843412
843411
843410
843409
843408
843406
843404
843400
843399
843398
843397
843396
843395
843394
843393
843392
843391
843390
843386
843389
843388
843387
843385
843384
843383
843382
843381
843380
843379
843378
843377
843376
843375
843374
843373
843372
843371
843370
843369
843368
843367
843365
843364
843363
843362
843361
843360
843359
843358
843357
843356
843355
843354
843353
843352
843351
843350
843349
843348
843347
843346
843345
843344
843343
843342
843341
843340
843339
843338
843337
843336
843335
843334
843333
843332
843331
843330
843329
843328
843327
843326
843325
843324
843323
843322
843321
843320
843319
843316
843315
843314
843313
843312
843311
843310
843309
843308
843307
843306
843305
843304
843303
843302
843230
843229
843228
843227
843226
843225
843223
843221
843219
843218
843217
843216
843301
843270
843264
843262
843260
843257
843251
843247
843246
843242
843241
843240
843239
843238
843237
843236
843235
843231
843224
843222
843220
843215
843214
843213
843212
843211
843210
843209
843208
