870928
871030
871012
871007
871024
870924
871014
871029
870926
870770
871023
871020
870837
870927
871018
870769
870838
870766
871022
871026
871016
871004
870765
870925
870836
870772
870771
870768
870922
870767
870921
870804
870803
870805
871094
871093
871053
871143
871144
870826
870874
870740
870751
871184
871171
870764
870763
870762
871168
871160
871141
871178
871136
871188
871183
871187
871180
871182
871186
871185
871175
871118
871117
871108
871107
871105
871104
871103
871091
870951
871114
871112
871110
870802
870801
871200
871199
871198
871197
871196
871195
871194
871193
871192
871191
871190
871189
871181
871179
871177
871176
871174
871173
871172
871170
871169
871167
871166
871165
871164
871163
871162
871161
871159
871158
871157
871156
871155
871154
871153
871152
871151
871150
871149
871148
871147
871146
871145
871142
870755
871140
871139
871138
871137
871135
871134
871133
871132
871131
871130
871129
871128
871127
871126
871125
871124
871123
871122
871121
871120
871119
871116
871115
871113
871111
871109
871106
871102
871101
871100
871099
871098
871097
871096
871095
871092
871090
871089
871088
871087
871086
871085
871084
871083
871082
871081
871079
871078
871077
871076
871075
871074
871073
871072
871071
871070
871069
871068
871065
871063
871062
871061
871059
871057
871056
871055
871054
871052
871051
871050
871049
871048
871046
871045
871044
871043
871042
871041
871040
871039
871038
871037
871035
871034
871033
871032
871031
871028
871027
871025
871021
871017
871015
871011
871009
871008
871006
871005
871003
871002
871001
871000
870999
870998
870997
870996
870995
870994
870993
870992
870991
870990
870989
870988
870987
870986
870985
870984
870983
870982
870978
870977
870976
870975
870974
870973
870972
870971
870968
870965
870963
870962
870961
870960
870959
870958
870957
870956
870955
870954
870953
870952
870950
870949
870946
870945
870943
870942
870941
870940
870939
870938
870937
870935
870934
870932
870933
870931
870930
870929
870923
870920
870919
870918
870917
870916
870915
870914
870913
870912
870911
870910
870908
870907
870906
870905
870904
870903
870902
870901
870900
870899
870898
870897
870896
870895
870894
870893
870892
870891
870890
870889
870888
870887
870886
870885
870883
870881
870879
870878
870877
870876
870875
870873
870872
870871
870870
870869
870868
870867
870865
870864
870863
870861
870860
870859
870858
870857
870856
870855
870854
870853
870852
870851
870850
870849
870848
870847
870846
870845
870844
870843
870842
870841
870840
870839
870835
870834
870833
870832
870830
870829
870828
870827
870825
870823
870822
870821
870820
870819
870818
870817
870816
870815
870814
870813
870812
870810
870809
870808
870807
870806
870800
870799
870798
870797
870796
870795
870794
870793
870792
870791
870790
870789
870788
870787
870786
870785
870784
870783
870782
870781
870780
870779
870778
870777
870776
870775
870774
870773
870761
870760
870759
870758
870757
870756
870754
870753
870750
870749
870748
870747
870746
870745
870744
870743
870742
870741
870739
870738
870737
870736
