738874
738873
738871
738872
738566
738561
738562
738571
738568
738567
738575
738570
738569
738564
738565
738563
738757
738539
738538
738536
738781
738780
738779
738778
738754
738747
738753
738739
738703
738701
738696
738723
738720
738773
738737
738711
738704
738690
738738
738750
738746
738700
738740
738816
738799
738801
738949
738948
738947
738946
738945
738944
738943
738942
738941
738940
738939
738938
738937
738936
738935
738926
738915
738912
738911
738910
738909
738906
738905
738904
738901
738869
738868
738867
738866
738865
738864
738863
738862
738861
738860
738859
738858
738857
738856
738855
738854
738853
738852
738851
738850
738849
738848
738847
738846
738845
738843
738840
738839
738838
738837
738836
738835
738834
738833
738832
738831
738830
738828
738827
738826
738823
738821
738820
738819
738818
738817
738815
738814
738813
738812
738811
738810
738809
738808
738806
738805
738804
738803
738802
738800
738798
738797
738796
738795
738794
738793
738792
738791
738790
738789
738788
738787
738786
738785
738784
738783
738777
738776
738774
738772
738771
738770
738769
738768
738767
738766
738765
738764
738763
738762
738761
738760
738759
738758
738756
738755
738752
738751
738749
738748
738745
738744
738743
738742
738736
738735
738734
738733
738732
738731
738730
738729
738728
738727
738726
738725
738724
738719
738718
738717
738716
738715
738714
738713
738712
738710
738709
738708
738707
738706
738705
738702
738699
738698
738697
738695
738694
738693
738692
738691
738689
738688
738685
738683
738682
738680
738678
738677
738676
738675
738674
738673
738672
738671
738670
738669
738668
738667
738666
738665
738664
738663
738662
738661
738660
738659
738657
738656
738655
738654
738653
738652
738651
738650
738649
738648
738646
738645
738644
738643
738642
738641
738640
738639
738638
738637
738636
738635
738634
738633
738632
738630
738629
738627
738625
738624
738623
738622
738621
738620
738619
738618
738617
738616
738615
738602
738604
738605
738606
738607
738608
738609
738610
738611
738612
738613
738614
738603
738601
738600
738599
738598
738597
738596
738595
738594
738593
738592
738591
738590
738589
738587
738586
738585
738584
738583
738582
738579
738578
738576
738574
738573
738560
738559
738558
738557
738556
738553
738551
738550
738548
738547
738546
738545
738544
738543
738542
738541
738540
738537
738535
738534
738533
738532
738531
738530
738527
738524
738523
