773398
773232
773233
773269
773272
773271
773206
773280
773283
773282
773390
773389
773388
773281
773284
773410
773409
773408
773407
773406
773404
773403
773402
773401
773400
773399
773397
773396
773395
773394
773393
773392
773391
773385
773384
773387
773386
773383
773382
773381
773380
773379
773378
773376
773375
773374
773373
773372
773371
773370
773369
773368
773366
773365
773363
773362
773361
773360
773359
773358
773357
773356
773355
773354
773353
773352
773351
773350
773349
773348
773347
773346
773345
773344
773343
773342
773341
773340
773339
773337
773336
773335
773334
773333
773332
773331
773330
773328
773327
773326
773325
773324
773323
773322
773321
773320
773319
773318
773317
773316
773315
773314
773313
773312
773311
773310
773308
773307
773305
773304
773303
773302
773301
773300
773297
773293
773291
773290
773289
773288
773287
773286
773285
773279
773278
773277
773276
773275
773274
773273
773268
773267
773266
773265
773264
773263
773262
773261
773260
773259
773258
773257
773256
773255
773254
773253
773252
773251
773250
773248
773247
773246
773245
773244
773243
773242
773241
773240
773239
773238
773237
773235
773231
773230
773228
773227
773226
773225
773224
773223
773222
773221
773220
773219
773218
773216
773215
773213
773212
773211
773210
773209
773208
773207
773205
773204
773203
773202
773200
773199
773198
773197
773196
773195
773194
773193
773192
773191
773190
773189
773188
773187
773186
773185
773184
773182
773181
773180
773179
773178
773177
773176
773175
773174
773173
773172
773171
773170
773169
773167
773166
773165
773163
773162
773161
