870599
870626
870625
870624
870595
870701
870695
870663
870659
870653
870646
870637
870633
870630
870620
870617
870603
870725
870728
870538
870453
870444
870426
870431
870411
870434
870565
870522
870556
870536
870519
870374
870369
870367
870362
870516
870443
870438
870427
870436
870442
870425
870520
870558
870537
870410
870432
870439
870372
870365
870361
870521
870534
870445
870437
870424
870371
870366
870360
870518
870435
870364
870515
870370
870363
870359
870440
870433
870423
870467
870466
870464
870463
870462
870256
870275
870735
870248
870488
870486
870734
870733
870732
870731
870730
870237
870235
870234
870219
870216
870215
870214
870213
870204
870205
870721
870720
870719
870718
870717
870716
870713
870203
870202
870201
870199
870200
870552
870550
870548
870547
870711
870712
870710
870709
870708
870707
870706
870722
870619
870618
870545
870544
870542
870541
870540
870539
870535
870533
870532
870339
870531
870530
870529
870528
870527
870526
870504
870724
870727
870726
870723
870715
870714
870705
870704
870699
870698
870697
870696
870694
870693
870692
870691
870690
870689
870688
870687
870686
870685
870684
870683
870682
870681
870680
870679
870678
870677
870676
870675
870674
870673
870672
870671
870670
870669
870668
870667
870342
870340
870338
870337
870335
870666
870665
870664
870662
870660
870658
870657
870656
870652
870651
870649
870648
870647
870645
870643
870642
870641
870635
870634
870631
870629
870628
870623
870622
870621
870616
870614
870613
870612
870611
870609
870608
870607
870606
870604
870602
870601
870600
870598
870596
870594
870593
870592
870591
870590
870589
870588
870587
870586
870585
870584
870583
870582
870581
870580
870579
870578
870577
870576
870575
870574
870573
870572
870571
870569
870568
870567
870566
870564
870563
870562
870560
870559
870555
870554
870553
870551
870549
870546
870543
870525
870524
870523
870517
870476
870475
870471
870514
870513
870512
870511
870510
870509
870508
870507
870506
870470
870469
870503
870500
870499
870498
870497
870496
870495
870494
870493
870491
870490
870468
870474
870489
870487
870485
870484
870483
870482
870481
870473
870479
870478
870480
870477
870472
870465
870461
870460
870459
870458
870457
870456
870455
870452
870450
870449
870448
870447
870446
870441
870430
870429
870428
870422
870421
870420
870419
870418
870417
870416
870415
870414
870413
870412
870409
870408
870407
870406
870405
870403
870402
870401
870400
870399
870398
870397
870396
870395
870394
870393
870392
870391
870390
870389
870388
870387
870386
870385
870334
870333
870332
870331
870384
870330
870383
870382
870381
870380
870379
870378
870376
870375
870373
870368
870357
870356
870355
870354
870353
870352
870351
870350
870349
870348
870329
870328
870327
870326
870325
870347
870346
870345
870344
870343
870341
870336
870324
870323
870322
870321
870320
870319
870318
870317
870316
870315
870314
870313
870312
870311
870310
870309
870308
870307
870306
870305
870304
870303
870302
870301
870300
870299
870298
870297
870296
870295
870294
870293
870292
870291
870290
870289
870288
870287
870286
870285
870284
870282
870281
870280
870279
870278
870277
870276
870274
870273
870272
870271
870270
870269
870268
870266
870265
870264
870263
870262
870261
870260
870259
870258
870257
870255
870254
870253
870252
870251
870250
870249
870247
870246
870245
870244
870243
870242
870241
870240
870239
870238
870236
870233
870232
870231
870230
870229
870228
870227
870226
870225
870224
870223
870222
870221
870220
870218
870217
870212
870211
870210
870209
870208
870207
870206
