789784
789827
789828
789786
789782
789750
789785
789783
789753
789607
789612
789627
789662
789663
789664
789848
789953
789995
789996
789680
789845
790007
789596
789853
789907
789917
789918
789931
789932
789950
789949
789948
789947
789946
789945
789694
789693
789703
789706
789707
789711
789713
789714
789717
789720
789721
789723
789724
789727
789729
789730
789731
789732
790015
790014
790013
790012
790011
790010
790009
790008
790004
790003
790002
790000
789999
789998
789997
789994
789993
789992
789991
789990
789989
789988
789987
789986
789985
789984
789983
789982
789981
789980
789979
789978
789977
789976
789975
789973
789971
789970
789969
789968
789967
789966
789965
789964
789963
789962
789961
789960
789959
789958
789957
789956
789955
789954
789952
789951
789944
789943
789941
789940
789939
789938
789936
789935
789934
789933
789930
789929
789928
789927
789926
789925
789924
789923
789922
789921
789920
789919
789916
789915
789913
789912
789910
789909
789908
789906
789905
789904
789902
789901
789899
789898
789897
789896
789895
789893
789892
789891
789890
789889
789888
789886
789885
789884
789883
789881
789880
789879
789877
789876
789875
789874
789873
789872
789870
789868
789867
789866
789864
789863
789862
789861
789859
789858
789857
789856
789855
789854
789852
789851
789850
789849
789847
789846
789844
789843
789842
789841
789840
789839
789838
789837
789836
789835
789834
789833
789832
789831
789830
789829
789826
789825
789824
789823
789822
789821
789820
789818
789816
789815
789814
789811
789809
789808
789807
789806
789805
789804
789803
789802
789801
789800
789799
789798
789796
789795
789794
789793
789792
789791
789789
789788
789787
789780
789779
789778
789777
789776
789775
789774
789773
789772
789771
789770
789769
789768
789767
789766
789765
789764
789763
789762
789761
789759
789758
789757
789756
789755
789754
789752
789751
789749
789748
789747
789746
789745
789744
789743
789742
789741
789740
789739
789738
789737
789736
789735
789734
789733
789728
789726
789725
789722
789719
789718
789716
789715
789712
789710
789709
789708
789705
789704
789702
789701
789700
789699
789698
789697
789696
789692
789691
789689
789687
789686
789685
789684
789683
789682
789681
789679
789678
789677
789676
789675
789674
789673
789672
789671
789670
789669
789668
789667
789666
789665
789661
789660
789659
789658
789657
789656
789655
789654
789653
789652
789651
789650
789647
789645
789644
789643
789642
789640
789638
789637
789636
789635
789634
789633
789632
789629
789628
789626
789625
789622
789620
789619
789618
789615
789613
789616
789614
789611
789610
789608
789609
789606
789605
789604
789603
789602
789601
789600
789599
789598
789597
789595
