743001
743002
743000
742960
743028
742991
742997
742998
742983
742982
742981
743017
743005
742948
742934
743015
743009
742807
742827
742823
742818
742815
742980
742979
742978
742808
742801
742799
743010
743006
742994
743013
742923
742821
742926
743008
743018
743004
742933
742992
742921
742826
742819
742817
742977
742976
742974
742829
742816
742943
743016
743014
742798
742806
743011
743012
743007
742922
742920
742927
742946
742822
742820
742831
742800
742802
742828
742824
742805
742973
742972
742971
742690
742689
742688
742687
742686
742685
742684
742683
742682
742834
742840
742837
742843
742856
742908
742929
742942
742957
743025
743023
742907
742911
742916
742917
742885
742835
742838
742845
742842
742836
743029
742846
742850
742848
742864
742768
743038
743037
743036
743035
743034
743033
743032
743031
743030
743027
743026
743024
743022
743021
743020
743019
743003
742999
742996
742995
742993
742990
742989
742988
742987
742986
742985
742970
742969
742968
742967
742966
742984
742975
742965
742964
742963
742962
742961
742959
742958
742956
742955
742954
742953
742952
742950
742949
742947
742945
742944
742941
742940
742939
742938
742937
742936
742935
742931
742930
742928
742925
742924
742919
742918
742915
742914
742913
742912
742910
742909
742906
742905
742904
742903
742902
742901
742900
742899
742898
742896
742897
742895
742894
742890
742893
742892
742888
742886
742884
742710
742832
742874
742883
742882
742881
742880
742879
742878
742877
742876
742875
742873
742872
742871
742870
742869
742868
742867
742866
742865
742862
742861
742859
742858
742857
742855
742853
742852
742844
742839
742830
742825
742814
742813
742812
742811
742810
742804
742803
742797
742796
742795
742794
742793
742792
742791
742790
742789
742788
742787
742786
742785
742784
742783
742782
742781
742780
742779
742778
742777
742776
742775
742774
742773
742772
742771
742770
742769
742767
742766
742764
742763
742762
742761
742760
742759
742758
742757
742756
742755
742754
742765
742753
742752
742751
742750
742749
742748
742747
742746
742745
742744
742743
742742
742741
742740
742739
742738
742737
742736
742735
742734
742733
742732
742731
742730
742729
742728
742727
742726
742725
742724
742723
742721
742719
742720
742718
742716
742715
742714
742713
742712
742711
742709
742704
742702
742701
742700
742699
742698
742697
742696
742695
742694
742693
742692
742691
