791556
791553
791552
791551
791554
791555
791550
791547
791548
791545
791544
791543
791536
791675
791604
791886
791884
791883
791882
791880
791876
791875
791869
791865
791858
791849
791844
791842
791841
791838
791837
791831
791830
791867
791861
791857
791888
791868
791664
791661
791653
791651
791669
791640
791660
791859
791835
791863
791887
791885
791871
791615
791613
791612
791870
791852
791851
791850
791845
791829
791610
791607
791605
791657
791630
791634
791667
791655
791629
791616
791614
791611
791879
791878
791874
791872
791866
791856
791855
791853
791848
791836
791826
791825
791824
791603
791608
791631
791628
791609
791606
791827
791573
791999
791578
791582
791821
791822
791823
792005
791659
792001
792007
791633
792004
791671
791639
791676
791674
792009
792003
791637
791663
791648
791678
791557
791549
791546
791643
792008
792002
791672
791760
791759
791758
791665
791645
791677
791757
791756
791755
791754
791753
791752
791751
791750
791749
791748
791747
791746
791745
791744
791740
791739
791738
791737
791741
791742
791743
791736
791735
791734
791733
791732
791731
791730
791729
791728
791727
791726
791725
791724
791723
791722
791721
791720
791719
791698
791716
791715
791714
791713
791712
791711
791710
791709
791708
791707
791706
791705
791704
791703
791702
791701
791700
791699
791697
791696
791695
791694
791632
791649
791662
791635
791641
791693
791692
791691
791689
791687
791685
791684
791683
792011
792010
792000
791997
791996
791995
791994
791993
791992
791991
791989
791988
791987
791986
791985
791984
791983
791982
791981
791980
791979
791978
791977
791976
791975
791974
791973
791972
791971
791970
791969
791968
791967
791966
791965
791964
791963
791962
791961
791960
791959
791958
791957
791956
791955
791954
791953
791952
791951
791950
791948
791947
791946
791944
791943
791942
791941
791940
791939
791938
791937
791936
791935
791934
791933
791932
791931
791930
791929
791928
791927
791926
791925
791924
791923
791922
791921
791920
791919
791918
791917
791916
791914
791913
791912
791911
791910
791909
791908
791907
791906
791905
791904
791903
791902
791901
791900
791899
791898
791895
791897
791896
791894
791892
791891
791881
791873
791783
791862
791860
791847
791846
791843
791840
791839
791834
791833
791832
791828
791820
791819
791818
791817
791816
791815
791814
791813
791812
791811
791810
791809
791808
791807
791806
791805
791804
791803
791802
791801
791800
791799
791798
791797
791796
791795
791794
791793
791792
791791
791790
791789
791788
791787
791786
791785
791784
791782
791781
791780
791779
791778
791777
791776
791775
791774
791772
791771
791770
791769
791768
791767
791766
791765
791764
791763
791762
791761
791718
791717
791686
791682
791681
791680
791679
791642
791673
791647
791646
791644
791638
791636
791658
791626
791625
791624
791623
791622
791621
791620
791619
791618
791617
791602
791601
791600
791599
791598
791597
791596
791595
791594
791593
791592
791591
791590
791589
791588
791587
791586
791585
791584
791583
791581
791580
791579
791577
791576
791574
791572
791571
791558
791559
791560
791561
791570
791569
791562
791566
791568
791567
791565
791564
791563
791542
791541
791540
791539
791538
791535
791534
791533
791532
791531
791530
791529
791527
791526
791525
791524
791522
791521
