797075
797074
797069
797067
797064
797063
797054
797052
797051
797050
797049
797047
797045
797048
797046
797044
797039
797037
796748
797095
797091
797089
797087
797085
797083
797081
797080
797076
797182
797140
797042
797061
796744
797057
796761
796753
797072
797077
797147
796772
797099
797100
797101
797179
797079
797082
797084
797086
797090
796767
796768
796776
796777
796932
796933
796986
796988
797187
797124
797117
797115
797110
797107
797102
796926
797216
797214
797213
796925
796946
796943
796917
796912
796905
796855
796851
797217
796950
796948
796901
796898
796927
796852
797122
797118
797215
797212
797121
797116
797114
797103
796919
797108
797104
796949
796945
796947
796944
796928
796918
796847
796911
796902
796900
796850
796854
796930
796849
796853
796846
796957
796738
796737
796773
797234
796760
796759
796758
796757
797112
797109
797024
797032
797238
797237
797236
797232
797231
797230
797229
797228
797227
797226
797225
797224
797223
797222
797221
797220
797219
797218
797211
797210
797209
797208
797207
797206
797205
797203
797202
797201
797200
797199
797198
797197
797196
797195
797193
797192
797191
797190
797188
797185
797184
797183
797181
797180
797178
797177
797176
797175
797174
797173
797172
797171
797170
797169
797168
797167
797166
797165
797164
797163
797162
797161
797160
797159
797158
797157
797156
797155
797154
797153
797152
797151
797150
797149
797148
797146
797145
797144
797143
797142
797141
797139
797138
797137
797136
797135
797134
797133
797132
797131
797130
797129
797128
797127
797126
797123
797119
797113
797111
797106
797105
797098
797097
797096
797092
797088
797073
797071
797070
797068
797066
797065
797062
797060
797059
797058
797056
797055
797053
797043
797041
797040
797036
797034
797031
797030
797029
797028
797027
797026
797023
797022
797021
797020
797019
797018
797017
797015
797013
797012
797011
797010
797009
797008
797007
797006
797005
797004
797003
797002
797001
797000
796999
796998
796997
796996
796995
796994
796993
796992
796991
796990
796989
796987
796985
796984
796983
796982
796981
796980
796979
796978
796977
796976
796975
796974
796973
796972
796971
796970
796969
796968
796967
796966
796965
796964
796963
796962
796961
796960
796959
796958
796956
796955
796954
796953
796952
796951
796942
796941
796939
796937
796936
796935
796934
796931
796929
796924
796922
796921
796920
796910
796916
796915
796914
796913
796909
796908
796907
796906
796904
796903
796899
796897
796896
796895
796894
796893
796892
796891
796890
796889
796888
796887
796886
796885
796884
796883
796882
796881
796880
796879
796878
796877
796876
796875
796874
796873
796872
796871
796870
796869
796868
796867
796866
796865
796864
796863
796862
796861
796860
796859
796858
796857
796856
796848
796845
796844
796843
796842
796841
796840
796839
796838
796837
796836
796835
796834
796833
796832
796830
796828
796827
796826
796825
796824
796823
796822
796821
796820
796819
796818
796817
796816
796815
796814
796813
796812
796811
796810
796809
796808
796807
796806
796805
796804
796803
796802
796801
796800
796799
796798
796797
796796
796795
796794
796793
796792
796791
796790
796789
796788
796787
796786
796785
796784
796783
796782
796781
796780
796779
796778
796775
796774
796771
796770
796769
796766
796765
796764
796763
796762
796756
796755
796754
796752
796751
796750
796749
796746
796745
796743
796742
796741
796740
796739
796736
796735
796734
796733
796732
796731
796730
796729
796728
796727
796726
796725
796723
796722
796721
796720
796719
796718
