770938
770963
771043
771070
771288
770944
770945
770946
770947
770948
770949
771174
771175
771177
771178
771182
771183
770972
771173
771171
771170
771166
771165
771164
771295
771294
771293
771292
771291
771290
771289
771287
771286
771285
771284
771279
771277
771274
771263
771262
771261
771259
771256
771254
771251
771249
771247
771245
771237
771236
771233
771230
771226
771225
771224
771222
771191
771190
771189
771188
771187
771197
771196
771195
771186
771221
771192
771193
771194
771169
771168
771220
771219
771214
771212
771209
771207
771199
771200
771201
771218
771217
771216
771215
771213
771210
771208
771206
771205
771204
771202
771198
771185
771184
771181
771180
771179
771176
771172
771167
771163
771162
771161
771160
771159
771158
771157
771156
771155
771154
771153
771152
771151
771150
771149
771148
771147
771146
771142
771141
771140
771139
771138
771137
771136
771135
771134
771133
771132
771131
771130
771129
771144
771143
771128
771127
771126
771125
771124
771123
771122
771121
771120
771119
771118
771117
771116
771115
771114
771113
771112
771111
771110
771109
771108
771106
771105
771107
771104
771103
771102
771101
771100
771099
771098
771097
771096
771095
771094
771093
771092
771091
771090
771089
771088
771087
771086
771085
771084
771083
771082
771081
771080
771079
771078
771077
771076
771075
771074
771073
771072
771071
771069
771067
771066
771065
771064
771063
771062
771061
771060
771059
771058
771057
771056
771055
771054
771053
771052
771051
771050
771049
771048
771047
771046
771045
771044
771042
771041
771040
771039
771037
771036
771035
771034
771033
771032
771031
771030
771029
771028
771027
771026
771025
771024
771023
771022
771021
771020
771019
771018
771017
771016
771015
771014
771013
771012
771011
771010
771009
771008
771007
771006
771005
771004
771003
771002
771001
771000
770999
770998
770997
770996
770995
770994
770990
770989
770988
770986
770984
770983
770982
770981
770980
770979
770978
770993
770992
770991
770987
770985
770977
770976
770975
770974
770973
770971
770970
770969
770968
770967
770966
770965
770964
770962
770961
770960
770959
770958
770957
770956
770955
770954
770953
770952
770951
770950
770943
770942
770940
770939
770937
770936
770935
770930
770929
770928
770927
770907
770899
770892
770891
