800773
800757
800837
800811
800692
800612
800789
800833
800759
800620
800567
800560
800545
800518
800507
800503
800501
800497
800492
800453
800443
800797
800694
800493
800463
800457
800435
800432
800427
800756
800517
800836
800834
800807
800514
800490
800500
800496
800690
800788
800562
800619
800611
800544
800513
800702
800535
800536
800683
800734
800288
800674
800866
800840
800841
800843
800844
800809
800787
800512
800499
800495
800447
800440
800454
800835
800511
800506
800498
800489
800494
800430
800796
800488
800487
800486
800485
800484
800483
800482
800481
800480
800479
800478
800477
800476
800475
800474
800473
800472
800462
800464
800465
800466
800467
800468
800469
800471
800349
800348
800347
800820
800832
800831
800830
800829
800828
800827
800826
800825
800824
800823
800822
800821
800819
800818
800817
800816
800815
800814
800813
800812
800810
800808
800461
800459
800458
800456
800455
800452
800451
800450
800449
800448
800446
800445
800444
800442
800441
800438
800437
800436
800434
800431
800429
800627
800628
800638
800639
800640
800641
800643
800644
800647
800648
800649
800650
800651
800653
800654
800655
800661
800662
800881
800880
800879
800878
800877
800876
800875
800874
800873
800871
800870
800869
800868
800867
800865
800864
800863
800862
800861
800860
800859
800858
800857
800856
800854
800853
800852
800851
800849
800848
800847
800846
800845
800842
800839
800838
800806
800805
800804
800803
800802
800801
800800
800799
800798
800795
800794
800793
800792
800791
800790
800782
800781
800780
800779
800778
800777
800776
800775
800774
800772
800771
800770
800769
800768
800767
800766
800765
800764
800763
800762
800761
800760
800758
800755
800754
800753
800752
800750
800749
800748
800747
800746
800745
800744
800743
800742
800741
800740
800739
800738
800737
800736
800735
800733
800732
800731
800730
800729
800728
800727
800726
800725
800724
800723
800722
800721
800720
800719
800718
800717
800716
800715
800714
800713
800712
800711
800709
800708
800707
800706
800705
800704
800703
800701
800700
800698
800697
800696
800695
800693
800691
800689
800688
800687
800686
800685
800684
800682
800681
800680
800678
800677
800676
800673
800672
800671
800670
800669
800668
800667
800666
800665
800664
800663
800660
800659
800658
800657
800656
800652
800646
800645
800642
800637
800636
800635
800634
800633
800632
800631
800630
800629
800626
800624
800623
800622
800621
800618
800616
800615
800614
800613
800609
800608
800607
800606
800605
800603
800602
800601
800600
800599
800598
800597
800596
800595
800594
800593
800591
800589
800588
800587
800586
800585
800584
800583
800582
800581
800580
800579
800578
800577
800576
800575
800574
800573
800571
800570
800569
800568
800566
800565
800564
800563
800561
800558
800557
800556
800555
800554
800553
800552
800551
800550
800549
800548
800547
800546
800543
800542
800541
800540
800539
800538
800537
800534
800533
800532
800531
800530
800529
800528
800527
800526
800525
800524
800523
800522
800520
800519
800516
800515
800510
800509
800508
800504
800502
800491
800470
800460
800439
800433
800428
800426
800425
800423
800422
800421
800420
800419
800418
800417
800416
800415
800414
800412
800411
800410
800408
800407
800406
800405
800404
800403
800401
800400
800399
800398
800397
800396
800395
800393
800392
800391
800390
800389
800388
800387
800386
800385
800384
800383
800382
800381
800380
800379
800378
800377
800376
800375
800374
800373
800372
800371
800370
800369
800368
800367
800366
800365
800364
800363
800362
800361
800360
800358
800357
800356
800355
800354
800353
800352
800351
800350
800346
800345
800344
800343
800342
800341
800340
800339
800338
800337
800336
800335
800334
800333
800332
800331
800330
800327
800326
800325
800324
800323
800322
800321
800320
800319
800317
800316
800315
800314
800313
800312
800311
800310
800309
800308
800307
800305
800304
800303
800302
800301
800300
800299
800298
800297
800296
800295
800293
800292
800291
800290
800289
