899990
899983
900024
900023
899986
900037
900036
900029
900027
900033
900021
900020
900014
899898
899818
899817
899919
899915
900005
900002
899997
900019
900018
900016
899788
899816
899979
899993
900012
900009
900032
899813
900286
900274
900115
900067
900167
900255
900254
900227
900137
900135
900130
900046
900044
900259
900253
900257
900047
899935
899930
900252
900226
900048
899933
900043
899934
900256
900234
900045
899931
899929
899988
899972
899975
900054
899814
899903
899902
899901
899899
899789
899790
899791
900271
900270
900269
900268
900267
900266
900265
900263
900262
900261
900260
900258
900244
900243
900242
900241
900240
900239
900238
900237
900236
900235
900233
900208
900207
900134
900133
900132
900131
900129
900128
900264
900232
900231
900229
900209
900206
900205
900204
900182
900181
900180
900194
900193
900197
900196
900192
900191
900183
900190
900189
900284
900283
900282
900281
900280
900279
900278
900277
900276
900275
900273
900272
900228
900214
900213
900212
900211
900210
900203
900202
900201
900200
900179
900178
900177
900176
900175
900174
900173
900172
900171
900170
900251
900250
900249
900248
900247
900246
900245
900225
900224
900222
900221
900220
900219
900218
900217
900216
900215
900199
900195
900188
900186
900185
900184
900168
900166
900164
900163
900162
900161
900160
900158
900157
900155
900154
900153
900152
900151
900150
900149
900148
900147
900146
900145
900143
900144
900142
900141
900139
900138
900136
900127
900126
900125
900124
900123
900122
900121
900120
900119
900118
900117
900114
900113
900112
900111
900110
900109
900107
900106
900105
900104
900103
900102
900101
900100
900098
900097
900096
900095
900094
900093
900092
900090
900086
900084
900083
900082
900081
900080
900078
900077
900076
900074
900073
900072
900071
900070
900069
900068
900066
900065
900064
900063
900062
900061
900060
900059
900057
900053
900052
900051
900050
900049
900042
900041
900040
900038
900034
900031
900030
900028
900025
900022
900017
900015
900013
900011
900010
900008
900007
900006
900004
900003
900001
900000
899999
899998
899996
899995
899994
899992
899991
899989
899987
899985
899984
899982
899981
899980
899978
899977
899976
899974
899973
899971
899970
899969
899968
899967
899966
899965
899964
899963
899962
899961
899960
899959
899958
899957
899956
899955
899954
899953
899951
899950
899949
899947
899946
899945
899944
899942
899941
899940
899939
899937
899936
899932
899928
899926
899925
899924
899923
899922
899921
899920
899918
899917
899914
899913
899912
899911
899910
899906
899905
899904
899900
899897
899896
899895
899894
899893
899892
899891
899890
899888
899887
899886
899885
899884
899883
899882
899881
899880
899879
899878
899877
899876
899875
899874
899873
899872
899871
899870
899869
899868
899867
899866
899865
899864
899863
899862
899861
899860
899859
899858
899857
899856
899855
899854
899853
899852
899851
899850
899849
899848
899847
899846
899845
899844
899843
899842
899841
899840
899839
899838
899837
899836
899835
899834
899833
899832
899831
899830
899829
899828
899827
899826
899825
899824
899823
899822
899821
899820
899819
899815
899812
899811
899810
899808
899807
899806
899805
899804
899803
899802
899801
899800
899799
899798
899797
899796
899795
899794
899793
899792
