749518
749541
749580
749608
749571
749598
749588
749576
749575
749574
749573
749442
749468
749599
749600
749601
749634
749657
749734
749738
749665
749666
749755
749754
749753
749752
749751
749750
749749
749748
749747
749746
749745
749744
749743
749742
749741
749740
749739
749737
749736
749735
749733
749732
749731
749730
749728
749727
749726
749725
749724
749723
749722
749721
749720
749719
749718
749716
749675
749677
749678
749679
749680
749683
749686
749688
749690
749691
749692
749693
749694
749696
749697
749698
749700
749702
749703
749705
749707
749708
749711
749712
749713
749714
749715
749710
749709
749706
749701
749699
749695
749689
749687
749685
749684
749682
749681
749676
749674
749673
749672
749671
749670
749669
749668
749667
749664
749663
749662
749661
749660
749658
749655
749654
749653
749652
749651
749650
749649
749648
749647
749646
749645
749644
749643
749642
749641
749640
749639
749638
749637
749636
749635
749633
749632
749631
749630
749629
749628
749627
749626
749625
749624
749623
749621
749620
749619
749618
749617
749616
749615
749614
749613
749612
749609
749607
749606
749605
749604
749603
749602
749597
749596
749595
749594
749593
749592
749591
749590
749589
749587
749586
749585
749584
749583
749582
749581
749579
749578
749577
749572
749570
749569
749568
749567
749566
749565
749564
749563
749562
749561
749560
749559
749558
749557
749556
749555
749554
749553
749552
749551
749550
749549
749548
749547
749546
749545
749544
749543
749542
749540
749539
749538
749537
749536
749535
749534
749533
749532
749531
749530
749529
749528
749527
749526
749524
749523
749522
749521
749519
749517
749516
749515
749514
749513
749512
749511
749510
749509
749508
749507
749506
749505
749504
749503
749502
749501
749500
749499
749498
749497
749496
749495
749494
749493
749492
749491
749490
749489
749488
749487
749486
749484
749483
749478
749477
749476
749475
749474
749473
749472
749471
749470
749469
749467
749466
749465
749464
749462
749461
749459
749458
749457
749456
749455
749454
749453
749452
749451
749450
749449
749447
749445
749444
749443
749441
749440
749439
749438
749437
749436
749435
749434
749433
749431
749430
749429
749428
749427
