780114
780082
779930
779940
779929
779843
779838
779840
779837
779836
779842
779831
779835
779834
779833
779832
780214
780211
780209
780178
780171
780160
780167
780168
780166
780196
780175
780172
780169
780177
780165
780176
780200
780201
780191
780170
780164
780158
780157
780156
780153
780152
780213
780210
780208
780212
780186
780180
780174
780184
780185
780190
780162
779825
779824
779823
779822
779821
779914
779912
779911
779907
779781
780130
780056
780057
780071
780138
780139
780249
780250
780252
780251
780248
780247
780246
780245
780244
780243
780242
780241
780240
780239
780238
780237
780236
780235
780234
780233
780232
780231
780230
780229
780227
780226
780225
780224
780223
780222
780221
780220
780219
780218
780217
780216
780215
780207
780206
780205
780204
780203
780202
780198
780195
780194
780193
780192
780189
780188
780187
780183
780182
780181
780179
780173
779756
779758
779759
780161
780159
780155
780154
780151
780150
780149
780148
780147
780146
780145
780144
780143
780142
780141
780140
780137
780135
780134
780133
780132
780131
780129
780126
780125
780124
780123
780121
780120
780119
780118
780117
780112
780111
780110
780109
780108
780107
780106
780105
780104
780103
780102
780101
780100
780099
780098
780097
780096
780095
780094
780093
780092
780091
780090
780089
780088
780086
780085
780084
780083
780081
780080
780079
780078
780077
780076
780075
780074
780073
780072
780070
780069
780068
780067
780066
780065
780064
780063
780062
780061
780060
780059
780058
780055
780054
780053
780052
780051
780050
780049
780048
780047
780046
780045
780044
780043
780042
780041
780040
780039
780038
780037
780036
780035
780034
780033
780032
780031
780030
780029
780028
780026
780025
780024
780023
780022
780021
780020
780019
780018
780016
780015
780014
780013
780012
780011
780010
780009
780007
780006
780005
780004
780003
780002
780001
780000
779999
779998
779997
779996
779995
779994
779993
779992
779991
779990
779989
779988
779987
779986
779985
779984
779983
779982
779981
779980
779979
779978
779977
779976
779975
779974
779973
779972
779971
779970
779969
779968
779967
779966
779965
779964
779963
779961
779960
779959
779958
779957
779956
779955
779954
779953
779952
779951
779950
779949
779948
779947
779946
779945
779944
779943
779942
779939
779938
779937
779846
779845
779844
779841
779839
779936
779935
779934
779933
779932
779931
779928
779927
779926
779925
779924
779923
779906
779905
779904
779922
779921
779920
779919
779918
779917
779915
779910
779909
779908
779903
779902
779901
779900
779899
779898
779897
779896
779895
779894
779893
779892
779891
779890
779888
779887
779886
779885
779884
779883
779882
779881
779880
779879
779851
779850
779849
779848
779847
779877
779876
779875
779874
779873
779872
779871
779870
779869
779868
779867
779866
779865
779863
779862
779861
779860
779859
779858
779857
779856
779855
779854
779853
779852
779830
779829
779828
779827
779826
779820
779819
779818
779817
779816
779815
779814
779813
779812
779811
779810
779809
779808
779807
779806
779805
779804
779803
779802
779801
779800
779799
779798
779797
779796
779795
779794
779792
779790
779789
779788
779787
779786
779785
779784
779783
779779
779778
779777
779776
779775
779774
779773
779772
779771
779770
779769
779768
779767
779765
779764
779763
779761
779760
