762043
761981
761976
761974
761970
761978
761972
762044
761979
761980
761977
761973
761969
761966
761963
761964
761975
761971
761968
761967
761965
762019
762018
762169
762176
762173
762174
761942
761943
762099
762128
762129
762130
762181
761872
761990
761962
762162
762161
762160
762159
762158
762156
762170
762183
762168
762164
762187
762185
762179
762175
762177
762166
762167
762165
762172
762186
762182
762184
762056
762055
762054
762053
762052
762051
762050
762049
762048
762047
762046
761883
762211
762210
762209
762208
762207
762206
762205
762204
762203
762202
762201
762199
762198
762197
762196
762195
762194
762193
762192
762191
762190
762180
762178
762163
762157
762155
762154
762153
762152
762151
762150
762149
762147
762146
762145
762144
762143
762142
762141
762140
762139
762138
762137
762136
762135
762134
762133
762131
762127
762126
762124
762123
762122
762121
762120
762119
762118
762117
762116
762115
762114
762113
762111
762110
762109
762108
762106
762105
762103
762101
762100
762097
762096
762095
762094
762093
762091
762090
762089
762088
762087
762086
762085
762084
762083
762082
762081
762080
762079
762078
762077
762076
762075
762074
762073
762072
762071
762070
762069
762068
762067
762066
762065
762064
762063
762062
762061
762060
762059
762058
762057
762045
762042
762041
762040
762039
762038
762037
762036
762035
762034
762033
762032
762030
762029
762028
762024
762026
762025
762023
762022
762021
762020
762017
762016
762015
762014
762013
762011
762009
762008
762007
762006
762005
762004
762003
762002
762001
762000
761998
761997
761996
761995
761994
761993
761992
761991
761989
761988
761987
761986
761985
761984
761983
761982
761961
761960
761959
761958
761957
761956
761955
761954
761953
761951
761950
761949
761948
761947
761946
761945
761944
761941
761940
761939
761938
761937
761936
761935
761934
761933
761932
761931
761930
761929
761928
761927
761926
761925
761924
761923
761922
761921
761920
761919
761918
761917
761916
761915
761914
761912
761911
761910
761909
761908
761907
761906
761905
761904
761903
761902
761900
761898
761897
761896
761895
761894
761893
761892
761891
761890
761889
761888
761887
761886
761884
761882
761881
761878
761877
761876
761875
761874
761873
761871
761870
761869
761868
761867
761866
761865
761864
761863
761862
761861
761860
