790924
790730
790739
790723
790680
790677
790673
790684
790661
790658
790634
790518
790520
790666
790669
790663
790690
790607
790599
790670
790585
790593
790588
790587
790638
790612
790722
790681
790664
790706
790705
790704
790608
790603
790586
790687
790676
790672
790667
790660
790657
790637
790926
790668
790683
790671
790688
790679
790675
790665
790662
790635
790611
790604
790605
790598
790515
790531
790525
790617
790470
790494
790609
790902
790903
790653
790686
790702
790714
790796
790810
790517
790514
790513
790549
790533
790913
790912
790830
790929
790928
790925
790923
790922
790921
790920
790918
790917
790916
790915
790914
790911
790910
790909
790908
790907
790906
790905
790904
790870
790900
790899
790898
790897
790896
790892
790889
790884
790883
790882
790879
790876
790875
790895
790891
790890
790881
790878
790872
790893
790885
790877
790874
790873
790894
790888
790887
790886
790880
790871
790869
790868
790867
790866
790865
790864
790863
790862
790861
790860
790859
790857
790856
790855
790854
790853
790852
790851
790850
790849
790848
790847
790846
790845
790844
790842
790841
790839
790838
790837
790829
790828
790827
790826
790825
790824
790823
790821
790822
790820
790819
790818
790817
790816
790815
790814
790813
790812
790811
790808
790806
790805
790804
790803
790802
790801
790800
790799
790798
790797
790795
790794
790793
790792
790791
790790
790789
790788
790787
790786
790785
790784
790783
790782
790781
790780
790779
790778
790777
790776
790775
790774
790773
790771
790770
790769
790768
790767
790766
790765
790764
790763
790762
790760
790759
790758
790756
790755
790754
790753
790752
790751
790750
790749
790748
790747
790746
790745
790744
790741
790740
790738
790737
790736
790735
790734
790733
790732
790731
790729
790728
790727
790726
790725
790724
790721
790720
790719
790718
790717
790716
790715
790712
790711
790710
790709
790708
790707
790703
790701
790700
790699
790698
790697
790696
790695
790694
790693
790692
790691
790689
790685
790682
790678
790674
790659
790656
790618
790619
790655
790651
790650
790649
790648
790647
790646
790645
790644
790643
790642
790641
790640
790639
790616
790615
790636
790633
790632
790631
790630
790629
790628
790627
790626
790625
790624
790623
790622
790620
790614
790613
790606
790602
790601
790600
790597
790596
790595
790594
790592
790591
790590
790589
790584
790583
790582
790581
790580
790579
790578
790577
790576
790575
790574
790573
790572
790571
790570
790569
790568
790567
790566
790564
790563
790562
790561
790560
790559
790558
790556
790555
790554
790553
790552
790551
790548
790547
790546
790545
790544
790543
790542
790541
790540
790539
790538
790537
790536
790535
790534
790530
790529
790528
790527
790526
790524
790523
790522
790521
790519
790512
790511
790510
790509
790508
790507
790506
790505
790503
790501
790500
790497
790496
790493
790492
790491
790490
790489
790488
790487
790486
790485
790484
790483
790482
790481
790480
790479
790478
790477
790476
790475
790473
790472
790471
790469
790468
790467
790466
790465
790464
790463
790462
790461
790460
790459
790458
790457
790456
