753382
753597
753327
753328
753329
753330
753349
753348
753347
753346
753594
753542
753488
753491
753334
753333
753332
753331
753380
753381
753586
753585
753584
753583
753582
753581
753580
753579
753578
753576
753575
753574
753573
753572
753571
753570
753569
753568
753567
753566
753565
753564
753305
753304
753318
753311
753310
753308
753552
753627
753630
753632
753637
753640
753644
753320
753314
753309
753315
753362
753518
753335
753312
753649
753647
753645
753642
753641
753639
753638
753636
753635
753634
753633
753631
753629
753628
753626
753625
753621
753622
753623
753624
753619
753618
753617
753615
753614
753613
753612
753611
753610
753608
753606
753605
753604
753603
753602
753601
753600
753599
753598
753596
753595
753593
753592
753591
753590
753589
753588
753577
753563
753562
753561
753560
753559
753558
753557
753556
753555
753554
753553
753551
753550
753549
753548
753547
753463
753546
753439
753545
753541
753540
753438
753461
753538
753537
753536
753535
753534
753533
753455
753459
753532
753531
753530
753529
753528
753527
753526
753525
753524
753523
753437
753456
753522
753521
753520
753519
753517
753516
753514
753513
753512
753511
753510
753508
753507
753506
753505
753504
753503
753502
753501
753500
753499
753497
753496
753495
753494
753493
753492
753490
753489
753487
753443
753486
753444
753462
753485
753484
753483
753482
753481
753480
753479
753478
753477
753476
753475
753474
753473
753472
753471
753470
753469
753468
753467
753466
753465
753464
753446
753453
753440
753460
753458
753457
753454
753452
753450
753449
753448
753447
753445
753442
753441
753436
753435
753434
753433
753432
753431
753430
753429
753428
753427
753426
753425
753424
753423
753422
753421
753420
753419
753418
753416
753415
753414
753413
753412
753411
753410
753409
753408
753407
753406
753405
753404
753403
753402
753401
753400
753399
753398
753397
753396
753395
753394
753393
753392
753391
753389
753388
753387
753386
753385
753384
753383
753379
753378
753377
753376
753375
753374
753373
753372
753371
753370
753369
753368
753367
753366
753365
753364
753363
753360
753359
753358
753357
753356
753355
753354
753353
753352
753351
753350
753345
753344
753343
753342
753341
753340
753339
753338
753337
753326
753325
753324
753323
753322
753321
753319
753317
753316
753313
753307
753306
753303
753302
753301
753300
