756602
756493
756613
756448
756447
756446
756440
756439
756445
756444
756442
756441
756776
756775
756774
756770
756773
756772
756771
756777
756769
756768
756611
756610
756609
756608
756585
756589
756495
756584
756453
756452
756451
756607
756587
756496
756605
756604
756606
756588
756494
756582
756586
756581
756859
756864
756629
756628
756869
756867
756863
756860
756857
756855
756850
756848
756794
756868
756866
756865
756856
756853
756851
756847
756846
756845
756665
756661
756659
756651
756650
756655
756660
756672
756663
756669
756667
756742
756664
756657
756652
756654
756656
756662
756673
756653
756658
756671
756670
756668
756844
756843
756842
756838
756837
756836
756835
756834
756833
756832
756831
756830
756829
756828
756827
756825
756824
756823
756822
756821
756820
756819
756818
756817
756816
756792
756870
756862
756841
756840
756839
756826
756815
756814
756813
756812
756811
756810
756809
756808
756807
756806
756805
756804
756803
756802
756801
756800
756799
756798
756797
756796
756795
756793
756791
756790
756789
756788
756787
756786
756785
756784
756783
756782
756781
756779
756778
756767
756766
756765
756764
756763
756762
756541
756697
756760
756759
756758
756757
756756
756755
756753
756752
756751
756750
756749
756748
756747
756746
756745
756744
756743
756741
756740
756739
756738
756737
756736
756735
756734
756733
756732
756731
756730
756729
756728
756727
756726
756725
756724
756723
756722
756721
756720
756719
756718
756717
756716
756715
756714
756713
756712
756711
756710
756709
756708
756707
756706
756705
756704
756703
756702
756701
756700
756699
756698
756696
756695
756694
756693
756692
756691
756690
756689
756688
756687
756686
756685
756684
756683
756682
756681
756680
756679
756678
756676
756675
756674
756666
756649
756648
756647
756646
756645
756644
756643
756642
756641
756640
756639
756638
756637
756634
756633
756632
756631
756630
756627
756626
756625
756624
756623
756622
756621
756620
756619
756618
756617
756616
756615
756614
756612
756601
756600
756599
756598
756596
756595
756594
756593
756592
756591
756590
756583
756497
756508
756509
756510
756511
756512
756513
756514
756515
756516
756553
756554
756555
756556
756557
756558
756559
756560
756562
756563
756564
756565
756566
756567
756569
756570
756571
756572
756573
756574
756575
756576
756577
756578
756561
756552
756551
756550
756549
756548
756547
756546
756534
756545
756544
756543
756542
756540
756539
756538
756537
756536
756535
756533
756532
756531
756530
756529
756528
756527
756526
756525
756524
756523
756522
756521
756520
756519
756518
756517
756507
756506
756505
756504
756503
756502
756501
756500
756499
756498
756492
756491
756490
756489
756488
756487
756486
756485
756484
756483
756482
756481
756480
756479
756478
756477
756476
756475
756474
756473
756472
756471
756470
756469
756468
756467
756466
756465
756464
756463
756462
756461
756460
756459
756458
756457
756456
756455
756450
756449
756443
756438
756437
756436
756435
756434
756433
756432
756431
756430
