841187
841186
841185
841184
841192
841201
841283
841258
841079
840952
840951
841257
841240
841238
841071
841208
841196
841209
841285
841259
841242
841284
841237
841254
841109
841102
841101
841068
841067
840999
840944
840901
840897
841202
841194
841211
841212
841332
841214
841210
841197
841195
840942
840949
840948
840946
840955
840945
841249
841282
841070
840894
840956
840964
841247
841239
841235
840998
840943
841069
840895
840826
840824
840823
840822
840900
840898
840936
841100
841060
841073
841074
841098
841170
841171
841175
841176
841178
841180
840801
840954
840957
840958
840959
840960
840961
840962
840963
840965
840966
840967
840968
840969
840970
840971
840972
840973
840974
840976
840977
840978
840979
840980
840981
840982
840983
840985
840986
840987
840988
840989
840990
840991
840992
840993
840994
840995
840996
840997
841000
841001
841002
841003
841004
841005
841006
841007
841008
841009
841010
841011
841012
841013
841014
841015
841016
841017
841018
841019
841020
841021
841022
841023
841024
841025
841026
841029
841030
841031
841032
841033
841034
841035
841036
841037
841038
841039
841040
841041
841042
841044
841048
841049
841050
841051
841052
841053
841055
841056
841057
841394
841396
841393
841392
841391
841390
841386
840984
841467
841466
841465
841464
841463
841461
841460
841459
841458
841456
841454
841453
841452
841451
841449
841448
841447
841446
841444
841442
841440
841438
841435
841434
841432
841411
841410
841408
841407
841406
841404
841403
841431
841401
841428
841427
841426
841425
841424
841423
841421
841420
841417
841415
841413
841412
841380
841378
841384
841383
841375
841376
841374
841372
841400
841399
841398
841395
841388
841385
841381
841379
841377
841371
841367
841366
841364
841362
841360
841359
841358
841357
841355
841354
841353
841351
841350
841349
841348
841346
841345
841343
841342
841341
841340
841337
841335
841333
841327
841326
841325
841323
841322
841318
841317
841316
841315
841314
841313
841312
841311
841310
841309
841308
841307
841306
841305
841304
841303
841302
841301
841300
841299
841297
841296
841295
841294
841293
841292
841291
841290
841289
841288
841286
841281
841280
841279
841278
841277
841276
841275
841274
841273
841272
841271
841270
841269
841268
841267
841266
841265
841264
841263
841262
841260
841256
841255
841253
841252
841251
841250
841248
841246
841245
841244
841243
841241
841236
841233
841232
841229
841228
841227
841226
841224
841222
841221
841219
841218
841216
841215
841213
841207
841206
841205
841204
841203
841200
841199
841198
841193
841191
841190
841189
841188
841183
841182
841181
841179
841177
841173
841172
841169
841168
841167
841166
841165
841164
841163
841162
841161
841160
841159
841158
841157
841155
841154
841153
841152
841151
841149
841148
841147
841146
841144
841143
841142
841141
841139
841138
841137
841136
841135
841134
841133
841132
841131
841130
841129
841127
841126
841125
841123
841122
841121
841120
841119
841118
841116
841114
841113
841112
841110
841108
841107
841106
841105
841104
841103
841099
841097
841096
841095
841094
841093
841092
841091
841090
841089
841088
841087
841086
841085
841084
841083
841082
841081
841080
841078
841077
841076
841075
841072
841066
841065
841064
841063
841062
841061
841059
841058
841054
841047
841046
841045
841043
841028
841027
840953
840950
840892
840947
840941
840940
840939
840938
840937
840935
840934
840933
840932
840931
840927
840921
840909
840908
840907
840905
840904
840899
840896
840891
840890
840889
840888
840887
840886
840885
840884
840883
840882
840881
840880
840879
840878
840877
840876
840875
840874
840873
840872
840871
840870
840869
840868
840867
840866
840865
840864
840863
840862
840861
840860
840859
840858
840857
840856
840855
840854
840853
840852
840851
840850
840849
840848
840847
840846
840845
840842
840840
840839
840838
840837
840835
840834
840833
840832
840831
840821
840820
840818
840830
840829
840828
840827
840825
840817
840816
840815
840814
840813
840812
840811
840810
840809
840808
840807
840806
840805
840804
840803
840800
840799
840798
840797
840796
840795
840794
840793
