861327
861334
861460
861424
861348
861336
861331
861239
861180
861457
861330
861464
861423
861170
861172
861171
861425
861337
861177
861329
861467
861422
861435
861246
861260
861262
861328
861195
861196
861198
861199
861200
861201
861202
861203
861204
861205
861206
861207
861208
861209
861211
861212
861214
861215
861216
861219
861221
861222
861223
861224
861225
861226
861228
861229
861233
861235
861236
861237
861240
861253
861254
861352
861354
861413
861414
861418
861480
861248
861249
861251
861252
861479
861284
861285
861349
861346
861350
861469
861421
861332
861326
861176
861323
861305
861396
861388
861391
861288
861287
861084
861086
861291
861290
861417
861444
861443
861450
861449
861448
861447
861446
861445
861227
861097
861098
861099
861100
861101
861155
861188
861189
861190
861191
861192
861497
861496
861495
861494
861493
861492
861491
861490
861488
861487
861486
861485
861484
861483
861482
861481
861478
861476
861475
861474
861473
861472
861471
861470
861468
861466
861465
861463
861462
861461
861459
861458
861456
861455
861454
861453
861452
861451
861442
861441
861440
861439
861438
861437
861436
861434
861433
861432
861430
861428
861427
861426
861380
861381
861384
861420
861419
861416
861412
861383
861385
861411
861410
861409
861408
861407
861405
861404
861403
861402
861401
861400
861399
861397
861395
861394
861393
861390
861389
861387
861386
861382
861379
861378
861377
861376
861375
861374
861373
861372
861371
861368
861366
861365
861364
861363
861362
861360
861359
861358
861357
861356
861355
861353
861351
861347
861345
861344
861343
861342
861341
861340
861339
861335
861333
861325
861324
861322
861321
861320
861317
861316
861315
861314
861313
861312
861311
861309
861308
861307
861306
861304
861303
861302
861301
861300
861299
861298
861297
861296
861295
861294
861293
861292
861289
861286
861283
861282
861281
861280
861279
861278
861277
861276
861275
861274
861273
861272
861271
861270
861269
861268
861267
861266
861265
861264
861263
861261
861259
861258
861257
861256
861255
861250
861247
861245
861244
861243
861238
861234
861231
861230
861220
861218
861217
861210
861197
861194
861193
861187
861186
861185
861184
861183
861182
861181
861179
861178
861175
861174
861173
861169
861168
861167
861166
861165
861164
861163
861162
861161
861160
861159
861158
861157
861156
861154
861153
861152
861151
861150
861149
861148
861147
861146
861145
861144
861143
861142
861141
861140
861139
861138
861137
861136
861135
861134
861132
861130
861129
861128
861127
861125
861124
861123
861122
861121
861119
861118
861117
861116
861115
861114
861113
861112
861111
861110
861109
861108
861107
861106
861105
861104
861103
861102
861096
861095
861094
861093
861092
861091
861090
861089
861088
861087
861085
861083
861082
861081
861080
861079
861078
861077
861076
861075
861074
861073
861072
861071
861070
861069
861068
861067
861066
861065
861064
861063
861062
861061
861060
861059
861058
861057
861056
861055
861054
861053
861052
861051
861050
861049
861048
861047
861046
861045
861044
861043
861042
861041
861040
