729228
729227
729407
729208
729195
729190
729389
729223
729220
729230
729226
729225
729193
729321
729320
729319
729318
729317
729314
729313
729187
729229
729222
729221
729042
729043
729035
729209
729191
729040
729038
729051
729049
729048
729034
729046
729033
729039
728999
729021
729206
729205
729203
729201
729200
729199
729198
729197
729149
729148
729145
729143
729140
729138
729137
729135
729134
729133
729414
729412
729050
728984
729032
729031
728965
728966
728964
728963
728959
729074
729073
729070
729014
729047
728987
729009
728970
729078
728986
728995
729088
729092
729108
729246
729394
729429
729001
729028
728969
728958
728934
728933
728932
728957
729029
728939
728927
728926
728924
729037
729036
729084
728985
729027
729085
728920
728919
728918
728941
728949
728948
729045
728940
728951
728994
728947
728988
728989
728990
728991
728992
728993
728996
728997
728998
729000
729002
729003
729004
729005
729006
729007
729008
729011
729012
729013
729015
729016
729017
729018
729019
729022
729023
729024
729025
729026
729247
729248
729249
729250
729251
729020
728944
728943
728913
728912
729446
729445
729444
729443
729030
729442
729441
729440
728946
728945
729439
728937
728936
728935
729438
729437
729436
728950
729435
729434
729433
729056
729054
729053
729432
729431
729430
729428
728960
728930
729091
729427
728938
729426
729425
729424
729423
729421
729420
729419
729418
729417
729416
729415
729413
729411
729410
729409
729408
729406
729405
729404
729403
729402
729401
729400
729399
729398
729397
729396
729395
729393
729392
729391
729390
729388
729387
729386
729385
729384
729383
729382
729381
729380
729379
729378
729377
729376
729375
729374
729373
729372
729371
729370
729369
729368
729367
729366
729365
729363
729362
729361
729360
729359
729358
729357
729356
729355
729354
729353
729352
729351
729349
729348
729347
729345
729344
729343
729342
729339
729337
729336
729335
729334
729333
729332
729331
729330
729329
729328
729327
729326
729325
729324
729323
729322
729316
729315
729312
729311
729310
729309
729308
729307
729306
729305
729304
729303
729302
729301
729300
729298
729297
729296
729295
729294
729293
729292
729291
729290
729289
729288
729287
729286
729285
729284
729283
729282
729281
729280
729279
729278
729277
729276
729275
729274
729273
729272
729271
729270
729269
729268
729267
729266
729265
729264
729263
729262
729261
729260
729259
729258
729257
729256
729255
729254
729253
729252
729245
729244
729243
729242
729241
729240
729239
729238
729237
729236
729235
729234
729233
729232
729231
729224
729219
729218
729217
729216
729215
729214
729213
729212
729211
729210
729207
729204
729202
729196
729194
729192
729189
729188
729186
729185
729184
729183
729182
729181
729180
729179
729178
729177
729176
729175
729174
729173
729172
729171
729170
729169
729168
729167
729166
729165
729164
729163
729162
729161
729160
729159
729158
729157
729156
729155
729154
729153
729152
729151
729150
729147
729146
729144
729142
729141
729139
729136
729132
729131
729130
729129
729128
729127
729126
729125
729124
729123
729122
729121
729120
729119
729118
729117
729116
729115
729114
729113
729112
729111
729110
729109
729107
729106
729105
729104
729103
729102
729101
729100
729099
729098
729097
729096
729095
729094
729093
729090
728931
729089
729087
729086
729083
729082
729081
729080
729079
729077
729076
729075
729072
729071
729069
728962
729068
729067
729066
728942
728956
729065
729064
729063
729062
729061
729060
729059
729058
729057
729055
728915
728914
729044
729041
729010
728982
728981
728980
728979
728978
728977
728973
728972
728971
728968
728967
728961
728955
728954
728953
728952
728929
728928
728922
