878003
878002
878020
878027
878025
877633
877634
877826
877914
877974
877630
877631
877799
877794
877786
877784
877891
878093
878091
878087
878084
878076
878070
877749
878082
878078
878072
877748
878186
878175
878162
877814
877811
877809
877808
877807
877806
877805
877893
877774
877741
878182
878173
878160
877993
877991
878092
878080
878077
878069
877992
877747
877892
877776
877743
877942
877941
877937
877936
877934
877932
877838
877837
877835
877834
877833
877832
877828
878176
878169
878159
878090
877994
877998
878088
878081
878074
878068
877997
877995
877801
877798
877797
877793
877789
877775
877773
877742
877946
877945
877939
877931
877930
877929
877840
877839
877830
877824
877823
877822
877821
877818
877817
877816
877815
877813
877804
877803
877802
877800
877788
877783
877782
877781
877780
877746
877772
877739
877738
877602
878111
878137
878143
878112
878113
878117
878133
878132
878146
878147
878141
878138
878109
878105
877843
877831
878024
878122
878121
878029
878032
878036
878037
878038
878040
878102
878124
878131
878172
877836
877819
877812
878174
878177
878183
878188
878190
877604
878110
878108
878145
878144
878114
878140
878139
878136
878135
878134
878158
878018
878066
878161
878026
878039
878149
878148
878106
878103
878130
878127
878125
878198
878196
878157
878200
878212
877960
877956
877849
877603
877621
878217
878216
878215
878214
878213
878211
878210
878209
878208
878207
878205
878204
878203
878202
878201
878199
878197
878195
878194
878193
878192
878191
878189
878187
878184
878181
878180
878179
878178
878171
878170
878168
878166
878164
878163
878156
878155
878154
878153
878152
878151
878150
878142
878129
878128
878126
878123
878120
878119
878118
878115
878107
878101
878099
878098
878097
878096
878095
878094
878089
878086
878085
878083
878079
878075
878073
878071
878067
878064
878063
878062
878061
878060
878059
878058
878057
878056
878055
878054
878053
878052
878051
878050
878049
878048
878047
878046
878045
878044
878043
878042
878041
878035
878034
878033
878031
878030
878028
878023
878022
878021
878019
878017
878016
878015
878012
878011
878009
878007
878006
878005
878004
878001
878000
877999
877996
877990
877989
877750
877737
877736
877735
877988
877987
877986
877984
877983
877982
877981
877980
877979
877978
877977
877976
877975
877973
877972
877971
877970
877969
877968
877967
877966
877965
877964
877963
877962
877961
877959
877958
877957
877955
877954
877953
877952
877951
877949
877948
877947
877944
877943
877940
877938
877935
877933
877928
877927
877926
877609
877925
877924
877923
877922
877921
877920
877919
877918
877917
877916
877915
877913
877912
877911
877909
877908
877907
877906
877905
877904
877903
877902
877901
877900
877899
877898
877897
877896
877895
877894
877890
877889
877888
877887
877886
877885
877884
877883
877882
877881
877880
877879
877878
877877
877875
877874
877873
877872
877871
877870
877869
877868
877867
877866
877865
877864
877863
877862
877861
877860
877859
877857
877856
877855
877854
877853
877852
877851
877850
877848
877847
877846
877845
877844
877842
877841
877829
877827
877825
877820
877810
877796
877791
877790
877787
877785
877779
877778
877777
877752
877753
877754
877755
877771
877770
877769
877768
877767
877766
877765
877763
877762
877761
877760
877759
877758
877757
877756
877751
877745
877744
877740
877734
877733
877732
877731
877730
877729
877728
877726
877725
877724
877723
877722
877721
877720
877719
877718
877716
877715
877714
877713
877712
877711
877710
877709
877708
877707
877706
877705
877704
877703
877702
877701
877700
877699
877698
877697
877696
877695
877694
877693
877692
877691
877690
877689
877688
877687
877686
877685
877684
877683
877682
877681
877680
877679
877678
877677
877676
877675
877674
877673
877672
877671
877670
877669
877668
877665
877664
877663
877662
877661
877660
877659
877658
877657
877656
877655
877654
877653
877652
877650
877649
877648
877647
877646
877645
877644
877642
877641
877640
877639
877638
877637
877636
877635
877632
877628
877627
877626
877625
877623
877622
877620
877619
877618
877617
877616
877615
877614
877613
877612
877611
877610
877608
877607
877606
877605
877601
877600
877599
