774696
774715
774944
774838
774819
774921
775140
775141
775142
775143
775139
775138
775137
775136
775116
775117
775118
775119
775120
775121
775122
775123
775124
775125
775126
775127
775128
775129
775130
775131
775132
775133
775134
775135
775095
775096
775097
775099
775100
775101
775102
775103
775104
775105
775106
775107
775108
775109
775110
775111
775112
775113
775114
775115
775075
775076
775077
775078
775079
775080
775081
775082
775083
775084
775085
775086
775087
775088
775089
775090
775091
775092
775093
775094
775055
775056
775057
775058
775059
775060
775061
775062
775063
775064
775065
775066
775067
775068
775069
775070
775071
775072
775073
775074
774992
774993
774997
775000
775001
775002
775003
775004
775006
775007
775008
775010
775011
775012
775013
775014
775015
775016
775017
775018
775019
775020
775021
775022
775023
775024
775025
775026
775027
775028
775029
775030
775031
775032
775033
775034
775035
775036
775037
775038
775039
775040
775041
775043
775044
775045
775046
775047
775048
775049
775050
775052
775054
775239
774834
774989
774988
774987
774986
774985
774984
774982
774983
774981
774980
774977
774978
774979
774976
774975
774974
774973
774972
774971
774970
774969
774968
774966
774965
774964
774963
774962
774961
774960
774959
774958
774957
774956
774955
774954
774953
774952
774951
774950
774949
774948
774947
774946
774945
774943
774942
774941
774832
774833
774835
774836
774837
774839
774840
774841
774842
774843
774844
774845
774846
774847
774848
774849
774850
774851
774852
774853
774854
774855
774856
774857
774859
774860
774862
774863
774864
774865
774866
774867
774868
774870
774871
774872
774873
774874
774875
774876
774877
774878
774879
774880
774881
774885
774886
774887
774888
774889
774891
774892
774893
774894
774896
774897
774898
774899
774900
774901
774902
774903
774904
774905
774906
774907
774908
774909
774910
774911
774912
774913
774914
774915
774916
774917
774918
774919
774920
774922
774923
774924
774925
774926
774927
774928
774929
774930
774931
774932
774933
774934
774935
774936
774937
774938
774939
774940
775144
775145
775146
775147
775148
775149
775150
775151
775152
775153
775154
775155
775156
775157
774752
774754
774755
774756
774757
774758
774760
774762
774763
774764
774767
774768
774769
774770
774771
774772
774773
774774
774775
774776
774777
774778
774779
774780
774783
774784
774785
774786
774787
774788
774789
774790
774791
774792
774793
774794
774795
774796
774803
774804
774805
774806
774807
774808
774810
774811
774812
774813
774814
774815
774816
774817
774818
774820
774821
774822
774823
774824
774825
774826
774827
774828
774829
774830
774831
775289
775288
775287
775286
775285
775282
775280
775277
775276
775275
775274
775273
775272
775271
775270
775268
775267
775266
775265
775264
775263
775262
775261
775260
775259
775258
775257
775256
775255
775254
775253
775251
775249
775248
775247
775246
775245
775252
775250
775244
775243
775242
775241
775240
775238
775237
775236
775235
775232
775230
775229
775228
775227
775226
775225
775224
775223
775222
775221
775220
775218
775217
775216
775215
775214
775212
775211
775209
775208
775206
775205
775204
775203
775202
775201
775200
775199
775198
775197
775196
775195
775194
775193
775192
775191
775190
775189
775188
775187
775186
775185
775184
775183
775182
775181
775180
775179
775178
775177
775176
775175
775174
775173
775172
775171
775170
775169
775168
775167
775166
775165
775164
775163
775162
775161
775160
775159
775158
775098
775053
775051
775042
775009
775005
774999
774998
774996
774995
774994
774991
774990
774967
774890
774884
774883
774882
774869
774861
774858
774809
774802
774801
774800
774799
774798
774797
774782
774781
774766
774765
774761
774759
774753
774751
774750
774749
774748
774747
774746
774745
774744
774743
774742
774741
774740
774739
774738
774737
774736
774735
774734
774733
774732
774731
774730
774729
774728
774727
774726
774725
774724
774721
774720
774719
774718
774717
774712
774711
774709
774705
774704
774703
774702
774701
774700
774699
774697
774695
774694
774693
774692
774691
774689
774688
774687
774686
774685
774684
774683
774682
774681
774680
774679
774678
774677
774676
774675
774674
774673
774672
774671
774670
774669
774668
774667
774666
774665
774664
774660
774659
774658
774661
774657
774656
774655
774654
774653
774652
774651
774650
774649
774648
774647
774646
774645
774644
774643
774642
774641
774640
774639
774638
774637
774636
774635
774634
774633
774632
774631
774630
774629
774628
774627
774626
774625
774624
774623
774622
774621
774620
774619
774617
774616
774615
774614
774613
774612
