888557
888554
888115
888114
888551
888550
888546
888053
888575
888573
888572
888569
888051
888594
888590
888558
888062
888060
888589
888588
888065
888067
888059
888058
888070
888163
888166
888156
888148
888151
888348
888146
888259
888245
888144
888161
888154
888344
888256
888158
888281
888164
888261
888159
888243
888258
888347
888343
888244
888257
888165
888162
888152
888160
888157
888155
888153
888150
888147
888145
888143
888149
888076
888075
888074
888445
888453
888468
888247
888013
888015
888034
888039
888038
888040
888033
888036
888072
888016
888014
888012
888008
888007
888006
888615
888616
888355
888018
888019
888029
888020
888030
888035
888391
888045
888044
888025
888023
888011
888010
888009
888079
888078
888069
888501
888043
888028
888027
888026
888032
888031
888089
888090
888502
888476
888503
888506
888087
888088
888093
888584
888585
888477
888353
888475
888388
888498
888073
888066
888389
888470
888466
888471
888497
888473
888082
888084
888352
888097
888474
888472
888387
888372
888484
888496
888541
888456
888349
888231
888183
888617
888614
888613
888612
888611
888610
888609
888608
888607
888606
888605
888604
888603
888602
888601
888600
888599
888598
888597
888596
888593
888592
888587
888586
888583
888582
888581
888580
888579
888578
888577
888576
888574
888568
888566
888565
888564
888563
888562
888561
888560
888559
888556
888555
888553
888549
888547
888545
888544
888543
888542
888540
888539
888538
888537
888536
888535
888534
888533
888532
888531
888529
888528
888527
888526
888525
888524
888523
888522
888521
888520
888519
888518
888517
888516
888515
888514
888513
888095
888096
888512
888511
888510
888509
888508
888507
888505
888504
888500
888499
888495
888494
888493
888492
888491
888490
888489
888488
888487
888486
888485
888483
888482
888481
888480
888479
888478
888467
888465
888464
888463
888462
888461
888460
888459
888458
888457
888454
888452
888451
888450
888449
888448
888447
888446
888444
888443
888442
888441
888440
888439
888438
888437
888436
888435
888434
888433
888432
888431
888430
888429
888428
888427
888426
888425
888424
888423
888422
888421
888420
888419
888418
888417
888416
888415
888414
888413
888412
888411
888410
888409
888408
888407
888406
888405
888404
888403
888402
888401
888400
888399
888081
888398
888397
888396
888395
888394
888393
888392
888390
888386
888385
888384
888383
888382
888381
888380
888379
888378
888377
888376
888374
888371
888370
888369
888368
888367
888366
888365
888364
888363
888362
888361
888360
888359
888358
888357
888356
888354
888351
888350
888346
888345
888341
888340
888339
888338
888337
888336
888335
888333
888332
888331
888330
888329
888327
888326
888325
888324
888323
888322
888321
888320
888319
888318
888317
888316
888315
888313
888311
888310
888309
888308
888307
888306
888305
888304
888303
888302
888301
888300
888299
888298
888297
888296
888295
888294
888293
888292
888291
888290
888289
888288
888287
888286
888285
888284
888283
888282
888280
888279
888278
888277
888276
888275
888274
888270
888269
888268
888267
888266
888265
888264
888263
888262
888260
888255
888254
888253
888252
888251
888250
888249
888248
888246
888242
888241
888240
888239
888238
888237
888236
888235
888234
888233
888232
888230
888229
888228
888227
888226
888225
888224
888223
888222
888221
888220
888219
888218
888217
888216
888215
888214
888213
888212
888211
888210
888209
888208
888207
888206
888205
888204
888203
888202
888201
888200
888199
888198
888197
888196
888195
888194
888193
888192
888191
888190
888189
888188
888187
888186
888185
888184
888182
888181
888180
888179
888178
888177
888176
888175
888174
888173
888172
888171
888169
888167
888142
888141
888140
888138
888137
888136
888135
888134
888133
888132
888131
888130
888129
888128
888127
888126
888125
888124
888123
888122
888121
888120
888119
888118
888117
888116
888113
888112
888111
888110
888108
888106
888105
888104
888103
888042
888041
888102
888101
888100
888099
888098
888094
888091
888085
888083
888080
888071
888068
888064
888063
888061
888057
888056
888055
888054
888052
888050
888049
888048
888046
888037
888024
888022
888021
888017
888005
888004
