901051
901229
901215
901231
901230
901212
901228
901225
901213
901226
901214
901027
901029
901036
901043
901048
901050
901057
901054
901097
901047
901092
901227
901210
901041
901033
901098
901045
901224
901211
901028
901223
901209
901099
901091
901049
901053
901046
901044
901042
901038
901030
901222
901208
901039
901035
901032
901095
901026
901009
901008
901007
901006
901001
901000
901010
901003
900997
900996
900995
900994
900993
900991
900990
900984
900983
900981
900977
900974
900971
900956
900952
900951
900950
900949
900999
900998
900992
900989
900980
900979
900973
900972
900955
900948
900947
900938
900936
900935
900934
901201
901202
901203
901204
901262
901261
901260
901259
901258
901257
901256
901255
901254
901253
901252
901251
901250
901249
901248
901247
901246
901245
901244
901243
901242
901241
901240
901239
901238
901237
901236
901235
901234
901233
901232
901221
901220
901219
900988
900987
900986
900985
900982
900975
900954
900953
900941
900940
900939
900937
900933
900932
901218
901217
901216
901207
901200
901199
901198
901197
901196
901195
901194
901193
901192
901191
901190
901189
901188
901187
901186
901185
901183
901182
901181
901180
901179
901178
901177
901176
901175
901174
901173
901172
901171
901170
901169
901168
901167
901166
901165
901164
901163
901162
901160
901159
901158
901156
901155
901154
901153
901152
901151
901150
901149
901148
901147
901146
901145
901144
901142
901141
901140
901139
901138
901137
901136
901135
901134
901133
901131
901126
901124
901123
901122
901121
901120
901119
901118
901117
901116
901115
901114
901113
901112
901111
901110
901109
901108
901107
901106
901105
901103
901101
901100
901096
901094
901090
901089
901088
901087
901086
901085
901084
901083
901082
901081
901080
901079
901078
901077
901076
901075
901074
901073
901072
901071
901070
901069
901068
901067
901066
901065
901064
901063
901062
901061
901060
901059
901058
901056
901055
901052
901040
901037
901034
901031
901025
901024
901023
901022
901021
901020
901019
901018
901017
901014
901013
901012
901011
901005
901004
901002
900978
900976
900970
900968
900967
900966
900965
900964
900963
900962
900961
900959
900958
900957
900946
900945
900944
900943
900942
900931
900930
900929
900928
900927
900926
900925
900924
900923
900922
900921
900920
900919
900917
900916
900915
900914
900913
900912
900911
900910
900909
