819316
819358
819513
819380
819218
819242
819130
819305
819332
819243
819379
819352
819466
819418
819200
819355
819298
819294
819240
819280
819272
819404
819304
819314
819333
819300
819279
819212
819194
819208
819199
819241
819341
819465
819400
819399
819368
819378
819354
819329
819312
819297
819278
819273
819213
819207
819198
819197
819239
819307
819464
819276
819196
819405
819403
819402
819401
819413
819321
819293
819301
819310
819299
819271
819277
819238
819214
819206
819211
819195
819225
819222
819223
819220
819119
819118
819089
819457
819456
819455
819454
819453
819452
819451
819449
819448
819446
819444
819443
819442
819441
819439
819438
819437
819435
819434
819433
819430
819429
819428
819427
819425
819424
819423
819422
819421
819420
819419
819417
819416
819415
819414
819412
819411
819409
819408
819407
819350
819349
819515
819514
819512
819511
819510
819509
819508
819507
819506
819505
819504
819503
819502
819501
819500
819499
819498
819497
819496
819495
819494
819493
819492
819490
819489
819488
819487
819486
819485
819483
819482
819481
819480
819479
819478
819477
819476
819475
819474
819473
819472
819471
819470
819469
819468
819467
819463
819462
819461
819460
819459
819450
819445
819431
819447
819440
819426
819410
819406
819432
819398
819397
819396
819395
819394
819393
819392
819391
819390
819389
819388
819387
819386
819385
819384
819383
819382
819381
819377
819376
819375
819374
819373
819372
819371
819370
819369
819367
819366
819365
819364
819363
819362
819361
819360
819359
819357
819353
819356
819348
819347
819346
819345
819344
819343
819342
819340
819338
819337
819336
819335
819334
819330
819328
819327
819326
819325
819324
819323
819322
819320
819319
819318
819317
819315
819313
819311
819309
819308
819306
819303
819302
819296
819292
819291
819290
819289
819287
819286
819285
819284
819283
819282
819281
819275
819274
819270
819269
819268
819266
819265
819264
819263
819262
819261
819260
819259
819258
819257
819256
819255
819254
819253
819252
819251
819250
819249
819248
819247
819246
819245
819244
819237
819236
819235
819234
819233
819232
819231
819230
819229
819228
819227
819226
819224
819219
819217
819216
819215
819210
819209
819205
819204
819203
819201
819193
819192
819191
819190
819189
819188
819187
819186
819185
819184
819182
819181
819180
819179
819178
819177
819176
819175
819174
819173
819172
819171
819170
819169
819168
819167
819166
819163
819162
819161
819160
819159
819158
819157
819156
819155
819154
819153
819152
819151
819150
819149
819146
819141
819140
819139
819138
819137
819136
819135
819134
819133
819132
819129
819128
819127
819125
819124
819123
819117
819116
819115
819114
819113
819111
819109
819108
819107
819110
819102
819106
819099
819098
819097
819100
819105
819104
819103
819101
819096
819095
819094
819093
819092
819091
819084
819083
