938406
938386
938389
938402
938477
938387
938404
938515
938511
938474
938463
938458
938456
938439
938433
938399
938398
938472
938306
938383
938506
938512
938452
938431
938394
938349
938256
938407
938384
938455
938451
938429
938428
938395
938255
938227
938220
938514
938377
938359
938504
938500
938270
938254
938371
938369
938365
938248
938214
938219
938513
938497
938494
938411
938373
938368
938263
938266
938334
938332
938358
938357
938405
938382
938469
938401
938393
938426
938427
938450
938253
938228
938221
938516
938491
938449
938424
938381
938391
938364
938333
938109
938231
938222
938335
938403
938378
938467
938448
938423
938400
938388
938376
938363
938356
938337
938298
938258
938252
938242
938230
938224
938331
938264
938262
938225
938213
938287
938133
938131
938135
938134
938129
938128
938138
938136
938122
938348
938347
938121
938120
938119
938118
938117
938073
938074
938344
938343
938341
938052
938051
938155
938154
938498
938502
938509
938108
938107
938106
938165
938105
938104
938116
938115
938355
938354
938353
938352
938351
938350
938153
938152
938142
938147
938065
938064
938060
938071
938114
938113
938193
938192
938191
938190
938189
938188
938187
938151
938150
938149
938148
938146
938145
938144
938143
938125
938124
938112
938111
938110
938140
938103
938102
938297
938300
938301
938302
938303
938304
938305
938307
938308
938309
938310
938311
938312
938313
938315
938316
938317
938318
938319
938320
938321
938322
938323
938324
938325
938326
938327
938328
938329
938075
938081
938082
938083
938084
938176
938178
938179
938180
938470
938473
938475
938478
938479
938481
938484
938485
938486
938487
938488
938490
938495
938499
938501
938503
938505
938507
938508
938510
938496
938492
938489
938493
938483
938482
938480
938471
938476
938468
938466
938465
938464
938461
938462
938460
938459
938457
938454
938453
938447
938446
938444
938443
938442
938441
938440
938438
938437
938436
938435
938434
938432
938430
938425
938422
938421
938420
938419
938418
938417
938416
938415
938414
938413
938412
938410
938409
938408
938397
938396
938385
938380
938379
938375
938374
938372
938370
938367
938366
938362
938361
938360
938330
938314
938299
938296
938295
938294
938293
938292
938291
938290
938289
938285
938284
938283
938282
938281
938280
938279
938278
938277
938276
938275
938274
938273
938272
938271
938269
938268
938267
938265
938261
938260
938259
938257
938251
938250
938249
938247
938246
938245
938244
938243
938241
938240
938239
938238
938237
938236
938235
938234
938233
938232
938229
938226
938223
938218
938217
938215
938206
938207
938208
938211
938202
938203
938204
938205
938197
938196
938201
938210
938209
938200
938199
938198
938212
938194
938186
938185
938184
938183
938182
938181
938177
938175
938174
938173
938172
938171
938170
938169
938168
938167
938166
938164
938163
938162
938161
938160
938159
938158
938156
938139
938137
938130
938127
938126
938123
938100
938099
938098
938097
938095
938094
938093
938092
938091
938090
938089
938087
938086
938085
938080
938079
938078
938077
938076
938072
938070
938069
938068
938067
938066
938063
938062
938061
938059
938058
938057
938056
938055
938054
938053
938050
938049
938047
938046
938045
938044
938043
938041
938040
938039
938037
938036
938035
938034
938033
938031
938030
938029
938028
938027
938026
938025
938024
