889905
889836
889621
889620
889619
889618
889616
889615
889614
889613
889622
889612
889610
889608
889880
889561
889840
889606
889609
889611
889605
889560
889856
889857
889858
889839
889837
889574
889510
889509
889901
889515
889877
889897
889625
889673
889667
889810
889800
889795
889677
889675
889668
889790
889797
889807
889676
889794
889671
889666
889650
889820
889811
889806
889801
889699
889697
889648
889651
889809
889805
889799
889796
889793
889789
889701
889695
889672
889649
889700
889696
889698
889808
889802
889791
889798
889694
889594
889587
889816
889788
889784
889783
889781
889770
889769
889864
889863
889862
889861
889860
889859
889535
889527
889785
889782
889774
889512
889529
889516
889518
889496
889525
889523
889521
889566
889567
889568
889570
889569
889571
889572
889573
889853
889854
889907
889876
889875
889874
889565
889563
889540
889577
889533
889519
889526
889534
889528
889804
889482
889481
889513
889511
889514
889502
889484
889483
889500
889490
889495
889497
889505
889508
889501
889524
889522
889517
889520
889558
889546
889547
889557
889873
889872
889871
889870
889869
889868
889867
889866
889865
889879
889919
889918
889917
889916
889915
889914
889913
889912
889911
889910
889909
889906
889904
889903
889900
889899
889898
889896
889895
889894
889893
889892
889891
889890
889889
889888
889887
889886
889885
889884
889883
889882
889855
889852
889851
889850
889849
889848
889847
889846
889845
889842
889841
889838
889835
889834
889833
889832
889831
889830
889829
889828
889827
889826
889576
889825
889824
889823
889822
889821
889818
889817
889814
889813
889812
889803
889792
889787
889786
889780
889779
889778
889777
889776
889772
889771
889768
889767
889766
889765
889764
889763
889761
889758
889757
889755
889754
889752
889751
889750
889748
889747
889746
889745
889744
889743
889742
889741
889740
889739
889738
889737
889736
889735
889734
889733
889732
889731
889730
889728
889727
889725
889724
889723
889722
889721
889720
889719
889718
889716
889715
889714
889713
889712
889711
889710
889709
889708
889707
889706
889705
889704
889703
889702
889693
889692
889691
889690
889689
889688
889687
889686
889685
889684
889682
889681
889680
889679
889678
889674
889669
889665
889664
889663
889662
889661
889660
889659
889658
889657
889656
889655
889654
889653
889652
889647
889646
889645
889644
889643
889642
889641
889640
889639
889637
889636
889635
889634
889633
889632
889630
889628
889626
889623
889617
889607
889604
889603
889602
889601
889600
889599
889598
889597
889596
889593
889592
889591
889590
889589
889586
889585
889584
889583
889582
889581
889579
889578
889564
889562
889559
889556
889555
889554
889553
889552
889551
889550
889549
889548
889539
889538
889537
889536
889532
889507
889506
889504
889503
889499
889498
889494
889488
889486
889485
889480
