919642
919641
919640
919639
919638
919637
919627
919690
919689
919688
919630
919629
919626
919624
919623
919621
919619
919616
919615
919614
919609
919608
919607
919606
919605
919604
919586
919584
919576
919575
919574
919573
919557
919556
919555
919554
919553
919548
919547
919545
919886
919795
919798
919784
919782
919687
919686
919685
919683
919682
919799
919781
919974
919973
919972
919971
919968
919966
919961
919739
919797
919780
919796
919794
919540
919659
919660
919661
919818
919845
919855
919979
919783
919779
919864
919862
919863
919859
919691
919692
919693
919694
919678
919676
919945
919943
919942
919941
919940
919939
919938
919937
919936
919935
919934
919933
919932
919931
919930
919929
919928
919927
919926
919925
919924
919923
919921
919920
919702
919701
919700
919699
919695
919658
919657
919656
919918
919917
919916
919915
919914
919913
919912
919911
919910
919909
919908
919907
920002
920001
920000
919999
919998
919997
919996
919995
919994
919993
919992
919991
919990
919989
919988
919987
919986
919985
919984
919983
919982
919981
919980
919978
919977
919976
919975
919970
919851
919856
919857
919861
919867
919866
919967
919965
919964
919963
919673
919672
919671
919670
919669
919668
919960
919959
919958
919957
919956
919955
919954
919953
919952
919951
919950
919949
919948
919947
919946
919944
919922
919667
919666
919665
919664
919662
919906
919905
919904
919903
919860
919865
919902
919901
919900
919899
919896
919895
919892
919890
919889
919888
919887
919698
919703
919705
919707
919708
919709
919710
919885
919882
919881
919880
919879
919878
919876
919875
919874
919873
919872
919870
919869
919868
919858
919854
919853
919852
919850
919849
919848
919847
919846
919844
919843
919842
919841
919839
919838
919837
919836
919835
919834
919833
919832
919831
919830
919829
919828
919827
919826
919825
919824
919820
919819
919816
919815
919814
919811
919810
919809
919808
919807
919806
919805
919804
919803
919802
919801
919800
919792
919791
919790
919789
919788
919787
919786
919785
919778
919777
919776
919775
919774
919773
919772
919771
919770
919769
919768
919767
919764
919763
919762
919761
919760
919759
919758
919757
919756
919755
919754
919753
919752
919751
919750
919749
919748
919747
919746
919745
919744
919743
919742
919741
919740
919738
919735
919734
919733
919732
919731
919730
919729
919728
919727
919726
919725
919724
919723
919722
919721
919720
919719
919718
919717
919716
919714
919713
919712
919711
919706
919697
919681
919675
919674
919655
919654
919653
919651
919648
919647
919646
919645
919644
919643
919636
919635
919634
919633
919632
919631
919625
919622
919620
919618
919617
919613
919612
919611
919610
919603
919602
919601
919600
919599
919598
919597
919596
919595
919594
919593
919579
919570
919559
919558
919544
919543
919542
919541
919539
919538
919536
919535
919534
919533
919532
919529
919528
919527
919525
919524
919521
919520
919519
919518
919517
919516
919514
919512
919511
919501
919500
919510
919509
919508
919507
919506
919505
919502
919499
919496
