836223
836217
836206
836210
836220
835631
835637
835775
836204
836215
835791
835786
836227
836231
836193
836192
836181
836180
836218
836229
836222
836179
836178
836176
836075
836073
836071
835785
835651
835646
835755
835633
835774
836219
836201
836208
836207
836225
836213
836074
836122
835782
836177
835807
835802
835780
835790
835776
835650
835645
835636
836157
836018
836016
836017
836019
836020
836021
835984
835985
835986
835988
835989
835990
835991
835992
835993
835995
835996
835997
835998
835999
836000
836001
836002
836003
836004
836005
836006
836007
836008
836009
836010
836011
836012
836013
836014
836015
835930
835931
835932
835933
835934
835935
835936
835937
835938
835939
835940
835941
835942
835943
835944
835945
835946
835947
835948
835952
835953
835954
835955
835956
835957
835958
835960
835961
835962
835963
835964
835965
835966
835967
835968
835969
835970
835971
835972
835973
835974
835975
835976
835977
835978
835979
835980
835981
835982
835983
836070
835881
835884
835885
835886
835887
835888
835889
835890
835891
835892
835893
835896
835897
835898
835899
835900
835902
835903
835905
835906
835907
835908
835912
835913
835915
835917
835918
835919
835920
835921
835922
835923
835924
835925
835926
835927
835928
835929
835806
835779
835773
835635
835643
835648
836195
836072
835788
835803
835777
835772
835632
835639
835647
835987
835994
836156
836269
836268
835873
835867
835868
835869
835870
835864
835865
835859
835871
835872
835861
835860
835866
835862
835858
835809
835811
835812
835814
835815
835816
835817
835819
835820
835821
835823
835824
835825
835826
835827
835828
835829
835830
835831
835832
835833
835834
835835
835836
835837
835838
835839
835840
835841
835842
835844
835845
835846
835847
835848
835849
835850
835851
835852
835853
835854
835855
835857
835620
835621
835622
836027
836051
836056
836057
836058
836080
836230
836249
836250
836271
836270
835657
835655
835654
835673
835672
835668
835667
836275
835721
836277
836276
836022
836023
836024
835882
835880
835876
835877
835671
835670
835669
836224
836283
836282
836281
836280
836279
836278
836274
836273
836272
836267
836266
836265
836264
836263
836262
836261
836260
836259
836258
836257
836256
836255
836254
836253
836252
836251
836248
836247
836246
836245
836244
836243
836242
836241
836240
836239
836238
836237
836236
836235
836234
836233
836232
836228
836226
836216
836214
836212
836211
836209
836205
836203
836202
836200
836199
836198
836197
836196
836194
836191
836189
836188
836187
836186
836185
836184
836183
836182
836103
836102
836175
836174
836173
836172
836171
836170
836169
836168
836167
836166
836165
836164
836163
836162
836161
836160
836159
836155
836154
836153
836152
836151
836150
836149
836148
836147
836146
836145
836144
836143
836142
836141
836140
836139
836138
836137
836136
836135
836134
836133
836132
836131
836130
836129
836128
836127
836126
836125
836124
836123
836121
836120
836119
836118
836117
836116
836115
836114
836113
836112
836111
836106
836105
836104
836110
836109
836108
836107
836101
836100
836099
836098
836097
836096
836095
836094
836093
836091
836090
836089
836088
836087
836086
836084
836083
836082
836081
836079
836078
836077
836076
836069
836068
836067
836066
836064
836063
836062
836061
836060
836059
836055
836054
836053
836052
836050
836049
836048
836047
836045
836044
836042
836041
836040
836039
836037
836036
836035
836034
836033
836032
836031
836030
836029
836028
836026
836025
835959
835951
835950
835949
835916
835914
835911
835910
835909
835904
835901
835895
835894
835883
835879
835878
835875
835874
835863
835856
835843
835822
835818
835813
835810
835808
835805
835804
835801
835800
835799
835798
835797
835796
835795
835794
835793
835792
835789
835787
835784
835783
835781
835771
835770
835769
835768
835766
835765
835764
835763
835762
835761
835760
835759
835758
835757
835756
835754
835753
835752
835751
835750
835749
835748
835747
835746
835745
835744
835743
835742
835741
835740
835739
835738
835737
835736
835735
835734
835733
835732
835731
835730
835729
835728
835727
835726
835725
835724
835723
835720
835719
835718
835717
835716
835715
835714
835713
835712
835711
835710
835709
835708
835706
835705
835703
835702
835699
835698
835697
835696
835695
835694
835693
835692
835691
835690
835689
835688
835687
835686
835685
835684
835683
835682
835681
835666
835665
835680
835679
835678
835676
835675
835674
835664
835663
835662
835661
835660
835652
835653
835656
835659
835658
835649
835641
835640
835638
835630
835629
835628
835627
835626
835625
835624
835623
835619
835617
835616
835615
835614
835613
835612
835611
835610
835609
835607
835606
835605
835604
835603
835602
835601
835600
835597
835596
835595
835594
