833176
832947
832854
832855
833040
833102
833113
833214
833219
833180
832903
833019
832946
833187
832950
833154
832941
833144
833140
833030
833011
833166
833018
832935
832931
832929
832927
832919
832916
833153
832920
832937
832939
832944
833143
833139
833029
833138
833165
832948
832943
832940
832917
833142
833137
833028
833017
832922
833015
833010
832936
832932
832930
832928
832949
832945
832942
832925
832921
832918
833122
833121
833120
833119
833217
832982
832981
832980
833243
833242
833241
833240
833239
833238
833237
833236
833235
833234
833233
833232
833231
833230
833229
833228
833227
833226
833225
833224
833223
833222
833221
833220
833216
833215
833213
833212
833211
833210
833209
833208
833207
833206
833205
833204
833203
833202
833201
833200
833199
833198
833197
833196
833195
833194
833193
833192
833191
833190
833189
833186
833184
833183
833182
833181
833179
833178
833177
833105
833101
833097
832958
832957
832975
832970
832967
832966
832965
832964
832956
833175
833174
833173
833172
833170
833169
833168
833167
833164
833162
833160
833159
833157
833156
833155
833152
833150
833149
833148
833147
833146
833145
833141
833136
833135
833134
833133
833132
833131
833130
833129
833128
833126
833125
833123
833118
833116
833115
833114
833112
833110
833109
833108
833106
833104
833103
833100
833099
833098
833096
833094
833092
833091
833089
833087
833086
833083
833082
833080
833079
833078
833076
833074
833073
833071
833070
833068
833067
833066
833065
833064
833063
833062
833061
833052
833053
833054
833055
833056
833057
833051
833050
833049
833048
833047
833046
833045
833044
833043
833042
833041
833039
833038
833037
833036
833035
833034
833033
833032
833031
833027
833026
833025
833024
833023
833022
833021
833020
833016
833014
833013
833012
833009
833008
833007
833006
833005
833004
833003
833002
833001
833000
832999
832998
832997
832996
832995
832994
832993
832992
832991
832989
832988
832987
832986
832985
832984
832962
832961
832983
832979
832978
832976
832974
832973
832972
832971
832969
832968
832963
832960
832959
832954
832953
832951
832938
832933
832926
832924
832923
832915
832914
832913
832912
832911
832910
832909
832908
832907
832906
832905
832902
832901
832899
832898
832897
832896
832895
832894
832893
832892
832891
832890
832889
832888
832887
832886
832885
832884
832883
832882
832881
832880
832879
832878
832876
832875
832874
832873
832872
832871
832870
832869
832868
832866
832864
832863
832862
832861
832860
832859
832858
832857
832856
832853
832852
832851
832850
832849
832848
832847
832846
832820
832821
832822
832823
832824
832825
832826
832827
832829
832830
832831
832832
832833
832834
832835
832837
832844
832843
832842
832841
832840
832839
832838
832836
832828
832819
832818
832817
832816
832815
832813
832812
832811
832810
832809
832791
832792
832793
832794
832795
832796
832797
832798
832799
832800
832801
832802
832803
832804
832805
832808
832807
832806
832777
832778
832779
832780
832781
832782
832783
832784
832785
832786
832787
832788
832789
832790
832776
