879182
879255
879288
879459
879181
879583
879584
879585
879500
879489
879250
879458
879346
879495
879461
879388
879381
879372
879462
879343
879487
879488
879490
879485
879463
879493
879457
879347
879341
879492
879384
879378
879345
879342
879375
879600
879333
879434
879431
879430
879442
879441
879439
879433
879432
879418
879417
879550
879547
879437
879435
879420
879414
879546
879545
879443
879438
879428
879422
879411
879409
879280
879426
879425
879419
879412
879407
879406
879405
879404
879402
879400
879398
879395
879394
879391
879387
879385
879383
879382
879297
879295
879294
879599
879598
879597
879596
879595
879594
879593
879539
879592
879591
879590
879278
879277
879275
879273
879589
879588
879586
879582
879581
879580
879579
879578
879577
879576
879575
879574
879573
879572
879571
879570
879569
879567
879566
879565
879564
879563
879562
879561
879560
879559
879557
879556
879555
879554
879553
879552
879551
879549
879548
879544
879543
879542
879541
879540
879538
879537
879536
879535
879534
879533
879531
879530
879529
879528
879527
879526
879525
879524
879523
879522
879521
879520
879519
879518
879517
879516
879515
879514
879513
879512
879509
879511
879510
879508
879507
879506
879505
879504
879503
879502
879501
879499
879498
879496
879494
879491
879486
879483
879482
879480
879479
879478
879477
879476
879475
879474
879473
879472
879471
879470
879469
879468
879467
879466
879465
879464
879460
879456
879455
879454
879453
879452
879451
879450
879449
879448
879447
879446
879445
879444
879440
879436
879429
879427
879424
879423
879421
879416
879415
879413
879410
879408
879403
879401
879399
879397
879396
879393
879392
879390
879389
879386
879380
879379
879377
879376
879374
879373
879371
879370
879369
879368
879367
879366
879365
879364
879363
879362
879361
879360
879359
879358
879357
879356
879355
879354
879353
879352
879351
879350
879349
879348
879344
879340
879339
879338
879337
879336
879335
879334
879332
879331
879330
879329
879328
879327
879326
879325
879324
879323
879322
879321
879320
879319
879318
879317
879316
879315
879314
879313
879312
879311
879310
879309
879308
879307
879306
879305
879304
879303
879302
879301
879300
879299
879296
879298
879293
879292
879291
879290
879289
879287
879286
879285
879284
879283
879282
879281
879274
879279
879276
879272
879271
879270
879269
879268
879267
879266
879265
879264
879263
879262
879261
879260
879259
879258
879257
879256
879254
879253
879252
879251
879249
879248
879246
879245
879244
879243
879242
879241
879240
879239
879238
879237
879236
879235
879234
879233
879232
879231
879230
879229
879228
879227
879226
879225
879224
879223
879222
879221
879220
879219
879217
879216
879215
879214
879213
879212
879211
879210
879209
879208
879207
879206
879205
879204
879203
879202
879201
879200
879199
879198
879197
879196
879195
879194
879193
879192
879191
879190
879189
879188
879187
879186
879185
879184
879183
