876952
876743
876650
876652
876663
876672
876742
876707
876701
876671
876706
876689
876651
876655
876656
876662
876649
876705
876704
876688
876659
876658
876667
876686
876693
876685
876678
876670
876666
876661
876681
876675
876646
876665
876668
876634
876640
876629
876644
876637
876648
876645
876643
876636
876627
876632
876630
876613
876664
876660
876657
876654
876642
876647
876653
876639
876635
876626
876641
876638
876633
876631
876625
876841
876842
876856
876857
876554
877013
876741
876614
876619
876621
876618
876620
876624
876616
876617
876623
876628
876622
876615
876813
876867
876727
876898
876833
876835
876840
876846
876847
876848
876849
876850
876851
876855
876860
876880
876884
876885
876886
876887
876888
876889
876890
876891
876892
876893
876894
876895
876896
876901
876731
876729
876764
876761
876684
876716
876682
876676
876673
876715
876766
876679
876677
876758
876730
876713
876683
876680
876674
876759
876714
876930
876932
876994
876995
876712
876911
876910
876908
876569
876568
876567
876566
876565
876518
876531
876530
876529
876528
876555
876527
876516
876828
876560
876575
876574
876573
876572
876559
876526
876514
876829
876831
876830
876827
877022
877021
877020
877019
877018
877017
877016
877015
877014
877012
877011
877010
877009
877008
877007
877006
877005
877004
877003
877002
877001
877000
876999
876998
876997
876996
876993
876992
876991
876990
876989
876988
876986
876985
876983
876982
876981
876980
876979
876978
876977
876976
876975
876974
876973
876972
876971
876970
876969
876968
876967
876966
876965
876964
876963
876962
876961
876960
876959
876958
876957
876956
876955
876954
876951
876950
876949
876947
876946
876945
876944
876943
876942
876941
876940
876939
876938
876937
876936
876935
876934
876933
876931
876929
876928
876927
876926
876925
876924
876923
876922
876921
876920
876919
876918
876917
876916
876914
876915
876913
876912
876909
876907
876906
876905
876904
876903
876902
876900
876899
876897
876883
876882
876881
876879
876878
876877
876876
876875
876874
876871
876870
876869
876868
876865
876866
876864
876863
876862
876861
876859
876858
876854
876853
876852
876844
876839
876837
876836
876834
876832
876826
876825
876824
876823
876822
876821
876820
876819
876818
876817
876816
876815
876814
876812
876811
876810
876809
876808
876807
876806
876805
876804
876803
876802
876801
876800
876799
876798
876797
876796
876795
876794
876793
876792
876791
876790
876789
876788
876787
876786
876785
876784
876783
876782
876781
876780
876779
876778
876777
876776
876775
876774
876773
876771
876769
876772
876770
876768
876767
876765
876763
876762
876760
876757
876756
876755
876754
876753
876752
876751
876750
876748
876747
876746
876745
876744
876740
876739
876738
876737
876736
876735
876733
876728
876726
876725
876724
876723
876722
876721
876720
876719
876718
876717
876711
876710
876709
876708
876703
876702
876700
876699
876698
876697
876696
876695
876694
876692
876691
876690
876687
876669
876612
876610
876608
876607
876606
876605
876604
876603
876602
876601
876600
876599
876598
876597
876596
876595
876594
876593
876592
876591
876590
876589
876588
876587
876586
876585
876584
876583
876582
876581
876580
876578
876577
876576
876571
876570
876564
876563
876562
876561
876558
876557
876553
876552
876551
876550
876549
876547
876546
876545
876544
876543
876542
876541
876540
876539
876538
876537
876536
876535
876534
876533
876532
876525
876524
876523
876522
876521
876520
876519
876517
876515
876513
876512
876511
876510
876509
876508
876507
876506
