806618
806616
806408
806407
806406
806405
806380
806379
806378
806377
806376
806374
806316
806315
806314
806313
806208
806213
806237
806236
806697
806221
806566
806624
806554
806555
806556
806557
806559
806696
806699
806520
806525
806564
806585
806656
806487
806486
806482
806485
806481
806457
806461
806444
806441
806438
806435
806430
806425
806422
806411
806402
806399
806394
806390
806484
806480
806460
806445
806439
806436
806429
806424
806421
806454
806433
806410
806443
806483
806479
806452
806437
806428
806423
806626
806235
806431
806426
806401
806392
806608
806607
806603
806602
806601
806598
806597
806595
806593
806371
806491
806469
806467
806466
806718
806717
806716
806715
806714
806713
806712
806711
806710
806709
806708
806707
806706
806703
806702
806701
806700
806698
806695
806694
806693
806692
806691
806690
806689
806688
806687
806686
806685
806684
806683
806681
806680
806679
806678
806677
806676
806675
806674
806673
806672
806671
806670
806669
806668
806667
806666
806665
806664
806663
806662
806661
806660
806659
806658
806657
806655
806654
806653
806652
806651
806650
806649
806648
806647
806646
806641
806640
806639
806638
806636
806635
806634
806633
806632
806631
806630
806629
806628
806295
806625
806623
806622
806621
806619
806617
806615
806614
806613
806612
806611
806610
806609
806606
806605
806604
806600
806599
806596
806594
806592
806591
806590
806589
806588
806587
806584
806583
806582
806581
806580
806579
806577
806576
806575
806574
806573
806572
806571
806570
806569
806568
806567
806563
806562
806561
806560
806558
806553
806552
806551
806550
806549
806548
806547
806546
806545
806544
806543
806542
806541
806540
806539
806538
806537
806536
806535
806534
806533
806532
806531
806530
806529
806527
806526
806524
806523
806522
806521
806519
806518
806517
806516
806515
806514
806513
806512
806511
806510
806509
806508
806507
806505
806504
806502
806501
806500
806499
806498
806497
806496
806495
806494
806493
806492
806490
806489
806488
806478
806477
806476
806475
806474
806473
806472
806471
806470
806465
806464
806463
806462
806459
806456
806455
806453
806451
806450
806449
806448
806447
806446
806442
806440
806434
806432
806427
806420
806419
806418
806417
806416
806415
806414
806412
806409
806404
806403
806400
806398
806397
806396
806393
806391
806389
806388
806387
806386
806384
806383
806382
806381
806375
806373
806372
806370
806369
806368
806367
806366
806365
806364
806363
806362
806361
806360
806359
806358
806357
806356
806355
806353
806352
806351
806350
806349
806348
806347
806346
806345
806344
806343
806342
806341
806340
806339
806338
806337
806336
806335
806334
806333
806332
806331
806330
806329
806328
806326
806325
806324
806322
806321
806320
806319
806318
806317
806312
806311
806310
806309
806307
806305
806304
806303
806302
806301
806300
806299
806297
806296
806294
806293
806292
806291
806290
806289
806288
806287
806286
806285
806284
806283
806282
806281
806280
806279
806278
806277
806276
806275
806274
806273
806272
806271
806270
806269
806268
806267
806266
806265
806264
806263
806262
806261
806260
806259
806258
806257
806256
806255
806254
806253
806251
806250
806249
806248
806247
806246
806245
806244
806243
806242
806241
806240
806239
806238
806233
806232
806230
806229
806228
806227
806226
806225
806224
806223
806222
806219
806218
806217
806216
806215
806214
806212
806211
806210
806209
806207
806206
806205
806204
806203
806202
806201
806200
806199
806198
806197
806196
806195
806194
