900595
900593
900556
900552
900592
900589
900587
900585
900584
900597
900544
900483
900316
900410
900551
900439
900437
900434
900471
900520
900479
900394
900392
900382
900526
900517
900469
900627
900624
900620
900613
900604
900470
900433
900628
900623
900619
900611
900607
900445
900436
900388
900380
900524
900519
900480
900626
900615
900610
900606
900393
900391
900376
900518
900459
900476
900438
900625
900618
900612
900603
900473
900448
900386
900379
900575
900617
900600
900602
900474
900472
900440
900389
900377
900384
900375
900609
900622
900614
900599
900383
900370
900360
900586
900574
900323
900598
900616
900621
900608
900605
900601
900590
900588
900596
900583
900582
900581
900580
900579
900577
900573
900576
900572
900562
900561
900558
900557
900555
900554
900553
900550
900549
900548
900547
900546
900545
900543
900542
900541
900540
900539
900537
900535
900533
900532
900531
900530
900529
900528
900525
900523
900515
900514
900513
900512
900511
900510
900508
900506
900505
900504
900499
900498
900497
900495
900493
900492
900491
900490
900489
900487
900486
900485
900484
900482
900478
900477
900475
900468
900467
900466
900465
900464
900463
900462
900461
900460
900458
900457
900456
900455
900452
900451
900450
900447
900446
900444
900443
900442
900441
900435
900432
900431
900430
900429
900428
900427
900426
900423
900422
900421
900420
900419
900417
900416
900415
900414
900413
900412
900411
900409
900408
900407
900406
900405
900404
900403
900402
900401
900400
900399
900398
900397
900396
900395
900390
900387
900385
900381
900378
900374
900373
900372
900371
900369
900367
900366
900365
900363
900362
900359
900358
900357
900355
900354
900353
900352
900351
900350
900348
900347
900346
900345
900344
900343
900342
900341
900340
900339
900338
900337
900336
900335
900334
900333
900332
900331
900329
900328
900327
900326
900325
900324
900322
900321
900320
900319
900318
900317
900315
900314
900313
900312
900310
900309
900308
900307
900306
900304
900303
900302
900301
900298
900297
900296
900295
900294
900293
900292
900291
900290
900289
900288
900287
