869175
869173
869174
868799
868798
868795
868797
868790
869171
868794
868796
868788
868793
868792
868789
868786
868784
868791
868787
868785
868781
868774
868783
868749
868752
868956
868718
868778
868779
868782
868770
868780
868776
868761
868775
868773
868760
868879
868872
868870
869078
869071
869058
869055
869045
868909
868907
868902
868852
868848
868821
868817
869066
868908
868906
868901
868878
868880
868869
868850
868903
868897
868873
868877
868905
868900
868822
868849
869069
869076
868818
868816
868967
869232
868766
868874
869056
868802
868804
868830
868832
869227
869228
869053
869061
869062
868708
868706
868904
868899
868876
868875
868893
868895
868896
868713
868712
868709
868711
868710
869139
869137
868975
868979
869144
869143
869141
869136
869134
868927
868934
868726
868725
868724
869221
869220
869195
869202
869201
869200
869199
869198
869197
869196
869193
869192
869191
869203
869190
869189
869188
869187
869186
869185
869184
869183
869182
869181
869180
869179
869178
869177
869176
869164
869163
869159
869157
869156
869155
869153
869152
869151
869150
869149
869148
869147
869146
869145
869140
869138
869132
869130
869127
869126
869122
869121
869111
869110
869109
869108
869107
869106
869105
869103
869102
869101
869100
869099
869098
869097
869096
869095
869094
869093
869092
869091
869090
869089
869087
869086
869085
869084
869073
869072
869070
869067
869065
869064
869040
869039
869038
869037
869036
869035
869014
869013
869012
869011
869010
869008
869006
869004
869003
869002
869000
868999
868998
868997
868996
868995
868994
868993
868992
868991
868989
868987
868985
868984
868982
868981
868978
868976
868963
868962
868961
868960
868959
868958
868955
868954
868953
868952
868949
868948
868947
868946
868945
868944
868943
868942
869032
868941
868940
868939
868938
868937
868936
868935
868933
868932
868931
868929
868928
869252
869247
869241
869240
869239
869238
869237
869236
869235
869234
869233
869250
869249
869248
869244
869243
869242
869231
869230
869229
869226
869225
869224
869223
869222
869142
869219
869218
869217
869216
869215
869214
869213
869212
869211
869210
869209
869208
869207
869206
869205
869204
869194
869172
869170
869169
869168
869167
869166
869165
869162
869161
869160
869158
869154
869133
869131
869129
869128
869124
869123
869120
869119
869118
869117
869116
869115
869114
869113
869112
869104
869088
869083
869082
869081
869080
869075
869074
869063
869060
869059
869054
869052
869051
869050
869048
869046
869044
869043
869042
869041
869034
869033
869031
869030
869029
869028
869027
869026
869025
869023
869022
869020
869019
869018
869017
869016
869015
869009
869007
869005
869001
868990
868988
868986
868983
868977
868974
868973
868972
868971
868970
868966
868965
868964
868951
868950
868930
868926
868925
868924
868923
868922
868921
868920
868919
868918
868917
868916
868915
868914
868913
868912
868911
868910
868898
868894
868892
868891
868890
868889
868888
868887
868885
868884
868883
868882
868881
868871
868868
868867
868866
868865
868864
868863
868862
868861
868860
868859
868858
868857
868856
868855
868854
868853
868847
868846
868845
868844
868843
868842
868841
868840
868839
868838
868837
868836
868835
868834
868833
868831
868829
868828
868827
868826
868825
868824
868823
868820
868819
868815
868814
868813
868806
868805
868803
868801
868812
868811
868810
868809
868808
868807
868800
868777
868772
868771
868769
868768
868767
868763
868758
868757
868755
868754
868753
868751
868748
868747
868746
868745
868744
868743
868742
868741
868740
868739
868737
868736
868735
868734
868733
868732
868730
868729
868728
868727
868723
868722
868721
868720
868719
868716
868714
868707
