749964
749930
749967
750067
749926
749966
749985
749980
749931
749959
749962
749968
749929
749927
749961
749963
749808
749807
749806
749805
749804
749803
749802
749801
749800
750084
749984
749981
749783
749942
749943
749945
749974
749988
749991
750002
750006
750080
750093
750094
750095
750070
750072
750154
750153
750152
750151
750150
750149
750148
750147
750146
750145
750144
750143
750142
750141
750140
750139
750138
750137
750136
750135
750134
750133
750132
750131
750130
750129
750128
750127
750126
750125
750124
750123
750122
750121
750120
750119
750118
750117
750116
750114
750113
750112
750111
750110
750109
750108
750107
750106
750105
750104
750103
750073
750071
750102
750101
750100
750099
750098
750097
750096
750092
750091
750090
750089
750088
750087
750086
750085
750082
750081
750079
750077
750076
750075
750074
750069
750068
750066
750064
750063
750062
750061
750060
750059
750058
750057
750056
750055
750054
750052
750051
750050
750049
750048
750047
750046
750044
750043
750042
750041
750040
750039
750038
750037
750035
750034
750033
750032
750031
750030
750029
750028
750027
750026
750025
750024
750023
750022
750021
750020
750019
750018
750017
750016
750015
750014
750013
750012
750010
750009
750008
750007
750005
750004
750003
750000
749999
749998
749997
749996
749995
749994
749993
749992
749990
749989
749987
749986
749983
749982
749979
749978
749977
749976
749975
749973
749972
749971
749970
749969
749965
749960
749958
749957
749956
749955
749954
749953
749952
749951
749950
749949
749915
749948
749947
749946
749944
749941
749940
749939
749938
749934
749937
749936
749935
749933
749916
749932
749928
749925
749924
749923
749922
749921
749920
749919
749918
749917
749914
749913
749912
749911
749910
749909
749908
749907
749906
749905
749904
749903
749902
749901
749900
749899
749898
749897
749896
749895
749894
749893
749892
749891
749890
749889
749888
749887
749886
749885
749884
749883
749881
749880
749879
749878
749877
749876
749875
749874
749873
749872
749871
749870
749869
749868
749867
749866
749865
749864
749863
749862
749861
749860
749859
749858
749857
749856
749854
749853
749852
749851
749850
749849
749848
749847
749846
749844
749843
749842
749841
749840
749839
749838
749837
749836
749835
749834
749833
749832
749831
749830
749829
749828
749827
749826
749825
749824
749823
749822
749821
749820
749819
749818
749817
749816
749815
749814
749813
749812
749811
749810
749809
749799
749798
749797
749796
749795
749794
749793
749792
749791
749790
749788
749787
749786
749785
749784
749782
749781
749780
749779
749778
749777
749776
749775
749774
749773
749772
749771
749770
749769
749768
749767
749766
749765
749764
749763
749762
749761
749760
749759
749758
749757
749756
