807615
807754
807746
807707
807656
807636
807752
807730
807633
807632
807629
807745
807645
807658
807751
807372
807405
807805
807461
807465
807587
807670
807703
807704
807631
807627
807744
807712
807648
807644
807637
807630
807628
807735
807708
807768
807767
807766
807764
807763
807762
807800
807794
807812
807810
807793
807815
807809
807811
807791
807795
807814
807801
807790
807808
807807
807792
807799
807784
807785
807787
807788
807789
807786
807417
807416
807414
807512
807511
807509
807507
807506
807505
807504
807503
807502
807501
807500
807499
807816
807813
807806
807804
807803
807802
807798
807797
807796
807783
807781
807780
807779
807778
807777
807776
807775
807774
807773
807772
807771
807770
807769
807765
807761
807760
807759
807758
807756
807755
807753
807750
807749
807748
807747
807743
807742
807741
807740
807739
807738
807737
807736
807734
807733
807732
807731
807729
807728
807727
807726
807725
807724
807723
807722
807721
807720
807719
807718
807717
807716
807715
807713
807709
807706
807705
807702
807701
807700
807699
807698
807697
807696
807695
807694
807693
807691
807690
807689
807688
807687
807686
807685
807684
807683
807682
807681
807680
807679
807678
807677
807676
807674
807673
807672
807671
807668
807667
807666
807665
807664
807663
807662
807661
807660
807659
807657
807655
807654
807653
807652
807651
807650
807649
807647
807646
807643
807642
807641
807640
807639
807638
807635
807634
807626
807625
807623
807622
807621
807620
807619
807618
807617
807616
807614
807612
807611
807609
807607
807606
807605
807604
807603
807602
807601
807599
807598
807597
807596
807595
807594
807593
807592
807590
807589
807588
807586
807585
807584
807583
807561
807413
807410
807409
807545
807547
807558
807582
807581
807580
807579
807578
807577
807576
807575
807574
807573
807572
807571
807570
807569
807568
807567
807566
807565
807564
807562
807560
807559
807557
807556
807555
807554
807553
807552
807551
807550
807549
807548
807546
807544
807543
807542
807541
807540
807539
807538
807537
807536
807535
807534
807533
807532
807531
807530
807529
807528
807527
807526
807525
807524
807523
807522
807520
807519
807518
807517
807516
807515
807514
807513
807510
807508
807497
807498
807496
807495
807494
807493
807492
807491
807490
807489
807488
807487
807486
807485
807484
807483
807482
807481
807480
807479
807412
807411
807478
807477
807476
807475
807474
807473
807472
807471
807470
807469
807468
807467
807466
807462
807464
807463
807460
807459
807458
807457
807456
807455
807454
807453
807452
807451
807450
807449
807448
807447
807446
807445
807444
807443
807442
807441
807439
807438
807437
807436
807435
807434
807433
807431
807430
807429
807428
807427
807426
807425
807424
807423
807422
807421
807420
807419
807418
807408
807407
807406
807415
807404
807403
807401
807400
807399
807398
807397
807396
807395
807394
807393
807392
807391
807390
807389
807388
807387
807386
807385
807384
807383
807382
807381
807380
807378
807377
807376
807375
807374
807373
807371
807370
807367
807366
807365
807364
807363
807360
807359
807358
807357
807356
807355
807354
807353
807352
807351
807350
807349
807348
807347
807346
807345
807344
