837840
837843
837830
837812
837896
837881
837878
837874
837870
837852
837711
837710
837709
837708
837705
837704
837703
837701
837690
837687
837684
837683
837680
837678
837854
837866
837860
837845
837956
837887
837865
837858
837955
837839
837850
837848
837844
837842
837855
837883
837584
837594
837591
837590
837707
837696
837694
837692
837688
837686
837586
837636
837682
837681
837679
837677
837676
837675
837635
837600
837595
837592
837782
837857
837880
837869
837872
837877
837585
837578
837886
837894
837863
837859
837853
837849
837851
837634
837588
837589
837583
837577
837575
837837
837836
837835
837834
837725
837726
837727
837728
837729
837730
837731
837732
837733
837735
837736
837737
837738
837739
837740
837741
837742
837743
837744
837745
837746
837747
837748
837749
837750
837751
837753
837754
837755
837756
837757
837758
837760
837761
837762
837763
837764
837765
837766
837767
837768
837769
837770
837771
837772
837773
837774
837775
837776
837777
837778
837779
837780
837781
837783
837784
837785
837786
837787
837788
837789
837790
837791
837792
837793
837794
837795
837796
837797
837799
837800
837801
837802
837803
837805
837806
837807
837808
837809
837810
837811
837814
837815
837816
837817
837818
837819
837820
837821
837822
837823
837824
837825
837826
837827
837828
837829
837831
837832
837833
837721
837722
837724
837576
837574
837582
837628
837627
837626
837620
838017
838016
838001
838015
838012
838008
837999
837991
837915
837912
838023
838014
838010
838007
838005
838003
837998
837994
837990
837988
837892
837496
837492
838022
838013
838009
838006
838004
838002
837996
837993
837987
837985
837890
837889
837926
837936
838094
837959
837515
837519
838105
838101
837992
837989
837986
837868
837499
837498
837497
837495
837494
837493
837491
837490
837489
837470
837469
837468
837467
837465
837464
837463
837462
837461
837460
837459
837458
837453
837452
837451
837450
837847
838113
838112
838111
838110
838109
838108
838107
838106
838104
838103
838102
838100
838099
838098
838096
838095
838093
838092
838091
838090
838088
838087
838086
838085
838084
838083
838082
838081
838080
838078
838077
838076
838075
838074
838072
838071
838070
838069
838068
838067
838066
838065
838064
838063
838062
838061
838059
838057
838056
838054
838052
838050
838049
838048
838045
838044
838042
838041
838040
838039
838038
838037
838036
838060
838058
838055
838053
838051
838047
838046
838043
838035
838034
838033
838032
838031
838030
838029
838028
838027
838026
838025
838024
838021
838020
838019
838011
838000
837997
837995
837984
837983
837982
837981
837980
837979
837978
837977
837976
837975
837974
837973
837972
837971
837970
837969
837968
837967
837966
837965
837963
837962
837961
837960
837616
837958
837957
837954
837903
837897
837950
837949
837948
837947
837946
837943
837942
837941
837940
837939
837938
837937
837935
837934
837933
837932
837931
837930
837929
837928
837927
837925
837924
837923
837922
837921
837920
837919
837918
837916
837914
837911
837910
837908
837906
837902
837901
837900
837899
837895
837891
837888
837885
837884
837882
837879
837876
837873
837871
837862
837478
837476
837913
837909
837907
837905
837893
837875
837861
837856
837846
837841
837838
837804
837798
837759
837752
837734
837723
837720
837719
837718
837717
837716
837715
837714
837713
837712
837706
837702
837700
837699
837698
837695
837693
837691
837689
837685
837674
837673
837672
837671
837670
837669
837668
837667
837666
837665
837664
837659
837658
837657
837656
837655
837654
837653
837652
837651
837650
837648
837647
837646
837645
837644
837643
837642
837641
837640
837639
837638
837637
837633
837632
837631
837630
837629
837625
837624
837623
837622
837621
837619
837618
837617
837615
837614
837613
837612
837611
837610
837609
837608
837606
837605
837604
837603
837602
837601
837599
837598
837597
837596
837593
837587
837581
837580
837579
837573
837572
837571
837570
837569
837568
837567
837566
837565
837564
837563
837561
837560
837559
837558
837557
837556
837555
837554
837553
837552
837551
837550
837549
837548
837547
837546
837545
837544
837543
837542
837541
837540
837539
837538
837537
837536
837535
837534
837533
837532
837531
837530
837529
837528
837527
837525
837524
837523
837509
837508
837507
837506
837505
837504
837503
837502
837501
837500
837488
837487
837486
837485
837484
837482
837481
837480
837479
837477
837474
837473
837472
837471
837466
837457
837456
837455
