926383
926506
926508
926509
926512
926513
926515
926516
926518
926496
926497
926521
926522
926952
926950
926949
926953
926948
926954
926945
926760
926757
926755
926958
926942
926495
926494
926489
926488
926778
926845
926960
926941
926780
926764
926762
926752
926776
926771
926768
926959
926939
926843
926779
926775
926772
926766
926763
926957
926938
926761
926758
926774
926767
926956
926947
926842
926777
926773
926769
926765
926756
926753
926484
926482
926478
926474
926462
926524
926527
926529
926532
926533
926534
926535
926541
926545
926543
926544
926391
926375
927106
926377
926393
926590
926869
927108
927111
926394
927114
927113
927110
927109
927107
927104
927103
927102
927101
927100
927099
927098
927097
927096
927095
927094
927093
927092
927091
927090
927089
927088
927087
927086
927085
927084
927083
927082
927081
927080
927079
927078
927077
927076
927075
927074
927073
927072
927071
927070
927069
927068
927067
927066
927065
927064
927063
927062
927061
927060
927059
927058
927057
927055
927054
927053
927052
927051
927050
927049
927048
927047
927046
927045
927044
927038
927037
927034
927043
927042
927041
927040
927039
927036
927033
927032
927031
927030
927029
927028
927027
927026
927025
927024
927023
927022
927021
927020
927019
927018
927017
927016
927015
927014
927013
927012
927011
927010
927009
927008
927006
927003
927001
927000
926999
926998
926997
926996
926995
926994
926993
926992
926991
926990
926989
926988
926987
926986
926985
926984
926983
926982
926981
926980
926979
926978
926977
926976
926975
926974
926973
926972
926971
926970
926969
926968
926967
926966
926965
926964
926963
926962
926961
926955
926951
926946
926944
926943
926940
926937
926936
926935
926934
926933
926932
926931
926930
926929
926928
926927
926926
926925
926924
926923
926922
926921
926920
926919
926918
926917
926916
926915
926914
926913
926912
926911
926910
926909
926908
926907
926906
926905
926904
926903
926902
926901
926900
926897
926896
926895
926894
926893
926892
926891
926890
926889
926888
926887
926886
926885
926884
926883
926882
926881
926880
926879
926878
926877
926876
926875
926874
926873
926872
926871
926870
926868
926867
926866
926865
926864
926863
926862
926861
926860
926859
926858
926857
926856
926855
926854
926853
926852
926851
926850
926849
926848
926846
926844
926841
926840
926839
926838
926837
926836
926835
926834
926833
926832
926831
926830
926829
926828
926827
926826
926825
926824
926823
926822
926821
926820
926819
926817
926815
926814
926813
926812
926811
926810
926809
926808
926807
926806
926805
926804
926803
926802
926801
926800
926799
926798
926797
926796
926795
926794
926793
926792
926791
926790
926789
926788
926787
926786
926785
926784
926783
926782
926781
926770
926759
926754
926750
926749
926748
926747
926746
926745
926744
926743
926742
926741
926740
926739
926738
926737
926736
926735
926734
926733
926732
926731
926730
926729
926728
926727
926726
926725
926724
926723
926722
926721
926720
926719
926718
926717
926716
926715
926714
926713
926712
926711
926710
926708
926707
926706
926705
926704
926699
926700
926701
926703
926702
926698
926693
926694
926695
926697
926696
926692
926691
926690
926689
926688
926687
926686
926685
926684
926683
926682
926681
926680
926678
926676
926675
926674
926673
926672
926671
926670
926669
926668
926667
926666
926665
926664
926663
926662
926661
926660
926658
926657
926655
926654
926653
926652
926651
926650
926649
926648
926647
926646
926645
926644
926643
926642
926640
926639
926638
926637
926636
926635
926634
926633
926631
926629
926627
926625
926624
926623
926622
926621
926620
926618
926617
926613
926612
926611
926610
926609
926608
926607
926606
926605
926604
926603
926602
926601
926600
926599
926598
926597
926596
926595
926594
926593
926592
926591
926589
926588
926587
926585
926584
926583
926582
926580
926579
926578
926577
926576
926575
926574
926573
926572
926571
926570
926569
926568
926567
926566
926565
926564
926562
926561
926560
926559
926558
926556
926555
926554
926552
926550
926549
926548
926547
926542
926540
926538
926537
926536
926531
926530
926526
926523
926520
926519
926517
926514
926511
926510
926505
926504
926503
926502
926501
926500
926499
926498
926493
926492
926491
926490
926487
926486
926485
926483
926481
926480
926477
926476
926475
926473
926472
926471
926470
926469
926468
926467
926466
926465
926461
926457
926452
926451
926446
926445
926440
926439
926438
926435
926434
926433
926432
926431
926430
926429
926427
926426
926425
926424
926423
926422
926421
926420
926419
926418
926412
926409
926408
926407
926406
926405
926404
926403
926400
926399
926398
926397
926390
926388
926387
926386
926385
926382
926381
926379
926378
926374
926372
926371
926370
926369
926368
