748554
748684
748685
748586
748582
748677
748567
748565
748672
748666
748676
748650
748581
748641
748607
748569
748667
748673
748566
748564
748563
748568
748683
748383
748509
748548
748556
748595
748662
748661
748660
748506
748508
748504
748505
748686
748682
748681
748680
748675
748674
748671
748670
748669
748668
748665
748663
748659
748658
748657
748656
748655
748654
748653
748652
748651
748649
748648
748647
748646
748645
748618
748617
748609
748604
748593
748592
748591
748590
748589
748588
748585
748584
748644
748643
748642
748640
748639
748638
748637
748636
748635
748634
748633
748632
748631
748630
748629
748628
748627
748626
748625
748624
748623
748622
748621
748620
748619
748616
748615
748614
748613
748612
748611
748610
748608
748606
748605
748603
748602
748601
748600
748599
748598
748597
748596
748594
748587
748583
748580
748579
748578
748577
748576
748575
748574
748573
748572
748571
748570
748562
748561
748560
748559
748558
748557
748555
748553
748552
748551
748550
748549
748547
748546
748545
748544
748543
748542
748541
748540
748539
748538
748537
748536
748535
748534
748533
748532
748531
748530
748529
748528
748527
748526
748525
748524
748523
748522
748521
748520
748519
748518
748517
748516
748515
748514
748513
748512
748511
748510
748507
748503
748502
748501
748500
748499
748498
748497
748496
748495
748494
748493
748415
748438
748439
748440
748441
748442
748443
748444
748445
748446
748447
748448
748449
748450
748451
748452
748453
748454
748455
748456
748457
748458
748459
748460
748461
748462
748463
748464
748465
748466
748467
748468
748469
748470
748471
748472
748473
748474
748475
748476
748477
748478
748479
748480
748481
748482
748483
748484
748485
748486
748487
748488
748489
748492
748491
748490
748437
748436
748435
748434
748433
748432
748431
748430
748429
748428
748427
748426
748425
748424
748423
748422
748421
748420
748419
748418
748417
748416
748414
748413
748412
748411
748410
748409
748408
748407
748406
748405
748404
748403
748402
748401
748400
748399
748398
748396
748395
748394
748393
748392
748391
748390
748389
748388
748387
748386
748385
748384
748382
748381
748380
748379
748378
748377
748376
748375
748374
748373
748372
748371
748370
748369
