823788
823787
823786
824305
824152
824138
824121
824109
824197
824099
824163
824006
824147
824165
823918
824387
824384
824332
824318
824245
824295
824200
823990
824010
824244
824241
824085
824113
824154
824166
824290
824196
824125
824302
824007
823913
823910
824195
824164
824136
823987
823970
823941
823936
823915
823989
824144
823907
823909
823940
823933
823928
823927
823912
824118
824005
823988
823986
823972
823965
823939
823935
823914
823911
823963
823954
823978
824394
824393
824353
824348
824337
824334
824322
824316
824236
824227
824392
824391
824390
824389
824386
824235
824233
824232
824229
824225
824223
824222
824221
824220
824219
824218
824217
824190
824388
824382
824381
824380
824379
824377
824354
824352
824350
824347
824346
824344
824343
824342
824340
824339
824338
824336
824067
824098
824153
824162
823835
823891
823899
824203
824216
824215
824213
824212
824211
824206
824208
824205
824204
824202
824191
824189
824188
824187
824186
824185
824184
824183
824182
824328
824398
824396
824395
824385
824383
824378
824376
824374
824373
824372
824371
824364
824363
824362
824361
824369
824368
824367
824360
824359
824358
824366
824357
824375
824365
824335
824333
824330
824329
824327
824326
824325
824323
824321
824320
824319
824317
824315
824314
824312
824356
824355
824351
824349
824345
824341
824331
824324
824311
824310
824309
824308
824307
824306
824304
824303
824301
824300
824299
824298
824297
824296
824294
824293
824292
824291
824289
824288
824287
824286
824285
824284
824283
824282
824281
824280
824279
824278
824277
824276
824275
824274
824273
824272
824271
824270
824269
824268
824267
824266
824265
824264
824263
824262
824260
824259
824257
824256
824255
824254
824253
824252
824251
824250
824249
824248
824247
824246
824243
824242
824240
824239
824238
824237
824181
824179
824175
824174
824173
824172
824171
824234
824230
824228
824226
824210
824209
824207
824201
824199
824198
824194
824193
824192
824180
824178
824177
824176
824170
824169
824168
824167
824161
824160
824159
824158
824157
824156
824155
824151
824150
824149
824148
824143
824142
824140
824137
824133
824132
824130
824129
824128
824127
824124
824123
824122
824120
824119
824117
824116
824115
824114
824112
824111
824110
824108
824107
824106
824105
824104
824103
824102
824101
824100
824097
824096
824095
824094
824093
824092
824091
824090
824089
824088
824087
824086
824084
824083
824082
824080
824079
824078
824077
824076
824075
824074
824073
824071
824070
824069
824068
824066
824065
824064
824063
824062
824061
824060
824059
824058
824057
824056
824055
824054
824053
824052
824051
824050
824049
824048
824046
824045
824044
824043
824042
824041
824040
824039
824038
824037
824036
824035
824034
824033
824032
824031
824030
824029
824028
824027
824026
824025
824024
824023
824022
824021
824020
824019
824018
824017
824016
824015
824014
824012
824011
824009
824008
824004
824003
824002
824001
824000
823999
823998
823997
823996
823995
823994
823993
823992
823991
823984
823985
823983
823982
823981
823980
823979
823977
823976
823975
823974
823973
823971
823969
823968
823967
823966
823964
823962
823961
823960
823959
823958
823957
823956
823955
823953
823952
823951
823950
823949
823948
823947
823946
823945
823944
823943
823942
823938
823937
823934
823932
823931
823930
823929
823926
823925
823924
823923
823922
823921
823920
823919
823917
823908
823906
823905
823904
823903
823902
823901
823900
823897
823895
823894
823893
823892
823890
823852
823851
823850
823849
823848
823846
823844
823843
823842
823841
823839
823838
823837
823836
823834
823833
823832
823831
823830
823829
823828
823827
823826
823825
823824
823823
823822
823821
823820
823819
823818
823817
823816
823815
823814
823813
823812
823811
823810
823809
823808
823807
823806
823803
823802
823801
823800
823799
823798
823797
823796
823795
823794
823793
823792
823791
823790
823789
823784
823783
823782
823781
823780
823779
823778
823777
823776
823775
823774
823773
823772
823771
823770
823769
823768
823767
823766
823765
823764
823763
823762
