929357
929355
929354
929353
929382
929381
929380
929379
929378
929377
929376
929375
929374
929373
929372
929370
929369
929368
929367
929366
929365
929364
929363
929362
929361
929360
929580
929578
929570
929567
929562
929561
929557
929181
929178
929573
929569
929554
929575
929592
929568
929559
929182
929564
929549
929184
929179
929572
929566
929553
929177
929577
929579
929565
929551
929576
929571
929563
929550
929183
929180
929186
929425
929424
929201
929200
929199
929198
929626
929625
929624
929623
929423
929205
929204
929197
929196
929195
929193
929192
929191
929190
929189
929188
929167
929166
929165
929164
929163
929162
929161
929202
929187
929160
929158
929154
929153
929152
929151
929149
929136
929130
929129
929139
929138
929019
929097
929403
929430
929452
929467
929351
929350
929349
929348
929347
929346
929281
929274
929269
929155
929150
929147
929146
929145
929144
929143
929142
929141
929134
929131
929127
929126
929125
929124
929122
929123
929121
929120
929115
929114
929113
929112
929111
929106
929105
929104
929101
929096
929095
929094
929082
929337
929309
929303
929279
929268
929267
929266
929133
929093
929092
929091
929081
929078
929077
929076
929118
929622
929621
929620
929117
929116
929110
929109
929108
929103
929102
929100
929099
929090
929089
929088
929087
929086
929085
929619
929618
929617
929616
929615
929614
929613
929612
929611
929025
929026
929084
929083
929336
929335
929333
929330
929329
929328
929610
929609
929608
929607
929606
929605
929604
929603
929602
929601
929600
929599
929598
929593
929591
929590
929589
929588
929587
929586
929585
929583
929582
929581
929574
929560
929558
929556
929555
929552
929548
929547
929546
929545
929544
929543
929542
929541
929540
929539
929537
929538
929536
929535
929534
929533
929532
929531
929530
929529
929527
929526
929525
929524
929523
929522
929521
929520
929519
929518
929517
929516
929514
929513
929512
929511
929510
929509
929508
929507
929505
929504
929503
929502
929501
929500
929499
929498
929497
929496
929495
929494
929493
929492
929491
929490
929488
929487
929486
929485
929484
929483
929482
929481
929480
929479
929478
929477
929476
929474
929473
929472
929471
929470
929469
929468
929466
929465
929464
929462
929461
929428
929159
929137
929135
929132
929107
929080
929079
929440
929459
929458
929455
929454
929453
929451
929449
929448
929447
929446
929445
929444
929443
929442
929441
929439
929438
929437
929436
929435
929434
929433
929432
929431
929429
929427
929426
929422
929421
929420
929419
929418
929417
929415
929413
929412
929411
929410
929409
929408
929407
929406
929405
929404
929402
929401
929400
929399
929398
929397
929396
929395
929394
929392
929390
929389
929388
929387
929386
929384
929383
929359
929358
929352
929344
929343
929342
929340
929339
929332
929327
929325
929324
929322
929321
929320
929319
929318
929317
929316
929315
929314
929313
929312
929311
929310
929308
929307
929306
929305
929304
929302
929301
929300
929298
929297
929296
929294
929293
929292
929291
929290
929289
929288
929287
929286
929285
929284
929283
929280
929278
929277
929276
929275
929273
929271
929270
929265
929263
929264
929262
929261
929260
929255
929258
929220
929219
929214
929208
929228
929221
929229
929246
929211
929257
929232
929233
929241
929240
929239
929238
929236
929215
929217
929245
929244
929243
929254
929253
929252
929251
929242
929256
929250
929248
929247
929235
929234
929218
929210
929216
929230
929231
929227
929226
929224
929223
929222
929213
929212
929209
929259
929249
929225
929207
929185
929176
929175
929174
929173
929172
929171
929148
929140
929119
929074
929073
929061
929060
929059
929058
929057
929056
929055
929054
929053
929052
929051
929050
929049
929048
929047
929046
929045
929044
929043
929042
929041
929040
929039
929038
929037
929036
929035
929034
929033
929032
929030
929029
929027
929024
929022
929021
929018
929017
929016
