825729
825618
825942
825927
825890
825894
825615
825718
825678
825732
825862
825730
825728
825619
825617
825701
825650
825887
825821
825698
825663
825646
825587
825690
825691
825692
825697
825705
825717
825751
825786
825791
825792
825983
825985
825898
825909
825918
825928
825725
825724
825919
825895
825917
825912
825921
825916
825914
825910
825907
825882
825873
825867
825846
825922
825920
825915
825913
825908
825906
825903
825885
825881
825876
825872
825866
825849
825841
825828
825905
825904
825886
825884
825880
825879
825875
825871
825865
825863
825848
825844
825833
825827
825824
825874
825868
825864
825861
825859
825847
825843
825842
825839
825837
825832
825831
825579
825923
826002
826000
825999
825998
825997
825996
825995
825994
825993
825992
825991
825990
825989
825988
825987
825986
825982
825981
825980
825979
825977
825976
825975
825974
825973
825972
825971
825970
825969
825968
825967
825965
825964
825963
825962
825961
825960
825959
825958
825957
825956
825955
825954
825953
825952
825951
825950
825949
825948
825947
825946
825945
825944
825943
825941
825939
825938
825937
825936
825935
825934
825933
825931
825930
825840
825838
825835
825834
825830
825829
825826
825825
825586
825585
825584
825581
825578
825929
825926
825925
825924
825911
825902
825901
825900
825899
825897
825896
825892
825891
825889
825888
825883
825878
825877
825870
825869
825860
825858
825857
825856
825855
825854
825853
825852
825851
825850
825845
825836
825823
825822
825819
825818
825817
825816
825815
825814
825813
825812
825811
825810
825809
825808
825807
825806
825805
825804
825803
825802
825801
825800
825799
825798
825797
825795
825794
825793
825790
825789
825788
825787
825785
825784
825783
825781
825780
825779
825778
825777
825776
825775
825774
825773
825772
825771
825770
825769
825768
825767
825766
825765
825764
825763
825762
825761
825760
825759
825758
825756
825755
825754
825753
825752
825750
825749
825748
825747
825746
825745
825744
825743
825742
825741
825740
825739
825738
825737
825736
825735
825734
825733
825731
825727
825726
825723
825722
825720
825719
825716
825715
825714
825713
825712
825711
825710
825709
825708
825707
825706
825703
825702
825700
825699
825696
825695
825694
825693
825689
825688
825687
825686
825685
825684
825683
825682
825681
825679
825677
825676
825675
825674
825673
825672
825671
825670
825669
825668
825667
825666
825665
825664
825662
825661
825660
825659
825658
825657
825656
825655
825654
825653
825652
825651
825648
825647
825645
825644
825643
825642
825641
825640
825639
825638
825637
825636
825635
825634
825633
825632
825631
825630
825629
825628
825627
825626
825625
825624
825623
825622
825621
825620
825616
825614
825613
825612
825611
825610
825609
825608
825607
825606
825605
825604
825603
825602
825601
825598
825597
825594
825593
825592
825591
825590
825589
825588
825583
825582
825580
825577
825576
825575
825574
825573
825572
825571
825570
825569
825568
825566
825565
825564
825563
825562
825561
825560
825559
825558
825554
825553
825552
825551
825550
825549
825548
825547
825546
825545
825544
825543
825542
825541
825540
825539
825538
825537
825536
825534
825533
825532
825531
825530
825529
825528
825527
825526
825525
825524
825523
825522
825521
825520
825519
825518
825517
825516
825515
825514
825513
825512
825511
825510
825509
825508
825507
825506
825505
825504
825503
825501
825500
825499
825498
825497
825496
825495
825494
825493
825492
825491
825490
825489
825488
825487
825486
825485
825484
825483
825482
825481
825480
825479
825478
825477
825476
825475
825474
825473
825472
825471
