884693
884644
884692
884691
884643
884364
884718
884721
884690
884336
884720
884723
884499
884503
884610
884510
884460
884665
884618
884505
884517
884514
884483
884474
884663
884616
884511
884504
884500
884498
884487
884476
884461
884668
884609
884617
884509
884485
884471
884512
884516
884615
884475
884486
884497
884508
884520
884519
884518
884477
884466
884608
884501
884506
884513
884515
884667
884496
884507
884488
884465
884607
884478
884463
884502
884495
884494
884493
884567
884492
884683
884491
884490
884489
884482
884388
884386
884345
884344
884481
884480
884479
884322
884464
884346
884347
884327
884462
884655
884459
884458
884429
884329
884553
884552
884457
884427
884328
884557
884556
884385
884384
884390
884389
884350
884349
884323
884326
884360
884330
884654
884426
884555
884554
884537
884532
884361
884755
884528
884530
884551
884550
884321
884332
884359
884319
884425
884423
884473
884472
884470
884469
884468
884467
884564
884563
884562
884561
884560
884559
884542
884541
884540
884535
884534
884351
884352
884339
884342
884750
884758
884358
884357
884340
884527
884526
884522
884521
884318
884317
884320
884314
884315
884316
884645
884424
884428
884430
884313
884558
884538
884767
884766
884765
884764
884763
884761
884760
884759
884757
884756
884754
884753
884752
884751
884749
884748
884747
884746
884745
884744
884742
884741
884740
884739
884738
884737
884736
884735
884734
884733
884732
884731
884730
884729
884728
884727
884726
884725
884724
884722
884717
884716
884715
884714
884713
884712
884711
884710
884709
884708
884707
884706
884705
884704
884703
884702
884700
884699
884698
884697
884696
884695
884694
884689
884688
884687
884686
884685
884684
884682
884681
884680
884679
884678
884676
884675
884674
884673
884672
884671
884670
884669
884666
884664
884662
884661
884660
884659
884658
884657
884656
884653
884652
884651
884650
884649
884647
884641
884640
884639
884638
884637
884636
884635
884634
884633
884632
884631
884630
884324
884629
884628
884627
884626
884625
884624
884623
884622
884621
884620
884619
884614
884613
884612
884611
884606
884605
884604
884603
884602
884601
884600
884599
884598
884596
884595
884594
884593
884591
884590
884589
884588
884587
884586
884585
884584
884583
884581
884580
884579
884578
884577
884576
884575
884574
884572
884571
884570
884569
884568
884566
884565
884549
884548
884547
884546
884545
884544
884543
884539
884536
884533
884531
884529
884524
884523
884484
884456
884455
884454
884453
884452
884451
884449
884448
884447
884446
884445
884444
884443
884442
884441
884440
884439
884438
884437
884436
884435
884434
884433
884432
884422
884421
884420
884419
884418
884417
884416
884415
884414
884413
884412
884411
884410
884409
884408
884407
884406
884405
884404
884403
884402
884401
884400
884399
884398
884397
884396
884395
884394
884393
884392
884391
884387
884383
884382
884381
884380
884379
884378
884377
884376
884375
884373
884372
884371
884370
884369
884368
884366
884365
884363
884362
884356
884355
884354
884353
884343
884341
884338
884337
884335
884334
884333
884331
884312
884311
