805621
805622
805367
805362
805361
805464
805387
805542
805549
805550
805553
805555
805570
805571
805572
805575
805591
805595
805463
805692
805569
805680
805679
805675
805673
805646
805655
805629
805626
805472
805506
805677
805676
805630
805624
805671
805670
805674
805641
805633
805627
805625
805669
805636
805681
805650
805678
805628
805623
805395
805396
805403
805402
805404
805398
805406
805397
805400
805399
805405
805345
805344
805343
805333
805326
805316
805335
805336
805338
805341
805342
805325
805318
805317
805319
805321
805332
805331
805330
805329
805328
805327
805696
805743
805742
805741
805740
805739
805738
805737
805736
805735
805734
805733
805732
805731
805730
805729
805728
805727
805726
805725
805724
805723
805722
805721
805720
805719
805718
805717
805716
805715
805714
805713
805712
805711
805710
805709
805708
805706
805705
805704
805703
805702
805701
805700
805699
805698
805697
805695
805694
805693
805691
805690
805689
805688
805687
805686
805685
805684
805683
805682
805672
805668
805667
805666
805665
805664
805663
805662
805661
805660
805659
805658
805657
805656
805654
805653
805652
805651
805649
805648
805647
805645
805644
805643
805642
805640
805639
805638
805637
805635
805634
805632
805631
805620
805619
805618
805617
805616
805615
805614
805613
805612
805611
805610
805609
805608
805607
805606
805605
805603
805602
805601
805600
805599
805598
805508
805474
805473
805597
805596
805594
805593
805592
805590
805589
805588
805587
805586
805585
805584
805583
805582
805581
805580
805579
805578
805577
805576
805574
805573
805568
805567
805566
805565
805564
805563
805562
805561
805560
805559
805558
805557
805556
805546
805545
805544
805543
805524
805554
805552
805551
805548
805547
805541
805540
805539
805538
805537
805536
805535
805534
805533
805532
805531
805530
805529
805528
805527
805526
805525
805523
805522
805521
805520
805519
805518
805517
805516
805515
805514
805513
805512
805511
805510
805509
805507
805505
805504
805503
805502
805501
805500
805499
805498
805497
805496
805495
805494
805493
805492
805491
805490
805489
805488
805487
805486
805485
805484
805483
805482
805481
805480
805479
805478
805477
805475
805469
805468
805467
805466
805462
805461
805460
805459
805334
805448
805458
805457
805456
805455
805454
805453
805452
805451
805450
805449
805447
805446
805445
805444
805443
805442
805440
805439
805438
805437
805436
805435
805434
805433
805432
805431
805430
805429
805428
805427
805426
805425
805424
805423
805421
805420
805419
805418
805417
805416
805415
805414
805413
805412
805411
805410
805409
805408
805407
805401
805394
805393
805392
805391
805390
805389
805388
805386
805384
805383
805382
805381
805379
805378
805377
805376
805375
805374
805373
805372
805371
805370
805368
805366
805365
805364
805363
805358
805360
805359
805357
805356
805355
805354
805353
805352
805351
805350
805349
805348
805346
805340
805339
805337
805324
805323
805322
805320
805315
805314
805313
805312
805311
