814200
814295
814284
814297
814298
814293
814290
814276
814189
814182
814162
814287
814274
814191
814186
814273
814190
814177
813962
814091
814079
813993
813956
813912
813935
813967
814294
814160
813990
814089
813992
814289
814272
814188
814166
814296
814292
813908
813894
813893
813886
813952
814088
814078
813974
813973
813972
813961
814084
814283
814269
813907
813892
813890
813885
814081
814076
813991
813899
813891
813884
814187
814165
814158
813960
813887
813946
813911
813898
813895
813882
813897
813888
813883
813783
813959
813969
813968
813920
813830
813821
813823
813818
813817
814145
814016
814114
814139
814140
814141
814142
814143
814144
813929
814203
814257
813827
813829
813786
813781
813776
813774
814353
814352
814351
814350
814349
814348
814347
814346
814345
814344
814343
814342
814341
814340
814339
814338
814337
814336
814335
814334
814333
814332
814331
814330
814329
814328
814180
814327
814326
814325
814324
814323
814322
814321
814320
814319
814318
814317
814316
814315
814314
814313
814312
814311
814310
814309
814308
814307
814306
814305
814304
814303
814302
814301
814300
814299
814291
814288
814286
814285
814282
814281
814279
814278
814277
814275
814271
814270
814267
814266
814261
814260
814259
814258
814256
814255
814254
814253
814252
814250
814249
814248
814246
814245
814244
814242
814241
814240
814239
814238
814236
814234
814233
814232
814231
814230
814228
814227
814226
814225
814224
814222
814221
814220
814218
814216
814215
814214
814212
814211
814209
814207
814206
814205
814204
814202
814201
814199
814198
814197
814196
814195
814194
814193
814192
814185
814184
814183
814176
814175
814174
814172
814169
814168
814167
814164
814163
814161
814159
814157
814156
814155
814154
814153
814150
814149
814148
814146
814138
814133
814132
814131
814130
814129
814128
814127
814126
814125
814124
814123
814122
814121
814120
814119
814118
814117
814116
814115
814113
814112
814111
814110
814109
814108
814107
814106
814105
814104
814103
814102
814101
814100
814099
814098
814097
814096
814095
814093
814092
814086
814085
814083
814082
814080
814077
814075
814074
814072
814070
814068
814066
814064
814062
814060
814058
814056
814054
814052
814050
814048
814047
814046
814045
814044
814043
814042
814041
814040
814039
814038
814037
814036
814035
814034
814033
814032
814031
814029
814028
814027
814026
814025
814024
814023
814022
814021
814020
814019
814018
814017
814015
814012
814011
814009
814008
814007
814005
814004
814003
814002
814001
814000
813999
813998
813997
813996
813995
813989
813988
813987
813984
813983
813982
813981
813980
813979
813978
813977
813976
813975
813971
813966
813965
813964
813963
813958
813957
813955
813954
813953
813951
813950
813949
813948
813947
813945
813944
813943
813942
813941
813939
813938
813936
813934
813933
813932
813931
813930
813928
813927
813926
813921
813918
813917
813916
813915
813914
813913
813910
813909
813906
813905
813904
813903
813902
813901
813900
813896
813889
813881
813880
813879
813878
813877
813876
813875
813874
813873
813871
813870
813869
813868
813867
813866
813865
813864
813863
813862
813861
813860
813859
813858
813857
813856
813855
813854
813853
813852
813851
813850
813849
813848
813847
813833
813832
813831
813828
813826
813825
813824
813822
813820
813819
813816
813812
813807
813806
813805
813804
813803
813802
813801
813800
813799
813798
813797
813796
813795
813794
813793
813792
813727
813728
813791
813790
813789
813784
813782
813780
813779
813778
813777
813775
813773
813772
813771
813770
813769
813768
813767
813766
813765
813764
813763
813762
813746
813747
813749
813752
813756
813758
813759
813761
813760
813757
813745
813744
813743
813742
813741
813738
813737
813736
813735
813734
813733
813732
813731
813730
813729
813726
813724
813723
813722
813721
813720
813719
813718
813717
