869351
869258
869257
869355
869352
869255
869254
869253
869496
869395
869386
869380
869486
869394
869385
869381
869379
869389
869393
869485
869382
869256
869491
869388
869390
869378
869425
869417
869372
869489
869377
869484
869387
869451
869502
869503
869286
869483
869383
869376
869629
869594
869592
869628
869632
869633
869631
869630
869626
869601
869597
869596
869590
869580
869559
869589
869557
869547
869556
869553
869627
869625
869595
869578
869558
869555
869552
869551
869549
869546
869636
869634
869600
869588
869587
869586
869585
869584
869583
869581
869579
869577
869535
869576
869575
869574
869550
869548
869542
869534
869430
869541
869545
869544
869543
869540
869538
869537
869536
869533
869532
869673
869671
869668
869666
869664
869662
869660
869656
869655
869653
869651
869649
869646
869645
869531
869445
869521
869520
869519
869518
869517
869514
869513
869512
869510
869509
869508
869506
869505
869504
869498
869702
869701
869700
869699
869698
869697
869696
869695
869694
869693
869692
869691
869690
869689
869688
869687
869686
869685
869684
869683
869682
869681
869680
869679
869678
869677
869676
869675
869670
869669
869667
869665
869663
869661
869659
869658
869657
869654
869652
869650
869648
869644
869643
869642
869641
869640
869639
869638
869637
869635
869624
869623
869622
869621
869620
869619
869618
869617
869616
869614
869613
869612
869611
869610
869609
869608
869607
869606
869605
869604
869603
869602
869599
869598
869593
869591
869582
869573
869572
869571
869570
869569
869568
869567
869566
869565
869564
869563
869562
869561
869560
869554
869539
869530
869529
869528
869527
869526
869525
869524
869523
869522
869516
869515
869511
869507
869501
869500
869499
869497
869495
869494
869493
869492
869490
869488
869487
869482
869481
869480
869477
869474
869473
869472
869471
869470
869469
869468
869467
869466
869465
869464
869463
869462
869461
869460
869459
869458
869457
869456
869455
869454
869453
869452
869450
869449
869448
869447
869446
869444
869443
869442
869441
869440
869439
869438
869437
869436
869435
869434
869432
869431
869429
869428
869427
869426
869424
869423
869422
869420
869419
869418
869416
869415
869414
869413
869412
869411
869410
869409
869408
869407
869406
869405
869404
869403
869402
869401
869400
869398
869397
869396
869384
869375
869374
869373
869371
869370
869369
869368
869367
869365
869364
869363
869362
869361
869360
869359
869358
869357
869356
869354
869353
869350
869349
869348
869347
869346
869344
869343
869342
869341
869340
869339
869338
869337
869336
869335
869334
869333
869332
869331
869330
869329
869328
869327
869326
869325
869324
869323
869321
869320
869319
869318
869317
869316
869315
869314
869313
869312
869311
869309
869308
869307
869306
869305
869304
869303
869302
869301
869300
869299
869298
869297
869296
869295
869294
869293
869292
869274
869275
869276
869277
869278
869279
869280
869281
869282
869284
869285
869288
869289
869290
869291
869273
869272
869271
869269
869268
869267
869266
869265
869263
869262
869261
869260
869259
