756089
756084
756092
756103
756387
756380
756244
756371
756259
756383
756386
756243
756253
756252
756247
756235
756378
756262
756237
756370
756261
756246
756382
756369
756258
756245
756242
756236
756381
756385
756366
756365
756346
756400
756399
756418
756284
756301
756113
756124
756125
756233
756231
756228
756193
756191
756188
756184
756224
756223
756219
756218
756217
756216
756429
756428
756427
756426
756425
756424
756423
756422
756421
756420
756419
756417
756416
756415
756414
756413
756412
756411
756410
756409
756408
756407
756406
756405
756404
756403
756402
756401
756398
756397
756395
756394
756393
756392
756391
756390
756389
756388
756384
756379
756377
756376
756375
756374
756373
756372
756364
756363
756361
756360
756359
756358
756357
756356
756353
756352
756351
756350
756349
756348
756347
756345
756343
756342
756341
756340
756339
756338
756337
756336
756335
756334
756333
756332
756331
756329
756328
756327
756326
756325
756324
756323
756322
756321
756320
756319
756318
756317
756316
756315
756314
756313
756312
756311
756310
756309
756308
756307
756306
756305
756304
756303
756302
756300
756299
756298
756297
756296
756295
756294
756293
756292
756291
756290
756289
756288
756287
756286
756285
756282
756281
756280
756278
756277
756276
756275
756274
756273
756272
756271
756270
756269
756268
756267
756266
756265
756264
756263
756260
756229
756232
756257
756256
756255
756254
756251
756250
756249
756248
756240
756239
756238
756234
756230
756213
756203
756202
756201
756200
756204
756207
756208
756210
756212
756214
756209
756206
756205
756199
756198
756197
756180
756181
756183
756186
756187
756190
756192
756196
756195
756194
756182
756179
756178
756177
756176
756175
756174
756173
756172
756170
756169
756168
756167
756166
756165
756164
756163
756162
756161
756160
756159
756158
756157
756156
756154
756153
756152
756151
756150
756149
756148
756147
756146
756145
756144
756143
756142
756141
756140
756139
756138
756137
756136
756135
756134
756133
756132
756131
756130
756129
756128
756127
756123
756122
756121
756120
756119
756118
756117
756116
756115
756114
756112
756111
756110
756109
756108
756107
756106
756105
756104
756102
756101
756100
756099
756098
756097
756096
756095
756094
756093
756091
756090
756088
756087
756086
756085
756083
756082
756081
756080
756079
756078
756077
756076
756075
756074
756073
756072
756071
756070
756069
756068
756067
756066
756065
756064
756063
756062
756061
756060
756059
756058
756057
756056
756055
756054
756053
756052
756051
756050
756049
756048
756047
756046
756045
756044
756043
756042
756041
756040
756039
756038
756037
756036
756035
756034
756033
756032
756031
756030
756029
756028
756027
756026
756025
756024
756023
756022
756021
756020
756019
756018
756017
756016
756015
756014
756013
756012
756011
756010
756009
756008
756007
756006
756005
756004
756003
756002
756001
756000
755999
755998
755997
755996
755995
755994
755993
755992
755991
755990
755989
755988
755987
755986
755985
755984
755983
755982
755981
755980
755979
755978
755977
755976
755975
755974
755973
755972
755970
755969
755968
755967
755966
755965
755964
755963
755962
755961
755960
755959
755958
755957
755956
755955
755954
755953
755952
755951
755950
755949
