789550
789547
789400
789204
789372
789358
789422
789339
789322
789320
789278
789401
789343
789326
789299
789317
789283
789426
789423
789419
789328
789295
789308
789275
789324
789291
789360
789546
789428
789327
789323
789285
789303
789362
789289
789421
789293
789548
789252
789424
789418
789420
789425
789333
789312
789572
789571
789570
789569
789567
789566
789342
789338
789287
789281
789276
789274
789242
789341
789359
789319
789310
789321
789332
789316
789286
789297
789304
789248
789325
789337
789282
789277
789251
789288
789292
789340
789298
789273
789568
789380
789474
789516
789541
789549
789331
789313
789296
789284
789280
789206
789186
789187
789189
789190
789191
789192
789193
789194
789195
789196
789197
789198
789182
789176
789173
789185
789175
789180
789184
789201
789200
789364
789363
789174
789205
789217
789594
789591
789590
789588
789587
789586
789585
789584
789583
789582
789581
789580
789579
789578
789577
789576
789575
789574
789573
789565
789564
789563
789561
789560
789559
789557
789556
789555
789554
789553
789545
789544
789543
789542
789540
789539
789538
789537
789536
789535
789534
789533
789532
789531
789530
789529
789528
789527
789526
789525
789524
789523
789522
789521
789520
789519
789518
789517
789515
789514
789513
789512
789511
789510
789509
789508
789507
789506
789505
789504
789503
789502
789501
789500
789499
789498
789497
789496
789495
789494
789493
789492
789490
789489
789488
789486
789485
789484
789483
789482
789481
789480
789479
789478
789476
789475
789473
789472
789471
789470
789469
789468
789467
789466
789465
789464
789463
789462
789461
789457
789455
789447
789444
789443
789439
789438
789437
789432
789431
789430
789427
789417
789416
789415
789414
789413
789412
789411
789410
789408
789406
789404
789403
789402
789399
789398
789397
789396
789395
789394
789393
789392
789391
789390
789389
789388
789387
789386
789385
789383
789382
789381
789379
789378
789377
789376
789375
789374
789373
789371
789370
789369
789368
789367
789366
789365
789361
789357
789356
789355
789354
789353
789352
789351
789350
789349
789348
789347
789346
789345
789344
789271
789336
789335
789334
789330
789318
789315
789314
789311
789309
789307
789306
789305
789302
789301
789294
789290
789279
789272
789270
789269
789268
789267
789266
789265
789264
789263
789262
789261
789260
789259
789258
789257
789256
789255
789254
789250
789249
789247
789246
789245
789244
789243
789241
789240
789239
789238
789237
789236
789235
789234
789233
789232
789231
789230
789229
789228
789227
789226
789225
789224
789223
789222
789221
789220
789218
789215
789214
789211
789212
789210
789209
789208
789207
789203
789202
789199
789188
789183
789181
789179
789178
789177
789172
789171
789170
789169
789168
789167
789166
789165
789164
789163
789162
789161
789160
789159
789158
789157
789156
789155
789154
789153
789152
789151
789150
789149
789148
789146
789145
789144
789143
789142
789141
789140
789139
789138
789137
789136
789135
789134
789133
789132
789131
789130
789129
789128
789127
789126
789125
789124
789123
789122
