799213
799101
799100
799099
799098
799096
799356
799351
799219
799215
799180
799190
799203
799257
799326
799407
799088
799138
799139
799164
799393
799395
799346
799348
799344
799347
799345
799232
799235
799278
799233
799277
799276
799230
799231
799234
799237
799243
799267
799275
799228
799226
799225
799328
799327
799322
799324
799229
799236
799242
799240
799239
799238
799406
799405
799404
799403
799402
799401
799400
799399
799398
799397
799396
799394
799392
799391
799390
799389
799387
799385
799384
799383
799382
799381
799380
799379
799378
799377
799376
799375
799374
799373
799372
799371
799370
799369
799368
799367
799366
799365
799364
799363
799362
799361
799360
799359
799358
799350
799349
799357
799354
799353
799343
799342
799341
799340
799339
799338
799337
799336
799335
799334
799333
799332
799331
799330
799329
799323
799321
799320
799319
799318
799317
799316
799314
799313
799311
799310
799286
799287
799285
799266
799244
799309
799308
799307
799306
799305
799304
799303
799302
799301
799300
799299
799297
799296
799295
799294
799293
799292
799291
799290
799289
799288
799284
799283
799282
799281
799280
799279
799274
799273
799272
799271
799270
799269
799268
799265
799264
799262
799261
799260
799259
799255
799254
799253
799252
799251
799250
799249
799248
799247
799246
799245
799241
799227
799224
799223
799222
799221
799220
799218
799217
799216
799214
799212
799211
799209
799208
799206
799205
799204
799202
799201
799200
799199
799198
799197
799195
799194
799193
799192
799189
799188
799187
799186
799185
799184
799183
799182
799181
799179
799178
799177
799176
799175
799174
799173
799172
799171
799170
799169
799168
799167
799166
799165
799163
799162
799161
799160
799159
799158
799157
799156
799155
799154
799153
799152
799151
799150
799149
799148
799147
799146
799145
799144
799143
799142
799141
799140
799137
799136
799135
799134
799133
799132
799131
799130
799129
799128
799127
799126
799125
799124
799123
799122
799121
799120
799119
799118
799117
799116
799115
799114
799113
799112
799111
799110
799109
799108
799107
799106
799105
799104
799103
799102
799097
799095
799094
799093
799092
799091
799090
799089
799087
799086
799085
799084
799083
799082
799081
799080
799079
799078
799077
799076
799075
799074
799073
799072
799071
799070
799069
799068
799067
799066
799065
799064
799063
