820267
820126
820129
820172
820265
820056
820052
820050
820048
820019
820009
820007
820006
820012
820029
820030
820051
820060
820062
819982
819980
819979
819974
819968
819963
819958
819955
819970
819959
819954
820013
820011
820020
820035
820059
819924
820025
820080
820209
820276
820277
820292
820197
820198
820199
820253
819978
819973
819899
820010
820008
820053
820063
820022
820032
820055
820054
819981
819961
820017
820015
820044
820039
819948
819977
819972
819971
819966
819956
819947
819898
820180
820183
820184
820187
819989
820251
820241
820230
820159
820148
820249
820245
820242
820238
820237
820228
820221
820146
820143
820250
820248
820247
820244
820243
820239
820235
820229
820225
820220
820144
820141
820240
820234
820233
820232
820231
820227
820226
820224
820223
820222
820219
820218
820217
820216
820214
820213
820212
820211
820210
820140
820291
820290
820289
820288
820286
820285
820284
820283
820279
820280
820281
820282
820275
820274
820272
820271
820268
820266
820264
820263
820262
820261
820260
820259
820258
820256
820255
820254
820252
820246
820236
820215
820208
820207
820206
820205
820204
820202
820201
820200
820196
820195
820194
820193
820192
820190
820188
820186
820185
820182
820181
820179
820178
820177
820176
820175
820174
820173
820171
820170
820168
820167
820166
820165
820164
820163
820162
820161
820160
820158
820157
820156
820155
820154
820153
820152
820151
820150
820149
820147
820145
820142
820139
820138
820137
820136
820135
820134
820133
820132
820131
820130
820128
820125
820124
820123
820122
820121
820120
820118
820116
820115
820114
820112
820111
820110
820108
820107
820105
820104
820103
820102
820101
820100
820099
820097
820096
820095
820094
820093
820092
820091
820090
820089
820088
820087
820084
820083
820082
820078
820077
820076
820075
820074
820073
820072
820071
820070
820069
820068
820067
820066
820065
820064
820061
820058
820057
820049
820047
820046
820045
820043
820042
820041
820040
820038
820037
820036
820034
820033
820031
820028
820027
820026
820024
820023
820021
820018
820016
820014
820005
820004
820003
820002
820001
820000
819999
819998
819997
819996
819995
819993
819992
819991
819990
819987
819986
819984
819983
819976
819975
819967
819965
819964
819962
819960
819957
819953
819951
819950
819949
819946
819945
819944
819943
819942
819941
819940
819939
819938
819937
819936
819935
819929
819928
819927
819926
819925
819921
819920
819919
819918
819917
819916
819915
819914
819913
819912
819911
819910
819909
819908
819907
819906
819904
819903
819902
819901
819900
