784224
784222
784213
784178
784180
784177
784182
784221
784220
784219
784232
784196
784385
784392
784404
784399
784175
784173
784031
784010
784006
784405
784417
784416
784008
784383
784353
784023
784014
784193
784002
784012
784013
784018
784015
784016
784003
784033
784085
784020
784387
784026
784040
784357
784106
784198
784025
784384
783895
783896
784147
784151
784153
784155
784158
784190
784225
784285
784307
784337
784414
784418
784390
784114
784355
784019
784083
784354
784105
784034
784047
784027
784007
784011
784001
784000
784004
783878
783874
783901
783906
783907
783911
784109
784117
784119
784121
784123
784125
784134
784136
784139
784140
784143
783977
783943
783993
783984
783979
783974
783994
783991
783985
784409
783967
783966
783963
783975
783953
783945
783995
783998
783992
783971
783972
783950
783944
783964
783970
783958
784251
784250
784183
783961
783997
783988
783989
783986
783980
783959
783947
783954
783955
783956
783957
783968
783960
783978
783969
783981
783983
784315
784314
784313
784312
784309
784308
784306
784305
784303
784302
784299
784298
784132
784131
784130
784129
784128
784127
784126
784122
784089
784088
784087
784086
784432
784431
784430
784429
784428
784427
784426
784425
784424
784423
784422
784421
784420
784419
784415
784413
784412
784411
784410
784408
784407
784406
784403
784402
784401
784400
784398
784397
784395
784394
784393
784389
784388
784386
784254
784253
784382
784381
784380
784379
784378
784375
784374
784373
784372
784371
784370
784369
784368
784367
784366
784365
784364
784363
784362
784361
784360
784359
784358
784356
784352
784351
784350
784349
784348
784347
784346
784345
784344
784343
784342
784341
784340
784339
784338
784336
784335
784334
784333
784332
784331
784330
784329
784328
784327
784325
784324
784323
784320
784319
784318
784317
784316
784311
784310
784304
784300
784297
784296
784295
784294
784293
784292
784291
784290
784289
784288
784287
784286
784284
784283
784282
784281
784280
784279
784278
784277
784276
784275
784274
784273
784272
784271
784270
784269
784268
784267
784266
784265
784264
784263
784262
784261
784260
784259
784258
784257
784256
784255
784252
784249
784248
784246
784245
784243
784242
784241
784240
784238
784237
784235
784234
784233
784231
784230
784229
784228
784227
784226
784217
784218
784216
784214
784215
784212
784211
784210
784209
784208
784206
784205
784204
784202
784203
784207
784201
784200
784199
784197
784194
784192
784191
784189
784187
784186
784185
784184
784181
784179
784176
784174
784172
784170
784169
784168
784167
784166
784165
784164
784163
784162
784161
784160
784159
784157
784156
784154
784152
784149
784148
784146
784145
784144
784141
784137
784135
784133
784124
784120
784115
784113
784112
784111
784110
784108
784107
784104
784102
784101
784100
784099
784098
784097
784096
784095
784094
784093
784092
784091
784090
784084
784082
784081
784080
784079
784078
784077
784076
784075
784074
784072
784071
784070
784069
784068
784067
784066
784065
784064
784063
784048
784049
784050
784051
784052
784055
784058
784059
784062
784061
784060
784057
784056
784054
784053
784046
784045
784044
784043
784042
784041
784039
784038
784037
784036
784035
784032
784030
784029
784028
784024
784022
784021
784017
784009
784005
783999
783996
783990
783987
783982
783965
783962
783949
783948
783946
783942
783941
783940
783939
783938
783937
783936
783935
783934
783933
783932
783931
783930
783929
783928
783927
783926
783925
783924
783923
783922
783921
783920
783919
783918
783917
783916
783915
783914
783913
783912
783910
783909
783908
783905
783904
783903
783902
783899
783897
783893
783892
783891
783889
783888
783887
783886
783885
783884
783883
783882
783881
783880
783879
783873
783872
783871
783870
783869
783868
783867
783866
783865
783864
783863
783862
783861
783860
783859
783858
783857
783856
783855
783854
783853
783852
783851
783850
783849
783848
783847
783846
