829086
829088
829195
829194
829320
829310
829495
829487
829493
829492
829489
829518
829302
829451
829316
829479
829324
829317
829499
829498
829494
829491
829490
829485
829486
829452
829301
829270
829191
829193
829192
829190
829321
829312
829297
829299
829246
829507
829503
829483
829295
829242
829237
829516
829229
829186
829183
829488
829525
829523
829508
829502
829450
829322
829318
829309
829484
829480
829305
829315
829298
829319
829311
829303
829296
829269
829265
829245
829185
829233
829306
829236
829234
829184
829178
829267
829264
829453
829447
829294
829243
829231
829232
829181
829177
829293
829266
829241
829247
829180
829176
829442
829438
829420
829128
829127
829110
829109
829429
829428
829426
829087
829119
829120
829121
829274
829422
829455
829482
829538
829130
829131
829132
829133
829134
829135
829136
829137
829139
829140
829141
829142
829143
829144
829145
829146
829147
829148
829149
829150
829151
829152
829153
829154
829155
829156
829157
829158
829159
829160
829161
829162
829163
829164
829165
829166
829167
829552
829551
829549
829548
829547
829546
829545
829544
829543
829542
829541
829540
829539
829536
829535
829534
829533
829532
829531
829530
829529
829528
829527
829519
829517
829515
829514
829513
829512
829511
829510
829509
829506
829505
829504
829501
829500
829481
829475
829474
829473
829472
829471
829470
829469
829468
829467
829466
829465
829464
829463
829462
829461
829460
829459
829458
829457
829439
829437
829436
829435
829456
829454
829427
829431
829433
829449
829448
829446
829445
829444
829443
829441
829440
829434
829432
829425
829424
829423
829421
829419
829418
829417
829416
829415
829414
829413
829412
829411
829410
829407
829406
829405
829404
829403
829401
829399
829397
829396
829395
829394
829393
829392
829391
829390
829388
829387
829386
829384
829383
829382
829381
829379
829378
829377
829376
829375
829374
829373
829372
829371
829370
829369
829368
829366
829365
829364
829363
829362
829361
829360
829359
829358
829357
829356
829354
829353
829352
829351
829350
829349
829348
829347
829346
829345
829343
829342
829340
829339
829335
829334
829333
829332
829331
829330
829329
829328
829327
829326
829325
829323
829314
829313
829308
829307
829304
829300
829292
829291
829290
829289
829288
829287
829286
829282
829281
829279
829278
829277
829276
829275
829273
829272
829271
829268
829263
829262
829261
829260
829259
829258
829257
829256
829255
829254
829253
829252
829251
829250
829249
829248
829244
829240
829239
829238
829235
829230
829228
829227
829226
829225
829224
829223
829222
829221
829220
829219
829217
829216
829215
829214
829213
829212
829211
829210
829209
829208
829207
829206
829205
829204
829203
829202
829201
829200
829196
829189
829188
829179
829175
829174
829173
829172
829171
829170
829169
829168
829129
829126
829123
829122
829118
829117
829115
829114
829113
829112
829111
829108
829107
829106
829105
829104
829103
829102
829101
829100
829099
829098
829097
829096
829095
829094
829093
829092
829091
829090
829089
829085
