882391
882388
882403
882582
882303
882227
882222
882538
882198
882192
882301
882185
882170
882542
882205
882215
882224
882533
882174
882181
882206
882216
882169
882228
882219
882202
882199
882189
882177
882171
882361
882358
882221
882545
882537
882532
882363
882218
882197
882187
882184
882042
882173
882183
882628
882535
882541
882186
882196
882055
882050
882044
882137
882135
882133
882467
882059
882057
882056
882631
882594
882469
882627
882625
882624
882618
882079
882465
882562
882561
882078
882603
882599
882556
882089
882513
882086
882077
882584
882139
882138
882583
882572
882571
882569
882076
882548
882080
882075
882084
882083
882054
882052
882047
882045
882568
882566
882082
882081
882073
882071
882063
882053
882471
882043
882472
882463
882462
882461
882460
882088
882563
882630
882629
882626
882623
882622
882621
882620
882619
882617
882616
882615
882614
882613
882136
882612
882611
882610
882609
882608
882605
882604
882602
882601
882600
882598
882597
882596
882595
882593
882592
882591
882590
882589
882588
882587
882586
882585
882580
882579
882578
882577
882576
882575
882574
882573
882570
882567
882565
882564
882560
882559
882558
882557
882555
882554
882553
882552
882551
882550
882549
882547
882546
882544
882543
882540
882539
882536
882534
882530
882529
882528
882527
882526
882525
882524
882523
882522
882521
882520
882519
882518
882517
882516
882515
882514
882512
882511
882510
882509
882508
882507
882503
882502
882500
882499
882498
882497
882496
882495
882494
882493
882492
882491
882490
882489
882488
882487
882486
882485
882484
882483
882482
882480
882479
882478
882477
882476
882475
882474
882466
882464
882459
882458
882457
882456
882455
882454
882453
882452
882450
882449
882448
882447
882446
882445
882443
882442
882441
882440
882439
882438
882437
882436
882434
882432
882431
882430
882429
882428
882427
882424
882423
882421
882420
882419
882418
882417
882416
882415
882414
882413
882412
882411
882410
882409
882408
882407
882406
882405
882402
882401
882399
882397
882396
882395
882394
882393
882390
882387
882386
882385
882384
882383
882382
882381
882380
882379
882378
882377
882376
882375
882374
882373
882372
882371
882370
882369
882368
882367
882366
882365
882364
882362
882360
882359
882357
882356
882355
882354
882353
882352
882351
882350
882349
882348
882347
882346
882345
882344
882343
882342
882341
882340
882339
882338
882337
882336
882335
882334
882333
882332
882331
882330
882329
882328
882327
882326
882325
882324
882323
882322
882321
882320
882319
882318
882317
882316
882315
882314
882313
882312
882311
882310
882309
882308
882307
882306
882305
882304
882302
882300
882299
882298
882297
882296
882295
882294
882293
882292
882290
882289
882288
882287
882286
882285
882284
882283
882282
882281
882280
882279
882278
882277
882276
882275
882274
882273
882272
882271
882270
882269
882268
882267
882266
882265
882264
882263
882262
882261
882260
882259
882258
882257
882256
882255
882254
882253
882252
882251
882250
882248
882247
882246
882245
882244
882243
882242
882241
882239
882238
882237
882236
882235
882234
882233
882232
882231
882230
882229
882226
882225
882223
882220
882214
882213
882212
882211
882209
882208
882207
882204
882203
882201
882193
882179
882195
882194
882191
882190
882188
882182
882180
882178
882176
882175
882167
882166
882165
882164
882163
882162
882161
882159
882158
882157
882156
882155
882154
882153
882152
882151
882150
882149
882148
882147
882146
882145
882144
882143
882142
882132
882134
882140
882141
882131
882130
882129
882128
882127
882126
882125
882124
882123
882122
882121
882120
882119
882118
882117
882116
882115
882114
882113
882112
882111
882110
882109
882108
882107
882106
882105
882104
882103
882102
882101
882100
882099
882098
882097
882096
882095
882094
882093
882092
882091
882090
882087
882085
882074
882072
882070
882069
882068
882067
882066
882065
882064
882062
882061
882060
882058
882051
882049
882048
882046
882041
882040
882039
882038
882037
882036
882034
882033
882032
