739271
739269
739293
739295
739282
739288
739240
739120
739115
739085
739084
739079
739049
739056
739101
739125
739267
739262
739077
739127
739099
739052
739286
739230
739232
739235
739106
739128
739121
739060
739053
739117
739124
739139
739057
739046
739074
739260
739259
739258
739265
739264
739266
739118
739105
739268
739263
739081
739071
739296
739234
739294
739279
739116
739100
739073
739050
739045
739044
739061
739051
739048
739054
739059
739047
739171
739250
739251
739303
739217
739218
739256
739310
739307
739305
739304
739302
739301
739300
739299
739298
739297
739292
739291
739290
739289
739287
739285
739284
739283
739281
739280
739278
739277
739276
739275
739274
739273
739272
739270
739257
739255
739254
739253
739252
738989
739012
739249
739248
739247
739246
739245
739137
739153
739154
739175
739160
739204
739206
739213
739239
739244
739243
739242
739241
739238
739237
739236
739233
739231
739229
739228
739227
739226
739225
739224
739222
739220
739219
739216
739215
739214
739212
739211
739210
739209
739208
739207
739205
739203
739202
739201
739200
739199
739198
739197
739195
739194
739193
739192
739191
739190
739188
739187
739186
739183
739181
739180
739179
739177
739172
739170
739169
739168
739167
739166
739165
739164
739163
739162
739161
739159
739158
739157
739156
739152
739150
739149
739148
739147
739146
739145
739144
739143
739142
739141
739140
739138
739136
739135
739134
739133
739132
739131
739130
739129
739126
739123
739122
739119
739114
739113
739111
739110
739109
739108
739107
739098
739097
739096
739095
739094
739093
739092
739091
739090
739089
739088
739087
739086
739083
739082
739080
739078
739076
739075
739072
739070
739069
739068
739067
739066
739065
739064
739063
739062
739058
739055
739043
739042
739041
739040
739039
739038
739037
739036
739035
739034
739033
739032
739031
739030
739029
739027
739026
739025
739024
739023
739022
739021
739020
739019
739018
739017
739016
739015
739014
739011
739010
739009
739007
739006
739004
739002
738999
738996
738995
738994
738992
738991
738990
738988
738987
738986
738985
738984
738983
738982
738981
738980
738979
738978
738977
738976
738975
738974
738973
738972
738971
738970
738969
738968
738967
738966
738965
738964
738963
738962
738961
738960
738959
738958
738957
738956
738955
738954
738953
738952
738951
738950
