765292
765294
764887
765287
765289
764870
764872
764875
765198
765199
765200
765201
765202
765203
765204
765239
765240
765241
765242
765243
765244
765245
765246
765247
764862
764861
764873
764996
764971
764967
764966
764964
765004
764995
764989
764990
765003
764991
764992
764963
765122
765108
765111
765113
765115
765117
765121
764969
764994
764968
765112
765119
765106
765092
765090
765118
765120
764815
764827
764829
764830
764831
764940
764983
765045
765049
765069
765070
765148
765182
765215
765216
765325
764965
764970
764972
764864
764860
765068
765067
765326
765324
765323
765322
765321
765320
765319
765318
765317
765316
765315
765314
765313
765312
765311
765310
765309
765300
765301
765302
765303
765304
765305
765306
765307
765308
765299
765297
765296
765295
765293
765291
765290
765286
765285
765284
765283
765282
765281
765280
765279
765278
765277
765276
765275
765274
765273
765272
765271
765270
765269
765268
765267
765266
765265
765264
765263
765262
765261
765260
765259
765258
765257
765256
765255
765254
765253
765252
765248
765238
765237
765236
765235
765234
765233
765232
765231
765230
765229
765228
765227
765225
765224
765223
765221
765220
765219
765218
765217
765214
765213
765212
765211
765210
765209
765208
765207
765206
765205
765197
765196
765195
765194
765193
765192
765191
765190
765189
765188
765187
765186
765185
765184
765183
765181
765180
765178
765177
765176
765175
765174
765173
765172
765171
765170
765169
765168
765166
765164
765163
765162
765161
765160
765159
765158
765157
765156
765155
765153
765151
765150
765149
765144
765143
765142
765140
765139
765137
765136
765135
765134
765133
765131
765130
765129
765128
765127
765126
765124
765123
765116
765114
765110
765109
765107
765105
765104
765103
765102
765101
765100
765099
765098
765097
765096
765095
765094
765091
765089
765088
765087
765086
765085
765084
765083
765082
765081
765080
765079
765078
765077
765076
765075
765074
765072
765071
765066
765065
765064
765063
765062
765061
765060
765059
765058
765057
765056
765055
765041
765054
765053
765052
765051
765050
765048
765047
765046
765044
765043
765042
765040
765039
765038
765037
765036
765035
765032
765031
765030
765029
765028
765027
765026
765025
765023
765022
765021
765020
765019
765016
765015
765011
765012
765013
765014
765010
765007
765006
765005
765002
765001
765000
764999
764998
764997
764993
764988
764987
764986
764985
764984
764982
764981
764980
764979
764978
764977
764976
764975
764974
764973
764962
764961
764960
764959
764958
764957
764954
764953
764952
764951
764950
764949
764948
764947
764946
764945
764944
764943
764942
764941
764939
764938
764937
764936
764904
764905
764906
764907
764909
764910
764911
764912
764913
764914
764915
764916
764917
764918
764920
764921
764922
764923
764924
764925
764926
764927
764928
764929
764930
764931
764932
764933
764934
764935
764919
764908
764903
764902
764900
764899
764898
764897
764896
764895
764894
764893
764892
764891
764890
764889
764886
764885
764884
764883
764881
764880
764879
764878
764877
764876
764871
764869
764868
764867
764866
764865
764863
764859
764858
764857
764856
764855
764854
764853
764852
764851
764850
764849
764848
764847
764846
764845
764843
764842
764841
764840
764839
764838
764837
764836
764834
764833
764832
764828
764826
764825
764824
764823
764822
764821
764820
764819
764817
764816
764814
764812
764809
764804
764811
764810
764808
764806
764805
764803
764802
764800
764799
764798
764797
764796
764795
764794
764789
764813
764807
764801
764793
764790
