774120
774137
773788
773778
773776
773875
773876
774083
774075
774072
774061
774074
774065
774059
774056
774063
774054
774051
774049
774067
774069
774058
774047
774045
774033
774032
774030
774029
774038
774028
774070
773716
774014
774015
774016
774018
774020
774082
774043
774023
773968
773967
774073
774068
773964
773945
773936
773932
773930
773929
773927
773926
773925
774071
774066
774055
774064
774060
774057
773924
773905
773863
774050
774053
773901
773898
773897
773869
773854
773858
773940
773855
773860
773851
773861
773856
773843
773833
773828
774046
774044
773928
773904
773866
773849
773853
773726
773900
773896
773865
773847
773895
773899
773903
773864
773859
773857
773835
774052
774042
773852
773832
773957
773709
773886
773720
774141
774140
774138
774136
774135
774134
774133
774132
774131
774127
774126
774125
774124
774123
774122
774121
774118
774116
774114
774113
774112
774111
774110
774109
774108
774107
774106
774105
774104
774103
774102
774101
774100
774099
774098
774097
774096
774095
774094
774093
774091
774090
774089
774088
774087
774086
774085
774084
774081
774080
774079
774078
774077
774076
774062
774048
774041
774037
774036
774035
774034
774031
774027
774026
774025
774024
774022
774021
774019
774013
774012
774011
774010
774009
774007
774006
774005
774004
774002
774001
774000
773999
773998
773996
773995
773994
773993
773992
773991
773990
773989
773988
773987
773986
773985
773984
773983
773982
773981
773980
773979
773978
773977
773976
773975
773974
773973
773972
773971
773970
773969
773966
773965
773963
773962
773961
773960
773959
773958
773956
773955
773954
773953
773952
773951
773950
773949
773948
773947
773946
773944
773943
773941
773939
773938
773937
773935
773934
773933
773931
773923
773922
773921
773920
773919
773918
773917
773916
773915
773914
773913
773912
773911
773910
773909
773908
773907
773906
773902
773894
773893
773892
773891
773890
773889
773888
773887
773884
773883
773882
773881
773880
773879
773877
773873
773872
773871
773868
773867
773862
773850
773848
773846
773845
773844
773842
773841
773840
773839
773838
773837
773834
773831
773830
773829
773826
773825
773824
773823
773822
773821
773820
773819
773818
773817
773816
773815
773814
773813
773812
773811
773810
773809
773808
773807
773805
773804
773803
773802
773801
773800
773799
773798
773797
773796
773795
773794
773793
773792
773790
773789
773787
773786
773785
773784
773783
773782
773781
773780
773779
773775
773774
773773
773772
773771
773770
773769
773768
773767
773766
773765
773764
773763
773762
773761
773760
773759
773758
773757
773756
773755
773754
773753
773752
773751
773750
773749
773748
773747
773746
773745
773744
773743
773742
773741
773740
773739
773738
773737
773736
773735
773734
773733
773732
773731
773730
773729
773728
773725
773724
773723
773722
773721
773719
773718
773717
773715
773714
773712
773711
773708
773707
773706
773705
773704
773703
773702
773701
773700
773699
773698
773697
773696
773695
773694
773693
773692
773691
773690
773689
773688
773687
