932430
932445
932585
932619
932620
932503
932497
932488
932507
932658
932654
932494
932657
932656
932649
932648
932660
932655
932651
932602
932600
932598
932595
932593
932590
932659
932647
932599
932589
932506
932498
932490
932603
932601
932596
932653
932650
932652
932645
932597
932592
932505
932496
932491
932594
932591
932504
932501
932495
932487
932489
932486
932553
932552
932528
932551
932549
932526
932565
932564
932548
932547
932524
932543
932541
932521
932468
932469
932472
932473
932458
932462
932463
932464
932465
932673
932672
932390
932391
932475
932625
932626
932627
932685
932684
932683
932677
932676
932675
932674
932671
932670
932669
932668
932667
932666
932665
932664
932663
932662
932661
932646
932644
932643
932642
932641
932640
932639
932638
932637
932636
932635
932631
932630
932629
932628
932624
932623
932622
932621
932617
932616
932615
932613
932612
932611
932610
932609
932608
932605
932588
932586
932584
932583
932582
932581
932580
932579
932578
932577
932576
932575
932574
932573
932572
932570
932569
932568
932567
932566
932563
932562
932561
932560
932559
932558
932556
932555
932554
932550
932546
932545
932544
932542
932536
932533
932523
932535
932532
932525
932529
932530
932539
932518
932519
932531
932527
932520
932534
932538
932537
932540
932517
932516
932514
932513
932512
932510
932509
932492
932479
932508
932502
932500
932499
932493
932485
932484
932483
932482
932481
932480
932478
932477
932476
932474
932471
932470
932467
932466
932461
932460
932459
932457
932456
932455
932454
932453
932452
932451
932450
932449
932448
932446
932444
932443
932442
932441
932439
932438
932437
932436
932435
932434
932433
932432
932431
932429
932428
932427
932426
932425
932424
932423
932422
932421
932420
932419
932418
932417
932416
932415
932414
932413
932411
932410
932409
932408
932407
932406
932404
932403
932402
932400
932393
932399
932398
932397
932396
932395
932394
932392
932389
932388
932387
