804660
804659
804574
804571
804572
804425
804426
804427
804428
804429
804430
804431
804432
804433
804434
804435
804436
804437
804438
804439
804440
804441
804442
804443
804444
804445
804446
804447
804448
804449
804450
804451
804452
804453
804795
804797
804799
804708
804707
804706
804705
804420
804421
804771
804655
804775
804773
804802
804801
804760
804794
804793
804770
804804
804767
804769
804765
804764
804763
804761
804792
804782
804756
804750
804752
804755
804759
804749
804748
804744
804399
804745
804747
804394
804396
804634
804635
804675
804411
804470
804789
804790
804384
804391
804392
804387
804380
804812
804811
804809
804808
804807
804806
804805
804800
804798
804796
804791
804788
804787
804786
804785
804784
804783
804781
804780
804779
804778
804777
804774
804772
804768
804766
804762
804758
804757
804754
804751
804746
804743
804742
804741
804740
804739
804738
804737
804736
804735
804734
804733
804732
804731
804730
804729
804728
804727
804726
804725
804724
804723
804722
804721
804720
804719
804718
804717
804716
804715
804714
804713
804712
804711
804710
804709
804704
804703
804702
804701
804700
804698
804697
804696
804695
804694
804693
804691
804690
804688
804687
804686
804685
804684
804683
804682
804681
804680
804679
804678
804677
804676
804674
804673
804672
804671
804670
804669
804668
804666
804665
804663
804662
804661
804658
804657
804656
804652
804651
804650
804649
804647
804646
804644
804643
804642
804641
804639
804638
804637
804633
804632
804631
804630
804629
804628
804627
804626
804625
804624
804623
804622
804621
804620
804619
804618
804617
804616
804615
804614
804613
804612
804611
804610
804609
804608
804607
804606
804605
804604
804603
804602
804601
804600
804599
804598
804597
804596
804595
804594
804593
804592
804591
804590
804589
804588
804587
804586
804585
804584
804583
804582
804581
804580
804579
804578
804577
804576
804573
804570
804569
804568
804567
804566
804565
804564
804563
804562
804560
804559
804558
804557
804556
804555
804554
804553
804552
804551
804550
804549
804548
804547
804546
804545
804544
804543
804542
804541
804540
804539
804538
804537
804536
804535
804534
804533
804532
804531
804530
804529
804528
804527
804526
804525
804524
804523
804522
804521
804520
804519
804518
804517
804516
804515
804514
804513
804512
804511
804510
804509
804508
804507
804506
804505
804504
804503
804502
804501
804500
804499
804498
804497
804496
804495
804494
804492
804491
804490
804489
804488
804487
804486
804485
804483
804482
804481
804480
804479
804478
804477
804476
804475
804474
804473
804472
804471
804469
804468
804467
804466
804463
804462
804461
804460
804459
804458
804457
804456
804455
804454
804424
804423
804422
804419
804418
804417
804416
804395
804415
804414
804413
804412
804410
804409
804408
804407
804406
804405
804404
804403
804402
804398
804397
804393
804390
804389
804388
804386
804385
804383
804382
804381
