786081
785809
785798
785791
785786
785780
785788
785801
785794
785781
785779
785789
785796
785790
786080
785785
785800
785793
785848
785865
785896
786015
786197
785918
785914
785911
785909
785813
785812
785705
785708
785711
785714
785717
785721
785722
785724
785726
785731
785737
785740
785743
785835
785836
785837
785838
785839
785840
785841
785842
785960
785961
785962
785963
785965
785966
785967
785968
785970
785972
785974
785976
785977
785980
785981
785985
785986
785988
785989
786244
786243
786242
786241
786239
786238
786237
786236
786235
786234
786233
786232
786231
786230
786229
786228
786227
786226
786225
786224
786223
786222
786221
786220
786219
786218
786217
786216
786215
786214
786213
786212
786211
786210
786209
786208
786207
786206
786205
786204
786203
786202
786201
786200
786199
786198
786196
786195
786194
786193
786192
786191
786190
786189
786188
786187
786186
786185
786184
786183
786182
786181
786180
786179
786178
786177
786176
786175
786174
786173
786172
786171
786170
786169
786168
786167
786166
786165
786164
786163
786162
786161
786160
786159
786158
786157
786156
786155
786154
786153
786152
786151
786150
786149
786148
786147
786146
786145
786144
786143
786142
786141
786140
786139
786138
786137
786136
786135
786134
786133
786132
786131
786130
786129
786128
786127
786126
786125
786124
786123
786122
786121
786120
786119
786118
786117
786116
786115
786114
786113
786112
786111
786110
786109
786108
786107
786106
786105
786104
786103
786102
786101
786100
786098
786097
786096
786095
786094
786093
786092
786091
786090
786089
786088
786087
786086
786085
786084
786083
786082
786079
786078
786077
786076
786075
786074
786073
786071
786070
786069
786068
786066
786065
786064
786063
786062
786061
786060
786059
786058
786057
786056
786055
786054
786053
786052
786051
786050
786049
786048
786046
786045
786044
786043
786042
786041
786040
786038
786037
786036
786035
786034
786033
786032
786031
786030
786029
786028
786027
786026
786025
786024
786023
786022
786021
786020
786019
786018
786017
786016
786013
786012
786011
786010
786009
786008
786007
786006
786005
786004
786003
786002
786001
786000
785999
785998
785997
785996
785995
785994
785993
785992
785991
785990
785987
785984
785983
785979
785978
785975
785973
785971
785969
785959
785958
785957
785956
785955
785954
785953
785952
785951
785950
785949
785948
785947
785946
785945
785944
785943
785942
785941
785940
785939
785938
785937
785936
785935
785934
785933
785932
785931
785930
785929
785928
785927
785926
785924
785923
785922
785921
785920
785919
785917
785916
785915
785913
785912
785910
785908
785907
785906
785905
785904
785903
785902
785901
785900
785899
785898
785897
785895
785894
785893
785892
785891
785890
785889
785888
785886
785885
785884
785883
785882
785881
785880
785879
785878
785877
785876
785875
785874
785873
785872
785871
785870
785869
785868
785867
785866
785864
785863
785862
785861
785860
785859
785858
785857
785856
785855
785854
785853
785852
785851
785850
785849
785847
785846
785845
785844
785843
785834
785833
785832
785831
785830
785829
785828
785827
785826
785825
785824
785823
785822
785821
785820
785819
785818
785817
785816
785815
785814
785811
785810
785808
785807
785806
785805
785804
785803
785802
785799
785797
785795
785792
785787
785784
785783
785782
785777
785775
785774
785773
785772
785771
785770
785769
785768
785767
785766
785765
785764
785763
785762
785761
785760
785759
785758
785757
785756
785755
785754
785753
785752
785751
785750
785749
785748
785747
785746
785745
785744
785742
785741
785739
785738
785736
785735
785734
785733
785732
785730
785729
785728
785727
785725
785723
785720
785719
785718
785716
785715
785713
785712
785710
785709
785707
785706
785704
785703
785702
785701
785700
785699
785698
785695
785694
785693
785692
785691
785690
785689
785688
785687
785686
785685
785684
785683
785682
785681
785680
785679
785678
785677
785676
785675
785674
785673
785672
785671
785670
785669
785668
785667
785666
785665
785664
785663
785662
785661
785660
785659
785658
785657
785656
785655
785654
785653
785652
785651
785650
785649
785648
785647
785646
