840525
840633
840642
840335
840607
840347
840359
840681
840663
840668
840715
840714
840711
840683
840420
840522
840706
840682
840664
840684
840546
840497
840689
840411
840728
840723
840667
840661
840709
840704
840571
840492
840472
840521
840547
840502
840679
840662
840545
840494
840469
840518
840410
840729
840719
840713
840708
840703
840660
840665
840687
840592
840572
840691
840544
840499
840471
840759
840758
840757
840756
840753
840743
840434
840408
840591
840543
840589
840542
840493
840751
840439
840760
840754
840746
840656
840438
840419
840417
840523
840643
840651
840421
840415
840407
840328
840325
840416
840406
840755
840750
840748
840747
840744
840742
840440
840437
840409
840418
840433
840422
840436
840435
840617
840611
840610
840616
840619
840414
840614
840613
840792
840791
840787
840786
840785
840784
840782
840780
840778
840777
840776
840773
840774
840772
840790
840789
840788
840783
840781
840779
840771
840770
840769
840768
840767
840766
840765
840764
840763
840762
840761
840752
840749
840745
840741
840740
840739
840738
840737
840736
840735
840734
840733
840732
840731
840730
840727
840726
840725
840722
840721
840720
840717
840716
840333
840712
840710
840707
840705
840702
840701
840700
840699
840698
840696
840695
840694
840693
840692
840690
840688
840686
840685
840680
840678
840677
840676
840675
840674
840673
840672
840671
840670
840669
840659
840658
840657
840655
840654
840650
840649
840648
840647
840646
840645
840644
840641
840640
840639
840638
840637
840636
840635
840634
840631
840630
840629
840627
840626
840624
840623
840622
840621
840620
840615
840612
840393
840609
840608
840606
840605
840604
840603
840602
840601
840600
840599
840598
840597
840596
840594
840590
840587
840586
840585
840584
840583
840582
840581
840580
840579
840578
840577
840576
840575
840573
840570
840569
840568
840566
840565
840564
840563
840562
840560
840559
840557
840556
840532
840530
840555
840554
840552
840551
840549
840548
840541
840540
840539
840538
840537
840536
840535
840534
840533
840531
840529
840528
840527
840526
840520
840519
840517
840516
840515
840514
840513
840512
840511
840510
840509
840507
840506
840505
840504
840501
840500
840498
840496
840489
840488
840487
840486
840485
840484
840483
840480
840479
840477
840476
840474
840473
840470
840468
840467
840466
840465
840464
840463
840462
840461
840460
840459
840458
840457
840456
840455
840454
840453
840452
840451
840450
840449
840448
840447
840446
840445
840444
840443
840442
840441
840432
840431
840430
840429
840428
840427
840426
840425
840424
840423
840413
840412
840403
840402
840401
840400
840399
840398
840396
840392
840390
840389
840388
840387
840385
840384
840383
840382
840381
840380
840379
840378
840377
840376
840375
840374
840373
840372
840371
840370
840369
840368
840366
840365
840364
840363
840361
840360
840358
840357
840356
840355
840354
840353
840352
840351
840350
840349
840348
840346
840345
840344
840343
840342
840341
840340
840339
840338
840337
840336
840334
840332
840330
840329
840327
