863506
863504
863499
863498
863496
863009
863005
863007
863488
863489
863487
863485
863278
863275
863372
863363
863299
863293
863290
863181
863536
863531
863510
863370
863294
863291
863378
863492
863491
863500
863497
863493
863376
863368
863364
863292
863167
863534
863528
863509
863361
863296
863179
863527
863508
863471
863360
863302
863367
863375
863178
863535
863526
863507
863028
863180
863371
863303
863289
863359
863301
863474
863473
863470
863374
863365
863298
863358
863177
863505
863525
863452
863451
863450
863449
863059
863058
863050
863481
863477
863472
863448
863447
863446
863440
863051
863052
863043
863042
863479
863476
863468
863463
863445
863024
863023
863022
863021
863329
863320
863062
863061
863060
863053
863045
863044
863482
863475
863467
863466
863462
863453
863444
863439
863459
863461
863011
863274
863432
863417
863483
863469
863465
863443
863438
863435
863055
863054
863047
863046
863464
863442
863441
863437
863436
863434
863064
863063
863056
863057
863049
863048
863026
863027
863229
863228
863271
863268
863260
863259
863256
863251
863250
863249
863247
863246
863245
863244
863243
863242
863241
863240
863239
863238
863237
863236
863235
863234
863233
863232
863231
863230
863548
863547
863546
863545
863544
863541
863539
863248
863538
863537
863533
863532
863530
863529
863523
863522
863521
863520
863519
863518
863517
863516
863515
863514
863513
863512
863511
863502
863494
863490
863486
863484
863480
863478
863460
863458
863457
863456
863455
863454
863433
863431
863430
863429
863428
863427
863426
863416
863425
863420
863418
863424
863423
863422
863421
863419
863415
863414
863413
863412
863411
863410
863409
863408
863407
863406
863405
863404
863403
863402
863401
863400
863399
863398
863397
863396
863395
863394
863393
863392
863391
863390
863389
863388
863387
863386
863385
863384
863383
863382
863381
863380
863379
863377
863373
863369
863366
863357
863356
863355
863354
863353
863352
863351
863350
863349
863348
863347
863346
863345
863344
863343
863341
863340
863339
863338
863337
863336
863335
863334
863333
863332
863331
863330
863328
863327
863326
863324
863322
863321
863319
863318
863317
863315
863314
863313
863312
863311
863310
863309
863308
863307
863306
863305
863304
863300
863297
863295
863288
863287
863286
863285
863284
863283
863282
863281
863280
863279
863277
863276
863272
863270
863269
863267
863266
863265
863264
863263
863262
863261
863258
863257
863255
863254
863253
863252
863226
863227
863225
863224
863223
863222
863221
863220
863219
863218
863217
863216
863215
863214
863213
863212
863211
863209
863208
863207
863206
863205
863204
863203
863201
863200
863199
863198
863197
863196
863195
863194
863193
863192
863191
863190
863189
863188
863187
863186
863185
863184
863183
863182
863176
863175
863174
863173
863172
863171
863170
863169
863168
863166
863165
863164
863163
863162
863161
863160
863159
863158
863157
863155
863154
863153
863152
863149
863148
863147
863146
863122
863121
863126
863132
863131
863138
863145
863144
863143
863141
863139
863137
863136
863135
863134
863133
863130
863129
863128
863127
863125
863124
863123
863120
863119
863118
863117
863116
863115
863114
863113
863112
863110
863109
863108
863107
863106
863105
863104
863103
863102
863101
863100
863099
863098
863097
863096
863095
863093
863092
863091
863090
863089
863088
863087
863086
863084
863083
863082
863081
863080
863079
863078
863077
863076
863075
863074
863073
863072
863070
863069
863068
863067
863066
863065
863041
863039
863038
863037
863036
863035
863034
863033
863032
863031
863030
863029
863025
863020
863019
863017
863016
863015
863014
863013
863012
863010
863008
863004
863003
863002
863001
863000
862999
862998
862996
862995
862994
862993
