723795
723789
723782
723783
724719
724726
724724
724717
724711
724710
724644
724625
724613
724720
724705
724703
724659
724653
724612
724708
724701
724639
724654
724589
724584
724706
724700
724699
724626
724632
724695
724694
724685
724547
724545
724709
724712
723894
723892
724562
724557
723888
724616
724638
724643
724656
724687
724722
724715
724554
724552
723895
724636
724630
724620
724563
724550
724725
724707
724622
724610
724609
724608
724607
724606
724605
724604
724603
724602
724601
724600
724598
724597
724596
724595
724594
724593
724592
724590
724588
724586
724585
724583
724581
724579
724578
724577
724576
724575
724574
724573
724468
724467
724466
724465
724464
724463
724462
724461
724460
724459
724458
724457
724456
724455
724454
724453
724452
724451
724450
724449
724448
724447
724445
724444
724443
724442
724441
724440
724439
724438
724437
724436
724435
724434
724433
724432
724430
724426
724425
724424
724423
724422
724549
724553
724621
724618
724611
724655
724633
723896
724519
724033
724591
724548
724652
724658
724421
724420
724419
724418
724417
724416
724414
724413
724412
724411
724410
724409
724408
724407
724406
724405
724404
724403
724402
724401
724400
724399
724398
724397
724396
724395
724394
724393
724392
724391
724390
724389
724388
724387
724386
724385
724384
724383
724382
724381
724380
724378
724377
724376
724375
724305
724304
724303
724302
724301
724300
724299
724297
724293
724292
724291
724580
723887
724702
724560
723788
724374
724373
724372
724371
724370
724369
724368
724366
724365
724364
724363
724362
724361
724360
724359
724358
724357
724356
724354
724353
724352
724351
724350
724349
724348
724347
724346
724345
724344
724343
724342
724341
724340
724339
724338
724336
724335
724334
724333
724332
724331
724330
724329
724328
724327
724326
724325
724324
724323
724322
724321
724320
724319
724318
724317
724316
724315
724314
724313
724312
724311
724310
724309
724308
724307
724306
724290
724289
724288
724287
724286
724285
724284
724283
724282
724281
724276
724275
724274
724273
724272
724271
724270
724269
724268
724267
724266
724265
724264
724263
724262
724261
724260
724259
724258
724257
724256
724255
724254
724253
724252
724251
724250
724249
724248
724247
724246
724245
724244
724243
724242
724241
724240
724239
724238
724237
724236
724235
724234
724233
724232
724230
724229
724228
724227
724226
724225
723893
724546
724551
724224
724223
724222
724221
724220
724218
724217
724216
724215
724214
724213
724212
724211
724210
724209
724208
724207
724206
724205
724204
724203
724202
724200
724199
724198
724197
724196
724195
724194
724193
724192
724191
724190
724189
724188
724187
724186
724185
724184
724183
724182
724181
724180
724179
724178
724177
724176
724175
724174
724173
724172
724171
724170
724169
724168
724167
724166
724165
724628
724637
724164
724163
724162
724161
724160
724159
724158
724157
724156
724155
724154
724153
724151
724150
724149
724148
724147
724146
724145
724144
724143
724142
724141
724140
724139
724138
724137
724136
724135
724134
724133
724132
724131
724130
724129
724128
724127
724125
724124
724123
724122
724121
724120
724119
724118
724117
724116
724115
724114
724112
724111
724110
724109
724108
724107
724106
724105
724104
724103
724102
724101
724100
724099
724098
724097
724096
724095
724094
724093
724092
724091
724090
724089
724088
724087
724086
724085
724084
724083
724082
724081
724080
724079
724078
724077
724076
724075
724074
724073
724072
724071
724070
724069
724068
724067
724066
724065
724064
724063
724062
724061
724057
724060
724059
724058
724056
724055
724054
724031
724030
724029
724028
724027
724026
724024
724023
724022
724021
724020
724019
724018
724017
724016
724015
724014
724013
724012
724011
724010
724009
724008
724007
724006
724005
724004
724003
724002
724001
724000
723999
723998
723997
723996
723995
723994
723993
723992
723991
723990
723989
723988
723987
723986
723985
723984
723983
723982
723981
723980
724624
724615
724641
724649
723977
723976
723975
723974
723973
723972
723971
723970
723969
723968
723967
723966
723965
723964
723963
723962
723961
723960
723959
723958
723957
723956
723955
723954
723953
723952
723951
723950
723949
723948
723947
723946
723945
723943
723942
723941
723940
723939
723938
723937
723936
723935
723934
723933
723932
723931
723929
723928
723927
723926
723925
723847
723846
723845
723844
723843
723842
723840
723839
723838
723837
723836
723835
723834
723833
723832
724642
723814
723827
724025
724487
724513
724515
724661
724762
724761
724760
724759
724758
724757
724756
724754
724755
724753
724752
724751
724750
724749
724747
724746
724745
724744
724743
724742
724741
724740
724739
724738
724737
724736
724735
724734
724733
724732
724731
724730
724729
724728
724723
724721
724718
724716
724714
724518
724704
724698
724697
724696
724693
724692
724691
724690
724689
724688
724686
724684
724683
724682
724681
724680
724679
724678
724677
724676
724675
724674
724673
724672
724671
724670
724669
724668
724667
724666
724665
724664
724663
724662
724660
724657
724651
724650
724648
724647
724646
724645
724640
724635
724631
724629
724627
724623
724619
724617
724614
724599
724587
724582
724572
724571
724570
724569
724568
724567
724566
724561
724559
724558
724556
724555
724544
724543
724542
724541
724540
724539
724538
724537
724536
724535
724534
724533
724532
724531
724529
724528
724527
724526
724525
724524
724523
724522
724521
724520
724517
724514
724512
724511
724510
724509
724508
724507
724506
724505
724504
724503
724502
724501
724500
724499
724497
724495
724494
724493
724492
724491
724490
724489
724488
724485
724484
724483
724482
724481
724480
724479
724478
724477
724476
724475
724474
724473
724472
724471
724470
724469
724446
724415
724379
724367
724355
724337
724298
724231
724201
724152
724113
724053
724052
724051
724050
724049
724048
724047
724046
724045
724044
724043
724042
724041
724040
724039
724038
724037
724036
724035
724034
724032
723979
723978
723944
723930
723924
723923
723922
723921
723920
723919
723918
723917
723916
723915
723914
723912
723911
723910
723909
723908
723907
723906
723905
723904
723903
723902
723901
723900
723899
723898
723897
723891
723890
723889
723886
723885
723884
723883
723882
723881
723880
723879
723878
723877
723876
723875
723874
723873
723872
723871
723870
723869
723868
723867
723866
723865
723864
723863
723862
723861
723860
723859
723858
723857
723856
723855
723854
723853
723852
723851
723850
723849
723848
723841
723831
723830
723829
723828
723826
723823
723822
723821
723820
723819
723818
723817
723816
723815
723813
723812
723811
723810
723809
723808
723804
723803
723802
723801
723800
723798
723797
723796
723794
723793
723792
723791
723790
723787
723786
723785
723784
723781
723780
723779
723778
723777
723776
723775
723774
723773
723772
723771
723770
723769
723768
723767
723766
723765
723764
723763
723762
723761
723760
723759
723758
723757
723756
723755
723754
723753
723752
723751
723750
723743
723742
723741
723740
723739
723738
723737
723736
723735
723734
723733
723732
723731
723730
723729
723728
723727
723726
723725
723724
723723
723722
723721
723720
723719
723718
723717
723716
723715
723714
723713
723712
723711
723710
723709
723708
723707
723706
723705
723704
723703
723702
723701
723700
723699
723698
723697
723696
723695
723694
723693
723692
723691
723690
723689
723688
723687
