786548
786549
786550
786551
786652
786868
786663
786401
786396
786395
786377
786376
786373
786369
786356
786342
786341
786372
786355
786397
786400
786394
786378
786371
786362
786368
786353
786555
786554
786252
786392
786540
786541
786544
786545
786546
786296
786295
786293
786290
786286
786284
786280
786278
786274
786273
786330
786333
786543
786335
786332
786666
786667
786331
786334
786882
786889
786831
786830
786829
786828
786827
786826
786825
786824
786823
786822
786821
786820
786819
786818
786817
786816
786815
786814
786813
786812
786811
786810
786809
786808
786807
786806
786805
786804
786803
786802
786801
786800
786799
786798
786797
786796
786795
786794
786793
786792
786791
786789
786788
786787
786786
786785
786783
786782
786781
786780
786779
786778
786777
786776
786775
786774
786773
786772
786771
786770
786769
786768
786767
786766
786765
786764
786763
786762
786761
786760
786759
786758
786757
786756
786755
786754
786753
786752
786751
786750
786749
786748
786747
786746
786745
786744
786743
786742
786741
786740
786739
786738
786737
786736
786735
786734
786733
786732
786731
786730
786729
786728
786727
786726
786725
786724
786723
786722
786721
786720
786719
786718
786717
786716
786715
786714
786713
786712
786836
786835
786834
786833
786832
786903
786902
786901
786900
786899
786898
786897
786896
786895
786894
786892
786893
786891
786890
786888
786887
786886
786885
786884
786883
786876
786875
786877
786878
786879
786880
786874
786873
786872
786871
786867
786870
786869
786866
786865
786864
786863
786862
786861
786860
786859
786858
786856
786855
786854
786853
786852
786851
786850
786849
786848
786847
786845
786843
786842
786841
786840
786537
786536
786711
786710
786708
786707
786706
786705
786704
786703
786702
786701
786700
786699
786698
786696
786695
786694
786693
786692
786691
786690
786689
786688
786687
786686
786685
786684
786683
786682
786681
786680
786679
786678
786677
786676
786675
786674
786673
786672
786671
786790
786784
786709
786697
786670
786539
786534
786669
786668
786665
786664
786662
786661
786656
786657
786655
786660
786659
786658
786653
786651
786642
786641
786640
786639
786638
786636
786635
786634
786633
786632
786631
786630
786629
786628
786627
786626
786625
786624
786623
786622
786621
786620
786619
786618
786617
786616
786615
786614
786612
786610
786609
786608
786607
786605
786604
786603
786602
786601
786600
786599
786598
786597
786596
786595
786594
786593
786592
786591
786590
786589
786588
786587
786585
786584
786583
786581
786580
786578
786576
786575
786574
786573
786572
786571
786569
786568
786567
786566
786565
786564
786563
786562
786561
786560
786559
786558
786557
786556
786553
786538
786552
786547
786542
786535
786533
786532
786531
786530
786529
786528
786527
786526
786525
786524
786523
786522
786521
786520
786519
786518
786517
786516
786515
786514
786513
786512
786511
786510
786509
786508
786507
786506
786505
786504
786503
786502
786501
786500
786499
786498
786497
786496
786495
786494
786493
786492
786491
786490
786489
786488
786487
786486
786485
786484
786483
786482
786481
786480
786479
786478
786477
786476
786475
786474
786473
786472
786471
786470
786469
786468
786467
786466
786465
786464
786463
786462
786461
786460
786459
786458
786457
786456
786455
786454
786453
786452
786451
786450
786449
786448
786447
786446
786445
786444
786443
786442
786441
786440
786439
786438
786437
786436
786435
786434
786433
786432
786431
786430
786429
786428
786427
786426
786425
786424
786423
786422
786421
786420
786417
786416
786415
786414
786413
786412
786411
786410
786409
786408
786407
786406
786405
786404
786403
786402
786399
786398
786393
786391
786390
786389
786388
786387
786386
786385
786384
786381
786380
786379
786375
786374
786370
786367
786366
786365
786364
786363
786361
786360
786359
786358
786357
786354
786352
786351
786350
786349
786348
786347
786346
786345
786344
786343
786340
786339
786338
786337
786336
786329
786328
786327
786326
786325
786324
786323
786322
786321
786320
786319
786318
786317
786316
786315
786314
786313
786312
786311
786310
786309
786308
786307
786306
786305
786304
786303
786302
786301
786300
786299
786298
786297
786294
786292
786291
786289
786288
786287
786285
786283
786279
786275
786277
786276
786282
786281
786272
786271
786270
786269
786267
786266
786265
786264
786263
786262
786261
786260
786259
786258
786256
786255
786254
786253
786251
786249
786248
786250
786247
786246
786245
