736023
736022
736027
736352
736430
736368
736364
736391
736408
736360
736421
736425
736375
736347
736344
736383
736428
736372
736366
736379
736387
736345
736349
736389
736356
736402
736278
736280
736281
736282
736284
736287
736288
736292
736373
736388
736346
736142
736143
736279
736277
736285
736283
736289
736290
736380
736382
736433
736427
736348
736177
736248
736243
736240
736244
736238
736179
736178
736252
736247
736237
736169
736167
736026
736025
736024
736423
736422
736365
736358
736390
736210
736208
736205
736173
736172
736250
736249
736242
736239
736241
736170
736174
736168
736213
736207
736343
736251
736245
736246
736236
736204
736180
736209
736206
736176
736137
736133
736141
736140
736054
736058
736060
736061
736062
736064
736066
736067
736069
736071
736073
736074
736076
736077
736079
736081
736083
736085
736090
736091
736092
736093
736094
736095
736096
736097
736098
736099
736100
736101
736102
736103
736104
736105
736106
736107
736108
736109
736110
736113
736114
736115
736116
736117
736119
736120
736121
736122
736123
736124
736125
736126
736127
736128
736129
736275
736291
736304
736306
736342
736374
735975
735976
736453
736452
736451
736450
736449
736448
736447
736446
736445
736444
736443
736442
736441
736440
736439
736438
736437
736436
736435
736434
736432
736431
736429
736424
736420
736419
736418
736415
736414
736413
736412
736411
736410
736409
736407
736406
736405
736404
736401
736400
736399
736397
736396
736395
736394
736393
736386
736385
736384
736381
736378
736377
736376
736371
736370
736367
736363
736361
736359
736357
736355
736354
736353
736351
736350
736341
736339
736338
736337
736336
736335
736333
736332
736331
736330
736328
736327
736326
736325
736324
736323
736322
736321
736320
736319
736318
736317
736316
736315
736314
736313
736312
736311
736310
736309
736308
736307
736305
736303
736302
736301
736300
736299
736298
736297
736296
736295
736294
736293
736258
736257
736286
736276
736274
736272
736268
736267
736266
736265
736263
736262
736261
736260
736259
736255
736254
736253
736235
736234
736232
736231
736230
736229
736228
736227
736226
736225
736224
736223
736222
736221
736220
736219
736218
736217
736216
736215
736214
736212
736211
736203
736202
736201
736200
736199
736198
736197
736196
736195
736194
736192
736191
736190
736189
736188
736187
736186
736185
736184
736183
736182
736181
736175
736171
736166
736165
736164
736163
736162
736161
736159
736158
736157
736156
736155
736154
736153
736150
736149
736148
736147
736146
736145
736144
736139
736138
736136
736135
736134
736132
736131
736130
736118
736112
736111
736089
736088
736087
736053
736052
736051
736050
736049
736048
736047
736046
736045
736044
736041
736043
736040
736042
736039
736038
736037
736036
736035
736034
736033
736032
736031
736030
736029
736028
736020
736019
736018
736017
736016
736015
736014
736013
736012
736011
736010
736009
736008
736007
736006
736005
736004
736003
736002
736001
736000
735999
735998
735997
735996
735995
735993
735992
735991
735990
735989
735988
735987
735986
735985
735984
735983
735982
735981
735980
735979
735978
735977
735974
735973
735972
735971
735970
735969
735968
