917692
917717
917716
917715
917675
917674
917673
917672
917671
917670
918069
917971
917863
917967
917970
917949
917939
918015
917998
917991
918000
917999
918002
918001
918003
918013
918022
917982
917980
917976
917851
917872
918062
918060
918058
918057
918055
918030
918012
917996
917990
918054
918048
917979
917974
917871
917711
917712
917713
917977
917973
917870
918046
918045
918047
918056
918053
918052
918014
917997
917802
917981
917978
917972
917869
917850
917868
917867
918066
918065
918064
917849
917848
917841
917793
917938
917948
917719
917689
917688
917664
917663
917662
917661
917659
917658
917657
917649
917964
917654
917653
917651
917648
917646
917643
918004
918006
918007
918008
918009
918011
917896
917909
917911
918026
918068
918067
918063
918061
918059
918051
918049
918050
918044
918043
918042
918041
918040
918039
918038
918037
918036
918035
918034
918033
918032
918031
918029
918028
918027
918025
918024
918021
918020
918019
918018
918017
918016
918005
917995
917994
917993
917992
917988
917986
917985
917984
917983
917975
917969
917968
917966
917965
917963
917962
917961
917960
917959
917958
917957
917956
917955
917954
917953
917952
917951
917950
917947
917946
917945
917944
917943
917942
917941
917940
917937
917936
917935
917934
917932
917931
917929
917928
917927
917926
917925
917924
917923
917922
917921
917920
917919
917918
917917
917916
917915
917914
917913
917912
917910
917908
917907
917906
917905
917904
917903
917902
917901
917900
917899
917898
917897
917895
917894
917893
917892
917891
917890
917889
917888
917887
917886
917885
917884
917883
917882
917881
917880
917879
917878
917877
917876
917875
917874
917873
917866
917865
917864
917862
917861
917860
917859
917857
917856
917855
917854
917853
917852
917847
917846
917845
917844
917843
917842
917840
917839
917838
917837
917836
917834
917833
917832
917831
917830
917829
917823
917828
917827
917826
917825
917824
917822
917821
917820
917819
917818
917817
917816
917815
917814
917813
917812
917811
917810
917809
917808
917807
917806
917805
917804
917803
917801
917800
917795
917792
917791
917790
917788
917787
917786
917785
917784
917781
917780
917779
917778
917777
917776
917775
917774
917773
917772
917771
917769
917768
917767
917766
917765
917764
917763
917761
917760
917759
917758
917757
917756
917755
917754
917753
917752
917751
917750
917749
917748
917747
917746
917745
917744
917743
917742
917741
917740
917739
917738
917737
917736
917735
917734
917733
917732
917731
917730
917729
917728
917727
917726
917725
917724
917723
917722
917721
917720
917707
917706
917705
917704
917703
917702
917701
917700
917699
917698
917697
917696
917695
917694
917693
917691
917690
917687
917686
917685
917684
917683
917682
917681
917680
917679
917678
917677
917676
917669
917668
917667
917666
917665
917660
917656
917655
917650
917645
917644
917642
917641
917640
917639
917638
917637
917636
917634
917632
917631
917630
917626
917625
917624
917623
917622
917621
917620
