805825
805824
806193
805806
805805
806181
806184
805935
806029
805851
805804
805950
806124
806123
806070
806065
806005
805991
805988
805970
805941
805924
806126
806068
806067
805990
805969
806125
805939
805926
806006
805920
806069
806066
806127
805965
805917
805907
805904
805891
806071
806064
805992
805943
805928
805905
805893
805881
805966
805903
805892
806072
806129
805986
806063
805989
805936
805909
805913
805963
805921
805918
805900
805890
805882
806187
805961
805960
805800
805799
805797
805798
805793
806192
806191
806190
806189
806188
806186
806185
806183
806180
806178
806177
806176
806175
806174
806173
806172
806171
806170
806169
806168
806167
806166
806165
806164
806163
806162
806161
806160
806159
806157
806156
806155
806154
806153
806152
806151
806150
806149
806148
806147
806146
806145
806144
806143
806142
806141
806140
806139
806138
806137
806136
806135
806134
806133
806132
806131
806130
806128
806122
806121
806120
806119
806118
806116
806114
806113
806112
806111
806110
806109
806108
806107
806106
806105
806104
806103
806102
806101
806100
806099
806098
806097
806096
806095
806094
806093
806092
806091
806090
806089
806088
806087
806086
806085
806084
806083
806082
806081
806080
806079
806077
806074
806073
806062
806061
806060
806059
806058
806057
806056
806055
806054
806053
806052
806051
806050
806049
806046
806045
806044
806043
806042
806041
806040
806039
806038
806037
806036
806035
806034
806033
806032
806031
806030
806028
806027
806026
806025
806024
806023
806022
806021
806020
806019
806018
806017
806016
806015
806014
806013
806012
806011
806010
806009
806008
806007
806003
806002
806001
806000
805999
805998
805997
805996
805994
805993
805987
805985
805984
805983
805982
805981
805980
805979
805978
805977
805976
805974
805972
805971
805968
805967
805964
805962
805959
805958
805957
805956
805955
805952
805951
805954
805953
805949
805948
805947
805946
805945
805944
805942
805940
805937
805934
805933
805932
805931
805930
805929
805927
805925
805923
805922
805919
805916
805915
805914
805912
805911
805910
805902
805901
805899
805898
805897
805896
805895
805894
805889
805888
805887
805886
805885
805884
805883
805880
805879
805878
805877
805876
805875
805874
805873
805872
805871
805870
805869
805868
805867
805866
805865
805864
805861
805860
805859
805858
805857
805856
805855
805854
805853
805852
805850
805848
805847
805846
805845
805844
805843
805842
805841
805840
805839
805838
805837
805836
805835
805834
805833
805832
805831
805830
805829
805828
805827
805826
805823
805822
805821
805820
805819
805818
805817
805816
805815
805814
805813
805812
805811
805810
805809
805808
805807
805803
805802
805801
805796
805795
805794
805792
805791
805790
805789
805788
805787
805786
805785
805784
805783
805782
805781
805780
805779
805778
805777
805776
805774
805773
805772
805771
805770
805769
805768
805767
805766
805765
805764
805763
805762
805761
805760
805759
805758
805757
805756
805755
805754
805753
805752
805751
805750
805749
805748
805745
805744
