759929
759930
759931
759986
759984
759983
759982
759981
759954
759953
759952
759951
759950
759949
759945
759946
759947
759948
759944
759940
759943
759942
759941
759924
759922
759921
760215
760210
760211
760049
760008
760227
760224
760221
760233
760229
760226
760213
760212
760230
760222
760201
760015
760003
760194
760017
760046
760197
760041
760047
759967
759918
759917
759919
759920
760198
760202
760199
760196
760048
760044
760028
760013
760007
760004
759997
759992
759965
759999
759977
759970
760214
760220
760193
760043
760019
760002
759990
759989
760006
760001
760000
759968
759980
759971
759998
759987
760009
760035
759996
759975
759995
759994
759993
759966
759985
759974
759969
759916
759915
759914
759913
759964
759890
759893
760175
759861
760155
760165
760195
760219
759881
760156
760244
760254
760252
760258
760257
760256
760255
760249
760248
760247
760246
760245
760243
760242
760241
760240
760239
760238
760237
760236
760235
760234
760232
760231
760228
760225
760223
760218
760217
760216
760209
760207
760206
760205
760204
760203
760191
760190
760189
760188
760187
760186
760185
760184
760183
760182
760181
760180
760179
760178
760177
760176
760169
760168
760167
760166
760158
760174
760173
760172
760171
760170
760164
760163
760162
760161
760160
760159
760157
760153
760152
760151
760150
760149
760148
760147
760146
760145
760144
760142
760141
760140
760139
760138
760137
760136
760135
760134
760133
760132
760131
760130
760129
760128
760127
760126
760125
760124
760123
760122
760121
760120
760119
760118
760117
760116
760115
760114
760113
760112
760111
760110
760109
760108
760107
760106
760105
760104
760103
760102
760101
760100
760099
760098
760097
760096
760095
760094
760093
760092
760090
760091
760089
760088
760087
760086
760085
760084
760083
760082
760081
760080
760079
760078
760077
760076
760075
760074
760073
760072
760071
760070
760069
760018
760020
760021
760022
760023
760024
760025
760026
760027
760029
760030
760031
760032
760033
760034
760036
760037
760038
760039
760040
760061
760062
760063
760064
760065
760066
760067
760068
760060
760058
760057
760056
760055
760054
760052
760051
760050
760045
760042
760016
760014
760012
760011
760010
760005
759991
759988
759979
759978
759976
759973
759972
759963
759962
759961
759960
759959
759958
759957
759956
759955
759939
759938
759937
759936
759935
759933
759932
759928
759927
759926
759925
759923
759912
759911
759910
759909
759908
759907
759906
759905
759904
759903
759902
759901
759900
759899
759898
759897
759896
759895
759894
759892
759891
759888
759887
759886
759885
759884
759883
759882
759880
759879
759878
759877
759872
759871
759870
759869
759868
759867
759865
759864
759863
759862
759860
759859
759858
759857
759856
759855
759854
759853
759852
759851
759850
759849
759848
759847
759846
