735638
735774
735773
735872
735863
735944
735870
735852
735849
735867
735860
735856
735855
735930
735869
735854
735946
735871
735847
735857
735859
735802
735801
735798
735945
735788
735780
735866
735865
735846
735873
735853
735851
735805
735796
735785
735772
735776
735775
735636
735635
735848
735858
735804
735803
735766
735634
735799
735797
735786
735769
735767
735779
735770
735765
735721
735722
735723
735724
735726
735727
735728
735729
735730
735731
735732
735733
735734
735736
735737
735738
735739
735741
735743
735744
735745
735746
735747
735748
735749
735750
735751
735752
735754
735757
735758
735759
735817
735819
735831
735883
735963
735878
735879
735880
735881
735950
735951
735967
735966
735965
735964
735962
735961
735960
735959
735958
735957
735956
735955
735954
735953
735952
735949
735948
735947
735943
735942
735941
735940
735939
735938
735937
735936
735935
735934
735933
735932
735931
735929
735928
735927
735926
735925
735924
735923
735920
735919
735918
735917
735916
735914
735913
735912
735911
735910
735909
735908
735907
735906
735905
735904
735903
735902
735901
735900
735899
735896
735890
735889
735888
735887
735886
735922
735921
735915
735897
735891
735882
735877
735876
735875
735874
735868
735864
735862
735861
735850
735845
735844
735843
735842
735841
735840
735839
735838
735837
735836
735835
735834
735833
735832
735830
735829
735828
735827
735826
735825
735824
735823
735822
735821
735820
735816
735814
735813
735812
735811
735810
735809
735808
735807
735806
735800
735795
735794
735792
735791
735789
735781
735778
735777
735771
735768
735764
735763
735762
735761
735760
735756
735755
735753
735742
735740
735725
735720
735719
735718
735717
735716
735715
735714
735713
735711
735710
735709
735708
735707
735705
735704
735703
735702
735701
735700
735699
735698
735697
735696
735695
735694
735693
735692
735691
735690
735689
735688
735687
735686
735685
735684
735683
735682
735681
735680
735679
735678
735677
735676
735675
735674
735673
735672
735671
735670
735669
735668
735667
735666
735665
735664
735663
735662
735661
735660
735659
735658
735657
735656
735655
735654
735653
735652
735651
735650
735649
735648
735647
735646
735645
735644
735643
735642
735641
735640
735639
735637
735633
735632
735631
735630
735629
735628
735627
735624
735625
735623
735622
735621
