796437
796427
796422
796502
796501
796457
796653
796600
796373
796413
796604
796683
796679
796473
796678
796380
796597
796498
796494
796493
796682
796219
796681
796596
796472
796376
796371
796605
796496
796492
796477
796410
796370
796677
796680
796594
796497
796541
796491
796499
796488
796471
796374
796369
796272
796275
796271
796487
796412
796368
796268
796716
796714
796713
796253
796210
796213
796211
796200
796711
796215
796214
796628
796627
796626
796625
796500
796573
796693
796327
796511
796520
796524
796530
796558
796598
796531
796621
796620
796619
796715
796710
796709
796708
796707
796706
796705
796704
796703
796701
796700
796699
796612
796611
796610
796608
796696
796697
796694
796692
796691
796690
796689
796688
796687
796686
796676
796675
796674
796673
796672
796671
796670
796669
796668
796667
796666
796665
796664
796663
796662
796660
796659
796658
796657
796656
796655
796654
796652
796651
796650
796649
796648
796647
796646
796645
796644
796624
796623
796622
796618
796617
796616
796643
796615
796642
796641
796640
796639
796638
796637
796636
796635
796634
796633
796632
796631
796630
796629
796614
796613
796609
796607
796606
796603
796602
796601
796599
796595
796593
796592
796591
796590
796589
796588
796587
796586
796585
796584
796583
796582
796580
796579
796578
796577
796575
796574
796572
796571
796570
796569
796568
796567
796566
796565
796564
796563
796562
796561
796560
796559
796557
796556
796555
796554
796553
796552
796551
796550
796549
796548
796547
796546
796545
796543
796542
796539
796538
796537
796536
796534
796533
796532
796529
796528
796527
796526
796525
796523
796522
796521
796519
796518
796517
796516
796515
796514
796513
796512
796510
796509
796508
796507
796504
796503
796495
796490
796489
796486
796485
796484
796483
796482
796481
796480
796479
796478
796476
796475
796474
796469
796470
796468
796467
796466
796465
796464
796463
796462
796461
796460
796459
796458
796456
796455
796454
796453
796452
796451
796450
796449
796448
796447
796446
796445
796444
796443
796442
796441
796440
796439
796438
796436
796435
796434
796433
796432
796431
796430
796429
796428
796426
796425
796424
796423
796421
796419
796418
796417
796416
796415
796414
796411
796409
796408
796407
796406
796405
796404
796403
796402
796400
796399
796398
796397
796396
796395
796394
796393
796392
796391
796390
796389
796388
796387
796386
796385
796384
796383
796382
796381
796379
796378
796377
796375
796372
796366
796365
796364
796363
796362
796361
796360
796359
796358
796357
796356
796355
796354
796353
796352
796351
796350
796349
796348
796347
796346
796345
796344
796343
796342
796341
796340
796338
796337
796336
796335
796334
796333
796332
796331
796330
796329
796328
796325
796324
796323
796322
796321
796320
796319
796318
796317
796316
796315
796314
796313
796312
796311
796310
796309
796308
796307
796306
796305
796304
796303
796302
796301
796300
796299
796298
796297
796296
796295
796294
796293
796292
796291
796290
796289
796288
796287
796286
796285
796284
796283
796282
796281
796280
796279
796278
796277
796276
796274
796273
796270
796269
796267
796266
796265
796264
796263
796262
796261
796260
796259
796258
796257
796256
796254
796252
796251
796249
796246
796245
796244
796243
796242
796241
796240
796239
796238
796237
796236
796235
796234
796233
796232
796231
796230
796229
796228
796227
796226
796225
796224
796223
796222
796221
796218
796217
796216
796212
796209
796208
796207
796206
796205
796204
796203
796202
796201
796199
796198
796197
