831735
831893
831891
831889
831888
831885
831643
831644
831744
831785
831786
831810
831814
831826
831870
831875
831998
832000
832007
831721
831646
831780
832033
832028
831710
831740
831738
832034
832026
832024
831796
831794
831790
831741
832031
832027
831769
831751
831793
831714
831763
832032
832023
831792
831788
831752
831750
832030
832025
831715
831806
831787
831783
832016
832019
832008
831672
831674
832052
832049
831732
831728
831727
831724
831733
831734
832118
832119
832120
832122
832123
832124
832125
832126
832117
832116
832115
831854
832114
832112
832111
832110
832109
832108
832107
832106
832104
832103
832101
832100
832098
832096
832095
832094
832092
832091
832078
832077
832082
832081
832080
832079
832084
832076
832090
832088
832087
832085
832083
832075
832074
832073
832072
832071
832070
832069
832068
832067
832066
832065
832064
832063
832062
832061
832060
832059
832058
832057
832056
832055
832054
832053
832051
832050
832048
832046
832045
832043
832042
832041
832040
832039
832038
832036
832035
832029
832022
832021
832020
832018
832017
831849
831848
831847
831845
831843
831842
831841
832015
832014
832013
832012
832011
832010
832009
832005
832004
831745
832003
832002
832001
831999
831997
831996
831995
831994
831993
831992
831991
831990
831989
831988
831987
831986
831985
831984
831983
831982
831981
831980
831979
831978
831977
831976
831975
831974
831973
831972
831971
831970
831969
831968
831967
831966
831965
831964
831963
831962
831961
831960
831959
831958
831957
831955
831954
831953
831952
831951
831950
831949
831948
831947
831946
831945
831944
831943
831942
831941
831940
831939
831938
831937
831936
831935
831934
831933
831932
831931
831930
831929
831928
831927
831926
831925
831924
831923
831922
831921
831920
831919
831918
831917
831916
831915
831914
831913
831912
831911
831910
831909
831908
831907
831906
831905
831904
831903
831902
831901
831899
831898
831897
831896
831895
831894
831892
831890
831887
831886
831884
831883
831882
831881
831879
831877
831876
831874
831873
831872
831871
831868
831866
831865
831864
831863
831862
831861
831860
831859
831858
831857
831856
831855
831852
831850
831846
831844
831840
831839
831838
831837
831836
831835
831834
831833
831832
831831
831830
831829
831828
831827
831825
831824
831823
831822
831821
831820
831819
831818
831817
831816
831815
831813
831812
831811
831809
831808
831807
831805
831804
831803
831801
831800
831799
831798
831797
831795
831791
831789
831784
831782
831781
831726
831779
831778
831777
831775
831774
831773
831772
831771
831770
831768
831767
831765
831764
831762
831761
831760
831759
831758
831757
831756
831731
831730
831729
831754
831753
831749
831748
831747
831746
831743
831723
831722
831725
831739
831737
831736
831720
831718
831717
831716
831713
831712
831711
831709
831708
831707
831706
831705
831704
831703
831702
831701
831700
831699
831698
831697
831696
831695
831694
831693
831692
831691
831690
831688
831687
831686
831685
831684
831683
831682
831681
831679
831678
831677
831676
831671
831670
831669
831668
831667
831665
831664
831663
831661
831660
831658
831657
831656
831655
831654
831653
831652
831650
831649
831648
831647
831645
831642
831641
831640
831639
831637
831636
831638
831635
831634
831633
831632
831631
831630
831629
831628
831627
831626
831624
831623
831622
831621
831620
831619
831618
831617
831616
831615
831614
831613
831611
831610
831609
831608
831606
831605
831604
831603
831602
831600
831599
831598
831597
831596
831595
831594
831593
831592
831591
831590
831588
831587
831586
831585
831584
831583
831582
831581
831580
831579
831578
831577
831576
831575
831574
831573
831572
831571
831570
831569
831568
831567
831566
831565
831564
831563
831562
831561
831560
