802313
802312
802311
802310
802309
802308
802307
802306
802305
802304
802303
802302
802112
802111
802110
802109
802106
802319
802322
802315
802324
802321
802318
802317
802325
802316
802323
802213
802175
802176
802177
802169
802216
802019
802007
802006
802002
802024
801997
802030
802105
802092
802104
802009
802015
801999
802091
802090
802089
802032
802011
802013
802025
802017
802021
802026
802031
802014
802004
801996
802022
802008
802000
802001
802020
802018
802193
802192
802012
802010
802005
802003
801998
802016
802023
802027
802033
802351
802087
802086
802088
802371
802370
802368
802367
802366
802365
802364
802363
802362
802361
802360
802359
802358
802356
802354
802353
802349
802347
802346
802345
802344
802343
802342
802341
802340
802339
802338
802337
802336
802335
802334
802333
802331
802332
802330
802329
802328
802327
802326
802314
802301
802300
802298
802297
802296
802295
802294
802293
802292
802291
802289
802288
802287
802286
802285
802284
802283
802282
802281
802280
802279
802278
802277
802276
802275
802274
802273
802272
802271
802270
802269
802268
802267
802266
802265
802264
802263
802262
802261
802260
802259
802258
802257
802248
802245
802256
802255
802253
802252
802251
802250
802249
802247
802246
802244
802243
802242
802241
802240
802239
802238
802237
802236
802235
802234
802233
802232
802231
802230
802228
802227
802226
802225
802224
802223
802222
802221
802220
802219
802218
802217
802215
802214
802212
802211
802210
802208
802207
802205
802204
802203
802202
802201
802200
802199
802198
802197
802196
802194
802191
802189
802188
802187
802186
802185
802184
802183
802182
802181
802180
802179
802178
802174
802173
802172
802171
802168
802166
802165
802164
802163
802162
802100
802099
802101
802161
802160
802159
802158
802157
802156
802155
802154
802153
802152
802098
802096
802094
802093
802097
802151
802150
802149
802148
802147
802146
802145
802144
802143
802142
802141
802140
802139
802138
802137
802136
802135
802134
802133
802132
802131
802130
802129
802128
802127
802126
802125
802124
802123
802122
802121
802120
802119
802118
802117
802116
802115
802114
802113
802108
802107
802103
802102
802085
802084
802083
802082
802081
802080
802079
802078
802077
802076
802075
802074
802073
802072
802071
802070
802068
802067
802066
802065
802064
802063
802062
802061
802060
802059
802058
802057
802056
802055
802054
802053
802052
802051
802050
802049
802048
802047
802046
802045
802044
802043
802042
802041
802040
802039
802038
802037
802036
802035
802034
802029
802028
801995
801994
801993
801992
801991
801990
801989
