868164
868696
868370
868373
868378
868387
868570
868572
868443
868445
868571
868565
868444
868417
868245
868499
868501
868502
868347
868452
868167
868166
868165
868383
868377
868375
868371
868303
868274
868289
868308
868306
868288
868278
868273
868272
868268
868296
868313
868282
868283
868298
868302
868271
868442
868312
868310
868291
868344
868390
868380
868374
868372
868270
868292
868294
868275
868379
868388
868269
868334
868309
868314
868441
868301
868333
868276
868279
868280
868293
868295
868305
868389
868376
868297
868287
868285
868284
868307
868290
868281
868339
868277
868286
868299
868311
868547
868546
868544
868169
868168
868534
868197
868190
868543
868541
868533
868530
868542
868540
868531
868529
868527
868525
868446
868537
868536
868532
868173
868440
868439
868262
868172
868449
868450
868566
868567
868568
868147
868316
868315
868705
868704
868703
868702
868701
868700
868699
868698
868697
868695
868694
868693
868692
868691
868690
868689
868688
868687
868686
868685
868684
868683
868682
868681
868680
868679
868678
868677
868676
868675
868674
868672
868671
868670
868669
868668
868667
868666
868665
868664
868663
868662
868661
868660
868657
868656
868654
868653
868652
868651
868650
868649
868648
868647
868646
868645
868644
868642
868641
868640
868637
868636
868635
868633
868632
868631
868630
868628
868639
868627
868626
868621
868623
868638
868634
868629
868625
868624
868622
868620
868618
868617
868616
868615
868614
868613
868612
868611
868610
868609
868608
868606
868605
868604
868603
868602
868601
868600
868599
868598
868597
868596
868595
868594
868593
868592
868591
868590
868588
868587
868586
868585
868584
868583
868582
868581
868580
868579
868578
868577
868576
868575
868574
868573
868569
868564
868563
868562
868561
868560
868559
868558
868557
868556
868555
868554
868553
868552
868551
868550
868549
868548
868545
868539
868538
868528
868526
868523
868522
868521
868520
868519
868518
868517
868516
868515
868514
868513
868512
868511
868510
868509
868508
868507
868506
868505
868504
868503
868498
868497
868496
868494
868493
868492
868491
868490
868489
868488
868487
868486
868485
868484
868483
868482
868480
868479
868478
868476
868474
868473
868472
868471
868470
868469
868468
868467
868466
868465
868464
868463
868462
868461
868460
868459
868458
868457
868456
868455
868454
868453
868448
868447
868438
868437
868436
868435
868434
868433
868432
868431
868430
868429
868428
868427
868426
868425
868424
868423
868422
868421
868420
868419
868418
868416
868415
868414
868413
868412
868411
868410
868409
868408
868407
868406
868405
868404
868403
868402
868401
868400
868399
868398
868397
868395
868394
868393
868392
868385
868384
868382
868381
868369
868368
868367
868366
868365
868364
868363
868362
868361
868360
868359
868358
868357
868356
868355
868354
868353
868352
868351
868350
868349
868348
868346
868345
868343
868342
868341
868340
868338
868337
868336
868335
868332
868331
868330
868329
868328
868327
868326
868325
868324
868323
868322
868321
868320
868319
868318
868317
868304
868300
868267
868265
868264
868263
868261
868260
868259
868258
868257
868256
868255
868254
868253
868252
868251
868250
868249
868248
868247
868246
868244
868242
868241
868238
868237
868236
868235
868232
868231
868230
868229
868228
868227
868226
868225
868224
868223
868222
868221
868220
868219
868218
868217
868216
868215
868214
868213
868212
868211
868210
868209
868208
868207
868205
868204
868203
868202
868201
868200
868199
868198
868196
868195
868194
868193
868192
868191
868189
868188
868187
868186
868185
868184
868183
868181
868180
868179
868182
868178
868177
868176
868175
868171
868170
868163
868162
868161
868160
868159
868158
868157
868156
868155
868154
868153
868152
868151
868150
868149
868148
868146
868145
868144
868143
868142
868141
868140
868139
868138
