800000
799999
799998
799997
799995
799994
799993
799992
799991
799990
799989
799988
799987
799986
799985
799967
799966
799965
799964
799963
799962
799961
799959
799958
799955
799953
799952
799951
799950
799948
799942
800096
800138
800097
800108
800100
800093
800084
800081
800098
800090
800080
800078
800065
800136
800092
800114
800103
800083
800061
799905
800127
800143
800156
800202
800279
800269
800272
800274
800024
800085
800076
800072
800104
800087
800051
800107
800086
800099
800082
800075
800070
800031
800030
800026
800135
800033
800027
800222
800224
800225
800226
800286
800285
800284
800283
800282
800281
800280
800278
800277
800276
800275
800273
800271
800270
800268
800267
800266
800265
800264
800263
800262
800261
800260
800259
800258
800257
800256
800255
800254
800253
800252
800251
800250
800249
800248
800247
800246
800245
800244
800243
800242
800241
800240
800239
800237
800236
800235
800234
800233
800231
800230
800229
800228
800227
800221
800220
800219
800218
800217
800216
800214
800212
800210
800209
800208
800207
800206
800205
800204
800203
800201
800200
800199
800198
800197
800196
800195
800194
800193
800192
800191
800190
800189
800188
800187
800186
800185
800184
800183
800182
800181
800180
800179
800178
800177
800176
800175
800174
800173
800172
800171
800170
800169
800168
800167
800166
800165
800164
800163
800162
800161
800160
800159
800158
800157
800153
800152
800151
800150
800149
800148
800147
800146
800145
800144
800142
800141
800140
800137
800134
800133
800132
800131
800130
800129
800128
800126
800125
800124
800123
800122
800121
800120
800119
800118
800117
800116
800115
800113
800112
800111
800110
800109
800106
800105
800102
800101
800095
800094
800091
800089
800088
800079
800077
800074
800073
800071
800069
800068
800067
800066
800064
800063
800062
800060
800059
800058
800057
800056
800055
800054
800053
800052
800050
800049
800048
800047
800046
800045
800044
800043
800042
800041
800040
800039
800038
800037
800036
800035
800034
800032
800029
800028
800025
800023
800022
800021
800020
800019
800018
800017
800016
800015
800014
800013
800012
800011
800010
800009
800008
800007
800006
800005
800004
800003
800002
800001
799996
799984
799983
799982
799981
799980
799979
799978
799977
799976
799975
799974
799973
799972
799971
799970
799969
799968
799960
799957
799956
799954
799949
799947
799946
799945
799944
799943
799940
799939
799938
799937
799926
799927
799928
799929
799930
799931
799932
799934
799935
799936
799933
799925
799924
799923
799922
799921
799920
799919
799918
799917
799916
799915
799914
799913
799912
799911
799910
799909
799908
799907
799906
799904
799903
799902
799900
799899
799898
799897
799896
799895
799894
799893
799892
799891
799890
799888
799887
799886
799885
799884
799883
799881
799880
