731265
731292
731293
731295
731294
731263
731264
731287
731273
731270
731393
731341
731338
731584
731358
731368
731392
731505
731542
731346
731587
731528
731333
731327
731323
731325
731394
731291
731357
731340
731335
731322
731560
731506
731339
731324
731549
731507
731367
731315
731332
731586
731537
731313
731334
731337
731329
731326
731504
731289
731290
731288
731536
731224
731309
731364
731390
731429
731454
731480
731351
731354
731187
731186
731191
731352
731575
731574
731572
731571
731568
731570
731569
731567
731564
731563
731562
731561
731559
731558
731557
731556
731555
731554
731553
731552
731551
731550
731548
731545
731544
731543
731539
731541
731540
731538
731535
731534
731533
731532
731531
731530
731529
731527
731526
731525
731524
731523
731522
731412
731411
731410
731409
731407
731406
731405
731404
731403
731402
731401
731521
731520
731519
731518
731517
731516
731515
731514
731513
731512
731511
731510
731509
731508
731422
731421
731420
731419
731418
731416
731415
731414
731400
731399
731398
731353
731188
731185
731183
731190
731175
731379
731378
731181
731184
731189
731176
731177
731619
731618
731617
731616
731615
731614
731613
731612
731611
731610
731609
731608
731607
731606
731605
731604
731603
731602
731600
731598
731596
731595
731594
731593
731592
731591
731590
731589
731588
731585
731583
731582
731581
731580
731579
731578
731577
731576
731573
731546
731503
731502
731501
731500
731499
731498
731497
731496
731495
731494
731493
731492
731491
731490
731489
731488
731487
731486
731485
731484
731483
731481
731479
731478
731477
731476
731475
731474
731473
731471
731470
731469
731468
731467
731466
731465
731464
731463
731462
731461
731460
731459
731458
731457
731455
731453
731452
731451
731450
731449
731448
731447
731446
731445
731444
731443
731442
731441
731440
731439
731438
731437
731435
731434
731432
731431
731430
731428
731427
731426
731425
731424
731423
731413
731408
731397
731396
731391
731389
731388
731387
731385
731384
731383
731382
731381
731380
731377
731376
731375
731374
731373
731372
731371
731370
731369
731366
731365
731363
731362
731360
731359
731350
731349
731218
731217
731216
731215
731214
731213
731212
731211
731210
731209
731208
731207
731206
731205
731204
731203
731202
731201
731200
731199
731198
731197
731348
731347
731345
731344
731343
731342
731336
731331
731330
731328
731321
731320
731319
731318
731317
731316
731314
731312
731311
731310
731308
731307
731306
731305
731304
731303
731302
731301
731300
731299
731298
731297
731296
731286
731285
731284
731283
731282
731281
731280
731279
731278
731277
731276
731275
731274
731272
731271
731269
731268
731267
731266
731262
731261
731260
731259
731258
731257
731256
731255
731254
731253
731252
731251
731250
731249
731248
731247
731246
731245
731244
731227
731228
731229
731231
731232
731233
731234
731235
731236
731238
731239
731240
731241
731242
731243
731237
731230
731226
731225
731223
731222
731221
731220
731219
731196
731195
731194
731193
731192
731182
731180
731179
731178
731174
731173
731172
731171
