797981
798027
798028
797801
797803
797874
797905
797953
798088
798184
797918
798100
798067
798054
798021
798017
798004
797956
798013
798002
797952
797950
797961
797960
797958
797949
797946
798022
798015
798001
797951
797947
797945
797943
798012
797999
797948
797944
798120
798119
798129
798130
798118
798117
798116
798115
798114
798113
798112
798110
798109
798108
798134
798107
798106
798105
798104
798103
798102
798101
798147
798145
798144
798146
798140
798139
797957
797954
797884
797821
797826
797822
797823
797820
798189
798188
798187
798185
798183
798182
798180
798179
798178
798177
798176
798175
798174
798141
798138
798173
798172
798171
798170
798169
798168
798167
798166
798165
798164
798163
798162
798161
798160
798159
798158
798157
798156
798155
798154
798153
798152
798151
798143
798150
798149
798148
798142
798137
798136
798135
798133
798131
798128
798127
798126
798125
798124
798123
798122
798121
798099
798098
798097
798095
798094
798092
798091
798090
798089
798087
798086
798085
798084
798083
798082
798081
798080
798079
798078
798077
798076
798075
798074
798073
798072
798071
798070
798069
798068
798066
798065
798064
798063
798062
798061
798060
798058
798057
798056
798055
798052
798051
798050
798049
798048
798047
798046
798045
798043
798042
798041
798039
798038
798037
798036
798035
798034
798033
798032
798031
798030
798029
798026
798025
798024
798023
798020
798019
798018
798016
798014
798011
798010
798008
798007
798005
798003
798000
797998
797987
797988
797989
797990
797991
797992
797993
797994
797995
797996
797997
797985
797986
797984
797983
797982
797980
797979
797978
797977
797976
797975
797974
797973
797972
797971
797970
797969
797968
797967
797966
797965
797964
797963
797962
797959
797955
797942
797941
797940
797939
797938
797937
797936
797935
797934
797933
797932
797931
797930
797929
797928
797927
797926
797925
797924
797923
797922
797921
797920
797919
797917
797916
797915
797914
797913
797912
797911
797910
797909
797908
797907
797906
797904
797902
797901
797900
797899
797898
797897
797896
797895
797894
797893
797892
797891
797890
797889
797888
797887
797886
797885
797883
797882
797881
797880
797879
797878
797877
797876
797875
797873
797872
797870
797869
797868
797867
797866
797865
797864
797863
797862
797861
797860
797859
797858
797857
797856
797855
797854
797853
797852
797849
797848
797847
797846
797845
797844
797843
797842
797841
797840
797839
797838
797837
797836
797835
797834
797833
797832
797831
797830
797829
797828
797827
797825
797824
797819
797818
797817
797816
797815
797814
797813
797812
797811
797810
797809
797808
797807
797806
797805
797804
797802
797800
797799
797798
797797
797795
797794
797793
797792
797791
797790
797789
797788
797787
797786
797785
797784
797783
797782
797781
797779
797778
797777
797776
797775
797774
797773
797772
797771
797770
797769
797768
797767
797766
797765
797764
797763
797762
797761
797760
797759
797758
