732343
732336
732505
732494
732282
732280
732497
732498
732307
732301
732479
732491
732503
732292
732285
732342
732339
732276
732340
732302
732344
732287
732279
732305
732266
732291
732492
732288
732300
732284
732337
732281
732341
732303
732304
732278
732293
732289
732264
732271
732439
732440
732441
732442
732589
732590
732591
732592
732593
732594
732130
732131
732168
732322
732329
732379
732596
732504
732502
732588
732587
732586
732585
732584
732583
732582
732581
732580
732579
732578
732577
732576
732575
732574
732573
732572
732571
732570
732569
732568
732567
732566
732565
732564
732563
732547
732546
732545
732544
732543
732542
732541
732540
732539
732538
732537
732536
732535
732534
732533
732532
732531
732530
732529
732528
732527
732526
732525
732524
732523
732522
732521
732520
732519
732518
732517
732516
732515
732514
732513
732364
732363
732362
732361
732358
732357
732356
732354
732353
732352
732350
732234
732233
732232
732231
732230
732229
732228
732227
732226
732225
732224
732221
732220
732219
732218
732217
732216
732215
732214
732213
732212
732211
732507
732506
732466
732463
732496
732495
732493
732459
732501
732500
732486
732485
732210
732209
732208
732207
732206
732205
732204
732203
732202
732201
732200
732199
732198
732196
732195
732194
732193
732192
732326
732601
732600
732599
732490
732489
732598
732597
732595
732562
732561
732471
732456
732455
732560
732559
732558
732557
732556
732555
732554
732553
732552
732551
732550
732549
732548
732512
732511
732510
732509
732508
732499
732488
732487
732484
732483
732482
732481
732480
732478
732477
732476
732475
732474
732473
732472
732470
732469
732468
732467
732465
732464
732462
732461
732460
732458
732457
732454
732453
732452
732451
732450
732449
732448
732447
732446
732445
732444
732443
732438
732437
732436
732435
732434
732433
732432
732431
732430
732429
732428
732427
732426
732425
732424
732423
732422
732421
732420
732419
732418
732417
732416
732415
732414
732413
732412
732411
732409
732408
732407
732406
732405
732402
732401
732400
732399
732396
732395
732394
732393
732392
732391
732390
732389
732387
732386
732385
732384
732383
732382
732381
732380
732378
732377
732376
732375
732374
732373
732372
732371
732370
732369
732368
732367
732366
732365
732360
732359
732355
732351
732349
732348
732347
732346
732338
732335
732334
732333
732332
732331
732330
732328
732327
732325
732324
732323
732321
732320
732319
732318
732317
732316
732315
732314
732313
732312
732311
732310
732309
732308
732306
732298
732297
732296
732295
732294
732290
732286
732283
732277
732275
732274
732273
732272
732270
732269
732268
732267
732265
732263
732262
732261
732260
732259
732258
732257
732255
732254
732253
732252
732251
732250
732249
732248
732247
732246
732245
732244
732243
732242
732241
732240
732239
732238
732237
732236
732235
732223
732222
732197
732191
732190
732189
732188
732187
732186
732185
732184
732183
732182
732181
732180
732179
732178
732177
732176
732175
732174
732173
732172
732171
732170
732169
732167
732166
732165
732164
732163
732162
732161
732160
732159
732158
732157
732156
732155
732154
732153
732152
732151
732150
732149
732148
732147
732146
732145
732144
732143
732142
732141
732140
732139
732138
732137
732136
732135
732134
732133
732132
732129
732128
732127
732126
732124
732122
732121
732120
732119
732118
732117
732116
732115
732114
732113
732112
732111
732110
732109
732108
732107
732106
732105
732104
732103
732102
732101
732100
732099
732098
