819790
819796
819789
819798
819794
819856
819843
819836
819819
819809
819795
819699
819885
819811
819807
819802
819784
819772
819607
819791
819792
819799
819785
819842
819835
819818
819806
819801
819810
819797
819771
819721
819706
819659
819532
819538
819723
819702
819619
819855
819841
819834
819817
819808
819805
819800
819783
819633
819632
819682
819678
819631
819769
819658
819560
819565
819719
819707
819704
819611
819635
819681
819676
819680
819718
819705
819618
819700
819634
819630
819609
819657
819679
819677
819640
819574
819861
819853
819897
819895
819894
819893
819892
819891
819890
819889
819888
819883
819882
819881
819880
819879
819878
819877
819876
819875
819872
819870
819869
819867
819860
819859
819858
819857
819854
819852
819851
819850
819849
819848
819847
819846
819845
819844
819833
819832
819831
819830
819829
819828
819827
819826
819825
819822
819821
819820
819816
819815
819814
819812
819804
819803
819793
819788
819787
819786
819578
819579
819782
819781
819780
819779
819778
819777
819776
819775
819774
819773
819768
819767
819766
819765
819764
819763
819762
819761
819760
819759
819758
819757
819756
819755
819753
819752
819751
819750
819749
819748
819747
819746
819745
819744
819743
819742
819741
819738
819737
819735
819734
819733
819732
819730
819729
819722
819720
819717
819716
819715
819714
819713
819712
819711
819710
819709
819708
819703
819701
819698
819697
819696
819695
819694
819693
819692
819691
819690
819689
819688
819687
819686
819685
819683
819675
819674
819673
819672
819671
819670
819669
819668
819667
819666
819665
819664
819663
819662
819661
819660
819656
819655
819654
819653
819652
819651
819650
819649
819648
819647
819646
819645
819644
819643
819642
819641
819639
819638
819637
819636
819629
819628
819627
819626
819625
819624
819623
819622
819621
819620
819617
819616
819615
819614
819613
819612
819610
819608
819606
819604
819603
819602
819601
819600
819599
819598
819597
819596
819595
819594
819580
819581
819590
819589
819588
819587
819586
819585
819582
819583
819584
819577
819576
819575
819573
819572
819571
819570
819569
819568
819567
819564
819563
819562
819561
819559
819558
819557
819556
819555
819554
819553
819552
819551
819550
819549
819548
819547
819546
819545
819544
819543
819542
819541
819540
819539
819537
819536
819535
819534
819533
819531
819530
819529
819528
819527
819526
819525
819524
819523
819522
819521
819520
819519
819518
819517
