804060
804059
804029
804027
804026
804025
803975
804023
804043
804020
804022
804018
804036
804021
804024
804230
804195
804187
804178
804193
804177
804164
804183
804157
804150
804145
804202
804207
804219
804155
804146
804235
804196
804192
804188
804173
804217
804209
804190
804147
804162
804152
804198
804226
804167
804158
804214
804204
804180
804179
804201
804222
804203
804197
804186
804182
804166
804163
804156
804148
804191
804185
804165
804161
804154
804149
804119
804262
804105
804301
803972
804084
804082
804080
804379
804083
803974
804081
803973
804378
804377
804376
804375
804374
804373
804372
804370
804369
804368
804367
804366
804365
804364
804363
804362
804361
804360
804359
804358
804357
804356
804355
804354
804353
804352
804351
804350
804349
804348
804346
804345
804344
804343
804341
804339
804338
804337
804336
804335
804334
804333
804332
804331
804330
804329
804328
804327
804326
804325
804324
804323
804322
804321
804320
804319
804318
804317
804316
804315
804314
804313
804312
804311
804310
804309
804308
804307
804306
804305
804304
804303
804302
804300
804299
804298
804296
804295
804294
804293
804292
804291
804290
804289
804288
804287
804286
804285
804284
804283
804282
804281
804280
804279
804278
804277
804274
804273
804272
804271
804270
804268
804267
804266
804265
804264
804263
804261
804260
804259
804258
804257
804256
804255
804254
804253
804252
804251
804250
804249
804248
804247
804246
804245
804244
804243
804242
804241
804240
804239
804238
804237
804236
804234
804233
804232
804231
804229
804228
804227
804225
804224
804223
804221
804220
804218
804216
804215
804213
804212
804211
804210
804208
804205
804200
804199
804194
804189
804184
804181
804176
804175
804174
804172
804171
804170
804169
804168
804160
804159
804153
804151
804144
804143
804142
804141
804140
804139
804138
804137
804136
804135
804134
804133
804132
804131
804130
804129
804128
804127
804126
804125
804124
804123
804122
804121
804120
804118
804117
804116
804115
804114
804112
804111
804110
804109
804108
804107
804106
804104
804103
804102
804101
804100
804099
804098
804097
804096
804095
804094
804093
804092
804091
804090
804089
804088
804087
804086
804085
804079
804078
804077
804076
804075
804071
804070
804069
804068
804067
804065
804066
804064
804063
804062
804061
804058
804057
804056
804055
804054
804052
804051
804050
804049
804048
804047
804046
804045
804044
804041
804040
804039
804038
804042
804037
804035
804034
804033
804032
804031
804030
804028
804019
804017
804016
804015
804014
804013
804012
804011
804010
804009
804008
804007
804006
804005
804004
804003
804002
804001
804000
803999
803998
803997
803996
803995
803994
803993
803992
803991
803990
803989
803988
803987
803986
803985
803984
803983
803982
803981
803980
803979
803978
803977
803976
803971
803970
803969
803968
803967
803966
803965
803964
803963
803962
803961
