842239
841519
842327
842328
841751
841497
842282
842299
842309
842275
842319
842331
842317
842276
842349
842346
842343
842322
842277
842283
842286
842302
841968
841953
841943
841902
841897
841887
842323
841875
841869
841848
841838
841785
841784
842330
842318
842296
841738
841712
841710
841708
841706
841653
841702
841704
841700
841698
841696
841692
841690
841694
841770
841755
841688
841686
841684
841678
841680
841682
841662
841666
841668
841672
841674
841676
842321
842291
842305
842278
842342
841669
841689
841691
841703
841711
842348
842345
841945
841667
841660
842289
841899
841942
841967
841864
841772
841878
842320
841886
841895
841841
841831
841709
841707
841705
841701
841699
841673
841695
841697
841683
841693
841685
841679
841677
841675
841687
841681
841664
842355
842311
842310
842298
842572
842573
842571
842569
842568
842565
842563
842554
842553
842552
842549
842546
842544
842531
842529
842526
842523
842521
842514
842512
842510
842509
842508
842506
842503
842501
842500
842499
842498
842497
842496
842495
842494
842493
842491
842490
842489
842488
842487
842486
842485
842483
842482
842481
842479
842478
842477
842475
842473
842472
842471
842470
842466
842462
842461
842460
842459
842456
842455
842454
842453
842452
842451
842447
842444
842434
842429
842425
842423
842410
842407
842406
842405
842404
842402
842398
842395
842394
842393
842391
842390
842389
842388
842386
842385
842384
842383
842382
842381
842380
842379
842378
842365
842362
842360
842570
842567
842562
842561
842560
842559
842558
842557
842556
842555
842551
842550
842548
842547
842545
842543
842542
842541
842539
842538
842537
842536
842533
842532
842530
842528
842527
842524
842522
842519
842518
842517
842516
842515
842513
842511
842507
842505
842504
842502
842492
842484
842480
842476
842469
842468
842467
842465
842464
842463
842458
842457
842448
842446
842443
842442
842441
842440
842439
842438
842437
842436
842435
842433
842432
842431
842428
842427
842426
842424
842422
842421
842420
842419
842418
842417
842416
842414
842413
842412
842411
842409
842408
842403
842401
842400
842399
842397
842396
842392
842387
842374
842376
842375
842373
842372
842371
842370
842369
842368
842367
842366
842377
842364
842363
842361
842359
842358
842357
842356
842354
842353
842352
842351
842350
842347
842344
842341
842340
842339
842338
842337
842336
842335
842334
842333
842329
842326
842325
842324
842316
842315
842314
842313
842312
842308
842307
842306
842304
842303
842301
842300
842297
842294
842293
842292
842290
842288
842295
842287
842285
842284
842281
842280
842279
842274
842273
842272
842271
842270
842269
842268
842267
842266
842265
842264
842263
842262
842261
842260
842259
842258
842257
842256
842255
842254
842253
842252
842251
842250
842249
842248
842247
842246
842245
842244
842243
842242
842241
842240
842238
842237
842236
842235
842234
842233
842232
842231
842230
842229
842228
842227
842226
842225
842224
842223
842222
842221
842220
842219
842218
842217
842216
842215
842214
842213
842212
842211
842210
842209
842208
842207
842206
842205
842204
842203
842202
842201
842200
842199
842198
842197
842196
842195
842194
842193
842192
842191
842190
842189
842188
842187
842186
842185
842184
842183
842182
842181
842180
842179
842178
842177
842176
842175
842174
842173
842172
842171
842170
842169
842168
842167
842166
842165
842164
842163
842162
842161
842160
842159
842158
842157
842156
842155
842154
842153
842152
842151
842150
842149
842148
842147
842146
842145
842144
842143
842142
842141
842140
842139
842138
842137
842136
842135
842134
842133
842132
842131
842130
842129
842128
842127
842126
842125
842124
842123
842122
842121
842120
842119
842118
842117
842116
842115
842114
842113
842112
842111
842110
842109
842108
842107
842106
842105
842104
842103
842102
842101
842100
842099
842098
842097
842096
842095
842094
842093
842092
842091
842090
842089
842088
842087
842086
842085
842084
842083
842082
842081
842080
842079
842078
842077
842076
842075
842074
842073
842072
842071
842070
842069
842068
842067
842066
842065
842064
842063
842062
842061
842060
842059
842058
842057
842056
842055
842054
842053
842052
842051
842050
842049
842048
842047
842046
842045
842044
842043
842042
842041
842040
842039
842038
842037
842036
842035
842034
842033
842032
842031
842030
842029
842028
842027
842026
842025
842024
842023
842022
842021
842020
842019
842018
842017
842016
842015
842014
842013
842012
842011
842010
842009
842008
842007
842006
842005
842004
842003
842002
842001
842000
841999
841998
841997
841996
841995
841994
841993
841992
841991
841990
841989
841988
841987
841986
841985
841984
841983
841982
841981
841980
841979
841978
841977
841976
841975
841974
841973
841972
841971
841970
841969
841966
841965
841964
841963
841962
841961
841960
841959
841958
841957
841956
841955
841954
841952
841951
841950
841949
841948
841947
841946
841944
841941
841939
841938
841937
841936
841935
841934
841933
841932
841931
841930
841928
841927
841926
841925
841924
841923
841922
841921
841920
841919
841918
841750
841917
841916
841915
841914
841913
841912
841911
841910
841909
841907
841906
841905
841904
841903
841901
841898
841896
841894
841892
841891
841889
841888
841885
841884
841883
841882
841881
841880
841879
841876
841874
841873
841872
841871
841870
841868
841867
841863
841862
841861
841860
841859
841858
841857
841856
841855
841854
841853
841852
841851
841850
841849
841847
841846
841845
841844
841843
841842
841840
841839
841837
841836
841835
841834
841833
841832
841830
841829
841828
841827
841826
841825
841824
841823
841822
841821
841820
841819
841818
841817
841816
841815
841814
841813
841812
841811
841810
841809
841808
841807
841806
841805
841804
841803
841802
841801
841800
841799
841798
841797
841796
841795
841794
841793
841792
841791
841790
841789
841788
841787
841786
841783
841782
841781
841780
841779
841778
841777
841776
841775
841774
841773
841771
841769
841768
841767
841766
841765
841764
841763
841762
841761
841760
841759
841758
841757
841756
841754
841753
841752
841749
841748
841747
841746
841745
841744
841743
841742
841741
841740
841739
841737
841736
841735
841734
841733
841732
841731
841730
841729
841728
841727
841726
841725
841724
841723
841722
841721
841720
841719
841717
841716
841715
841714
841713
841670
841665
841663
841661
841659
841658
841657
841656
841655
841654
841652
841651
841650
841649
841648
841647
841646
841645
841644
841643
841642
841641
841640
841639
841638
841637
841636
841635
841634
841633
841632
841631
841630
841629
841628
841627
841626
841624
841623
841622
841621
841620
841619
841618
841617
841616
841615
841614
841613
841612
841611
841610
841609
841608
841607
841606
841605
841604
841602
841601
841600
841599
841598
841596
841595
841594
841593
841592
841591
841590
841589
841588
841587
841586
841585
841584
841583
841582
841581
841580
841579
841578
841577
841576
841575
841574
841572
841571
841570
841568
841567
841566
841565
841564
841563
841562
841561
841560
841559
841558
841557
841556
841555
841554
841553
841552
841551
841550
841548
841547
841546
841545
841544
841543
841542
841541
841540
841539
841538
841537
841536
841535
841534
841533
841532
841531
841530
841529
841528
841527
841526
841525
841524
841522
841521
841520
841517
841516
841515
841514
841513
841512
841511
841510
841509
841508
841507
841506
841505
841504
841503
841502
841501
841500
841499
841498
841496
841495
841494
841493
841492
841491
841490
841489
841488
841487
841486
841485
841480
841479
841478
841476
841475
841473
841472
841471
841469
