904869
904868
904844
904839
904825
904863
904861
904833
904829
904823
904858
904879
904877
904638
904640
904642
904637
904636
904634
904633
904632
904536
904535
904534
904859
904873
904689
904687
904602
904575
904548
904653
904654
904655
904656
904657
904767
904761
904644
904613
904819
904857
904862
904765
904759
904756
904755
904606
904822
904760
904754
904645
904611
904763
904762
904612
904864
904646
904817
904753
904758
904752
904757
904610
904693
904692
904691
904790
904781
904750
904749
904778
904789
904867
904866
904865
904856
904855
904854
904853
904851
904850
904849
904848
904847
904846
904845
904843
904842
904841
904840
904838
904837
904836
904835
904774
904773
904834
904832
904831
904830
904828
904827
904824
904818
904816
904815
904796
904795
904792
904791
904788
904780
904776
904772
904771
904770
904769
904751
904748
904747
904745
904744
904742
904741
904814
904813
904811
904810
904799
904798
904797
904793
904794
904783
904782
904779
904777
904746
904743
904740
904739
904738
904878
904876
904481
904482
904881
904880
904875
904874
904870
904808
904807
904806
904805
904804
904803
904802
904801
904800
904787
904786
904785
904784
904775
904768
904766
904764
904737
904736
904735
904734
904733
904732
904731
904730
904729
904728
904727
904726
904725
904724
904719
904718
904717
904715
904714
904711
904710
904709
904708
904707
904706
904705
904704
904703
904702
904701
904700
904699
904698
904697
904696
904695
904690
904688
904686
904685
904684
904683
904682
904681
904680
904679
904678
904677
904676
904675
904674
904673
904672
904671
904670
904669
904668
904667
904666
904665
904664
904663
904662
904661
904660
904659
904652
904651
904650
904649
904648
904647
904643
904641
904639
904631
904630
904629
904628
904627
904625
904624
904623
904622
904621
904620
904619
904618
904617
904616
904615
904609
904608
904607
904605
904604
904603
904601
904600
904599
904598
904597
904596
904595
904594
904593
904592
904591
904590
904589
904588
904587
904586
904585
904584
904583
904582
904581
904580
904579
904578
904577
904576
904574
904573
904572
904571
904570
904569
904568
904567
904566
904565
904564
904563
904562
904561
904560
904559
904558
904557
904556
904555
904554
904552
904551
904550
904549
904547
904546
904544
904543
904542
904540
904539
904538
904537
904533
904532
904529
904528
904527
904526
904525
904524
904523
904522
904521
904520
904518
904517
904516
904515
904513
904512
904511
904510
904509
904508
904507
904506
904505
904504
904503
904502
904501
904500
904499
904498
904497
904496
904489
904488
904487
904486
904480
904479
904478
904477
904476
904475
904474
