941814
941813
941812
941953
941659
941960
941959
941958
941956
941955
941966
941965
941962
941961
941945
941944
941943
941749
941751
941752
941753
941758
941759
941760
941761
941762
941764
941765
941766
941767
941772
941774
941940
941939
941937
941935
941934
941933
941932
941931
941930
941929
941928
941927
941926
941925
941924
941923
941922
941921
941920
941919
941918
941917
941916
941915
941914
941913
941911
941910
941902
941901
941900
941899
941898
941897
941896
941895
941894
941893
941892
941887
941886
941885
941884
941882
941880
941879
941878
941877
941876
941875
941874
941873
941872
941871
941870
941866
941865
941863
941861
941860
941858
941856
941855
941854
941853
941852
941851
941850
941849
941848
941847
941845
941844
941843
941842
941840
941839
941837
941835
941834
941833
941832
941831
941830
941829
941828
941827
941826
941825
941824
941823
941822
941821
941804
941789
941802
941808
941805
941798
941799
941809
941797
941796
941795
941794
941793
941811
941819
941820
941791
941790
941818
941817
941816
941815
941810
941806
941803
941801
941800
941792
941788
941787
941786
941785
941784
941773
941771
941770
941769
941768
941763
941757
941756
941755
941754
941750
941748
941746
941745
941744
941743
941742
941741
941740
941739
941738
941737
941736
941735
941734
941733
941732
941731
941730
941729
941728
941727
941726
941725
941724
941723
941722
941721
941720
941719
941718
941717
941716
941715
941714
941713
941712
941711
941710
941709
941708
941707
941706
941705
941704
941703
941702
941701
941700
941699
941698
941697
941696
941695
941694
941693
941691
941690
941687
941686
941685
941684
941683
941682
941681
941680
941679
941678
941677
941676
941675
941674
941673
941672
941671
941670
941669
941668
941667
941666
941665
941663
941662
941661
941660
