916619
916182
916407
916408
916434
916280
916752
916742
916740
916737
916729
916660
916657
916653
916493
916488
916479
916474
916425
916419
916751
916768
916730
916472
916468
916807
916745
916739
916783
916750
916471
916490
916478
916476
916741
916736
916728
916748
916470
916492
916477
916423
916421
916491
916473
916424
916420
916808
916815
916810
916809
916469
916467
916734
916475
916422
916417
916803
916632
916802
916599
916635
916432
916431
916428
916429
916374
916318
916319
916320
916634
916633
916597
916275
916274
916273
916272
916271
916267
916268
916282
916283
916284
916270
916269
916266
916265
916264
916263
916262
916261
916260
916258
916257
916256
916255
916254
916252
916251
916250
916249
916248
916246
916811
916373
916372
916371
916370
916369
916368
916367
916365
916364
916362
916826
916363
916361
916360
916359
916358
916357
916356
916355
916354
916353
916352
916351
916827
916245
916244
916243
916242
916804
916805
916350
916349
916348
916347
916346
916345
916344
916343
916342
916341
916340
916339
916338
916337
916336
916335
916334
916806
916650
916333
916332
916331
916330
916329
916328
916327
916325
916324
916323
916322
916321
916830
916829
916828
916825
916824
916821
916820
916819
916818
916817
916816
916814
916813
916812
916801
916800
916799
916798
916797
916796
916795
916794
916793
916792
916791
916790
916789
916788
916787
916786
916785
916784
916782
916781
916780
916779
916778
916777
916776
916775
916774
916773
916772
916771
916770
916769
916767
916766
916765
916764
916763
916762
916761
916760
916759
916758
916757
916756
916755
916754
916753
916749
916747
916746
916744
916743
916738
916735
916733
916732
916731
916727
916726
916725
916724
916723
916722
916721
916720
916719
916718
916717
916716
916715
916714
916713
916712
916711
916710
916709
916708
916707
916706
916705
916704
916703
916702
916701
916700
916699
916698
916697
916696
916695
916694
916693
916692
916691
916690
916689
916688
916687
916686
916685
916684
916683
916682
916681
916680
916679
916678
916677
916676
916675
916674
916673
916672
916671
916670
916669
916668
916667
916666
916665
916664
916663
916662
916661
916658
916656
916655
916654
916594
916586
916585
916584
916583
916581
916580
916652
916651
916649
916648
916647
916646
916645
916644
916643
916642
916641
916640
916639
916638
916637
916636
916631
916628
916627
916626
916625
916616
916615
916614
916613
916612
916611
916610
916609
916608
916607
916606
916605
916604
916603
916602
916601
916600
916598
916595
916593
916592
916589
916588
916582
916579
916578
916577
916576
916575
916574
916573
916572
916571
916569
916568
916567
916566
916565
916564
916563
916562
916561
916560
916559
916558
916557
916556
916554
916553
916551
916548
916547
916546
916545
916544
916543
916540
916537
916536
916535
916534
916533
916532
916531
916530
916529
916528
916527
916526
916523
916522
916521
916520
916519
916518
916517
916516
916515
916514
916513
916512
916511
916510
916509
916508
916507
916506
916505
916504
916503
916502
916501
916500
916499
916498
916497
916496
916495
916494
916489
916487
916486
916485
916484
916483
916482
916481
916480
916466
916465
916463
916462
916461
916460
916459
916458
916457
916456
916455
916454
916453
916452
916451
916450
916449
916448
916447
916446
916445
916444
916443
916442
916441
916440
916439
916438
916437
916436
916435
916433
916430
916427
916426
916416
916415
916414
916413
916412
916411
916410
916409
916406
916405
916404
916403
916224
916223
916222
916221
916402
916401
916400
916399
916398
916397
916396
916395
916394
916393
916392
916391
916388
916387
916386
916383
916382
916381
916380
916379
916375
916326
916317
916316
916315
916314
916313
916312
916311
916310
916300
916299
916298
916297
916296
916295
916294
916292
916291
916290
916289
916288
916287
916286
916285
916281
916279
916278
916277
916276
916259
916253
916247
916241
916240
916239
916238
916237
916236
916235
916234
916233
916231
916230
916229
916228
916227
916220
916219
916218
916217
916216
916215
916214
916213
916212
916211
916210
916208
916209
916207
916206
916205
916204
916203
916202
916201
916200
916199
916198
916197
916196
916194
916193
916192
916191
916190
916189
916188
916187
916186
916181
916180
916179
916178
916176
916174
916173
916172
916171
916170
916169
916168
916167
916166
916165
916164
916163
916162
916161
916160
916159
916158
916157
916156
916155
916154
916153
916152
916151
916150
916149
916148
916147
