754576
754570
754577
754805
754858
754814
754806
754802
754798
754800
754797
754804
754722
754721
754717
754796
754801
754813
754856
754724
754716
754713
754710
754704
754703
754720
754715
754712
754811
754723
754803
754799
754794
754719
754628
754627
754626
754625
754624
754623
754622
754621
754706
754705
754718
754711
754572
754912
754786
754784
754632
754600
754694
754695
754733
754734
754751
754768
754769
754888
754904
754633
754779
754773
754755
754754
754757
754908
754909
754752
754750
754574
754879
754878
754877
754762
754763
754765
754767
754772
754914
754913
754911
754910
754905
754903
754902
754901
754899
754898
754897
754896
754895
754894
754892
754891
754890
754664
754889
754663
754665
754666
754662
754661
754660
754659
754886
754883
754882
754881
754880
754876
754875
754874
754873
754872
754871
754870
754869
754868
754867
754866
754865
754864
754863
754862
754861
754860
754859
754857
754855
754853
754851
754850
754849
754848
754847
754846
754845
754844
754843
754842
754841
754840
754839
754838
754837
754836
754835
754834
754833
754832
754831
754828
754827
754826
754825
754824
754823
754822
754821
754820
754819
754818
754817
754816
754815
754658
754657
754812
754810
754809
754808
754807
754795
754793
754792
754791
754790
754789
754788
754787
754785
754783
754782
754780
754778
754777
754776
754775
754774
754771
754766
754764
754761
754760
754759
754758
754756
754753
754748
754747
754746
754745
754744
754743
754741
754740
754739
754738
754737
754735
754732
754731
754730
754729
754728
754727
754726
754725
754569
754714
754709
754708
754707
754702
754701
754700
754699
754698
754697
754696
754693
754692
754691
754690
754689
754688
754687
754686
754685
754684
754683
754682
754681
754680
754679
754678
754677
754676
754675
754674
754673
754672
754671
754670
754669
754668
754667
754656
754655
754654
754653
754652
754651
754649
754648
754647
754646
754645
754644
754643
754642
754641
754639
754635
754634
754629
754620
754619
754615
754614
754613
754612
754611
754610
754609
754608
754607
754606
754605
754604
754603
754602
754601
754599
754598
754597
754596
754595
754594
754593
754592
754591
754590
754589
754588
754580
754581
754582
754583
754584
754585
754587
754586
754579
754578
754575
754573
754571
754568
