914964
914983
914982
914979
914978
914989
915180
915270
915290
915444
915441
915531
915527
915526
915523
915522
915517
915513
915494
915483
915481
915480
915479
915469
915455
915454
915451
915449
915473
915471
915458
915457
915453
915450
915505
915465
915456
915459
915442
915478
915470
915467
915452
915446
915518
915507
915501
915462
915499
915447
915476
915474
915445
915436
915434
915433
915432
915431
915430
915425
915424
915422
915420
915418
915413
915409
914930
914929
915171
915166
915164
915161
915141
915138
915136
915135
915061
915044
915039
915037
915429
915421
915419
915417
915416
915134
915492
915521
915511
915482
915468
915463
915460
915448
915440
915415
915414
915052
915035
915410
915412
915133
915142
915160
915408
915406
915403
915402
915401
915400
915411
915056
915049
915042
915132
915159
915140
915063
915047
915043
914928
914927
914932
914931
914909
914895
914903
914916
914915
914920
914919
915169
915165
915163
915158
915139
915137
915131
915059
915040
915045
915034
914924
914923
914912
914905
914904
914900
914899
915321
914906
914907
914908
915115
914934
914933
915117
914914
914913
915119
915009
915005
915003
915002
915013
915333
915340
915329
915320
915299
915016
915023
915025
915026
914926
914925
914922
914921
914911
914910
915118
915116
914902
914901
914918
914917
914898
914896
914894
914892
915579
915582
915581
915580
915578
915577
915575
915572
915570
915568
915566
915564
915563
915562
915561
915560
915557
915554
915553
915552
915551
915550
915549
915548
915547
915546
915545
915544
915543
915542
915541
915540
915539
915538
915537
915535
915534
915532
915529
915528
915525
915524
915520
915516
915515
915512
915510
915509
915504
915502
915498
915496
915486
915484
915477
915475
915472
915466
915464
915461
915443
915439
915438
915437
915435
915428
915427
915426
915423
915407
915405
915404
915399
915398
915397
915396
915395
915394
915393
915391
915390
915389
915388
915387
915385
915384
915383
915382
915381
915380
915379
915378
915377
915376
915375
915374
915373
915372
915371
915370
915369
915368
915367
915366
915365
915364
915363
915362
915361
915360
915359
915358
915357
915356
915355
915354
915353
915352
915351
915350
915349
915348
915347
915346
915345
915344
915343
915341
915338
915337
915336
915335
915332
915331
915330
915328
915327
915326
915325
915324
915323
915322
915319
915318
915317
915316
915315
915314
915313
915312
915311
915310
915309
915308
915307
915306
915305
915304
915303
915302
915301
915300
915298
915297
915296
915295
915294
915293
915292
915291
915289
915288
915287
915286
915285
915284
915283
915282
915281
915280
915279
915278
915277
915276
915275
915274
915273
915272
915271
915269
915268
915267
915266
915265
915262
915261
915260
915258
915257
915256
915255
915254
915253
915252
915251
915250
915249
915248
915247
915246
915245
915244
915243
915242
915241
915240
915239
915238
915237
915236
915235
915234
915233
915232
915231
915230
915228
915226
915225
915224
915223
915222
915221
915219
915218
915217
915216
915215
915214
915212
915210
915207
915206
915204
915203
915202
915201
915200
915199
915198
915197
915196
915195
915194
915193
915192
915191
915190
915189
915188
915187
915186
915185
915184
915183
915182
915181
915179
915178
915177
915176
915175
915174
915173
915172
915170
915168
915167
915162
915157
915156
915155
915154
915153
915152
915151
915150
915149
915148
915147
915146
915145
915144
915143
915130
915129
915128
915127
915126
915125
915124
915123
915122
915121
915120
915114
915113
915112
915111
915110
915109
915108
915107
915106
915105
915104
915103
915102
915100
915099
915098
915097
915096
915095
915094
915093
915092
915091
915090
915089
915088
915087
915086
915085
915084
915083
915082
915081
915080
915079
915078
915077
915076
915075
915073
915072
915071
915070
915068
915067
915066
915062
915060
915058
915057
915055
915054
915050
915048
915046
915041
915038
915036
915033
915032
915031
915030
915029
915028
915027
915015
915014
915012
915011
915010
915008
915007
915006
915004
915001
915000
914999
914998
914997
914996
914995
914994
914993
914992
914991
914987
914986
914985
914981
914977
914976
914975
914974
914973
914972
914971
914970
914969
914968
914967
914966
914965
914963
914962
914961
914960
914959
914958
914957
914956
914955
914953
914952
914951
914950
914949
914948
914947
914946
914945
914944
914943
914941
914940
914939
914938
914937
914936
914935
914891
