919456
919455
919454
919322
919321
919320
919319
919318
919276
919272
919271
919267
919266
919265
919264
919249
919248
919247
919246
919245
919244
919227
919226
919223
919222
919221
919220
919219
919215
919214
919213
919212
919211
919208
919207
919206
919205
919440
919439
919204
919203
919202
919201
919200
919199
919198
919197
919173
919171
919170
919169
919168
919167
919166
919165
919163
919161
919160
919159
919156
919155
919154
919153
919151
919148
919147
919146
919145
919142
919141
919140
919139
919138
919136
919135
919134
919133
919132
919131
919130
919129
919128
919127
919126
919446
919445
919125
919124
919123
919122
919121
919120
919112
919111
919110
919348
919375
919406
919365
919363
919109
919362
919366
919367
919374
919373
919308
919309
919312
919345
919371
919364
919477
919461
919465
919458
919473
919466
919462
919468
919467
919460
919469
919472
919470
919475
919474
919196
919195
919194
919193
919192
919191
919190
919189
919188
919187
919186
919184
919183
919182
919185
919494
919493
919492
919491
919490
919486
919485
919451
919450
919437
919434
919433
919432
919431
919430
919429
919428
919425
919424
919423
919422
919421
919420
919419
919418
919417
919416
919415
919414
919413
919412
919411
919410
919409
919408
919407
919400
919399
919398
919397
919396
919395
919393
919392
919391
919390
919389
919388
919387
919386
919385
919384
919383
919382
919381
919380
919379
919378
919377
919376
919372
919370
919369
919368
919361
919360
919359
919358
919357
919356
919355
919354
919353
919352
919351
919350
919349
919347
919346
919343
919342
919341
919340
919339
919338
919337
919336
919335
919334
919333
919332
919330
919329
919328
919327
919326
919325
919324
919323
919316
919315
919314
919313
919310
919307
919306
919305
919304
919303
919302
919301
919300
919299
919297
919296
919295
919294
919293
919291
919290
919289
919288
919287
919286
919285
919284
919283
919282
919278
919274
919273
919268
919263
919262
919261
919260
919259
919258
919257
919253
919252
919251
919250
919240
919239
919238
919237
919236
919235
919234
919232
919230
919229
919228
919218
919217
919209
919181
919180
919178
919177
919176
919175
919174
919172
919157
919144
919143
919137
919119
919118
919117
919116
919115
919114
919113
