929641
929640
929639
929638
929637
929636
929661
930118
930109
930123
930122
930089
930088
930087
930083
929853
929934
929931
929926
930104
930101
930085
930079
930075
930111
930115
929935
929930
929928
930048
930052
930058
930057
930051
930054
930050
930056
930113
930082
930114
929933
929929
929925
930055
930046
929852
929932
929927
929924
929812
929811
929671
929670
929838
929832
929831
929829
929824
929823
929822
929821
929820
929807
929799
929798
929837
929836
929834
929828
929819
929818
929817
929808
929806
929805
929804
929803
929802
929801
929800
929797
929796
929795
929794
929793
929791
929787
929767
929766
929765
929764
929763
929761
929760
929759
929790
929789
929788
929814
929813
929635
930030
930035
930095
929854
929655
929654
929653
929652
929784
929783
929782
929649
929647
929665
929664
929669
929668
929666
929646
929644
930173
930172
930171
930170
930169
930168
930167
930166
930165
930164
930163
930162
930161
930160
930159
930158
930157
930156
930155
930154
930153
930152
930151
930150
930149
930148
930147
930146
930145
930144
930143
930142
930141
930140
930139
930138
930137
930136
930135
930134
930133
930132
930131
930130
930129
930128
930127
930126
930125
930124
930121
930120
930119
930117
930116
930112
930110
930108
930107
930106
930105
930103
930102
930100
930099
930098
930097
930096
930094
930093
930092
930091
930090
930086
930084
930081
930080
930078
930074
930072
930071
930069
930068
930067
930066
930065
930064
930063
930062
930061
930060
930059
930053
930049
930047
930045
930044
930043
930041
930042
930040
930039
930038
930037
930036
930034
930033
930032
930031
930029
930028
930027
930026
930025
930024
930023
930022
930021
930020
930019
930009
930012
930010
930013
930018
930017
930016
930015
930014
930011
930008
930007
930006
930005
930004
930003
930001
929999
929998
929997
929994
929993
929992
929991
929990
929989
929984
929983
929982
929981
929980
929979
929978
929974
929973
929971
929970
929969
929968
929967
929966
929964
929961
929956
929955
929953
929952
929950
929948
929946
929945
929943
929941
929940
929939
929938
929937
929936
929882
929879
929923
929922
929921
929920
929919
929918
929917
929916
929915
929914
929913
929912
929911
929910
929909
929908
929907
929884
929905
929896
929875
929876
929877
929900
929897
929857
929858
929870
929885
929867
929866
929874
929872
929861
929860
929859
929864
929863
929889
929888
929886
929878
929865
929868
929862
929904
929903
929902
929901
929899
929898
929895
929894
929893
929892
929891
929890
929887
929883
929881
929880
929873
929871
929869
929855
929851
929850
929849
929848
929847
929846
929845
929844
929843
929842
929841
929839
929830
929815
929810
929809
929785
929780
929779
929778
929777
929776
929775
929774
929773
929772
929771
929770
929769
929768
929762
929758
929757
929752
929751
929750
929748
929747
929746
929744
929743
929741
929716
929715
929714
929713
929712
929711
929710
929709
929708
929707
929706
929705
929704
929703
929700
929699
929698
929695
929694
929693
929692
929691
929690
929688
929687
929686
929685
929684
929683
929682
929681
929680
929679
929678
929675
929658
929651
929650
929643
929642
929634
929631
929629
929628
929627
