873522
873185
873184
873376
873330
873327
873288
873242
873266
873375
873307
873300
873240
873228
873336
873333
873296
873294
873292
873263
873230
873227
873295
873226
873222
873208
873224
873457
873456
873454
873447
873453
873449
873439
873435
873463
873462
873461
873460
873459
873458
873455
873451
873450
873448
873445
873441
873436
873443
873442
873438
873437
873418
873417
873414
873412
873410
873409
873407
873406
873405
873423
873422
873420
873419
873434
873337
873505
873144
873143
873142
873141
873140
873139
873138
873137
873136
873335
873334
873332
873331
873329
873328
873324
873323
873322
873321
873318
873317
873316
873521
873520
873519
873518
873517
873516
873515
873514
873513
873512
873511
873510
873509
873508
873507
873506
873504
873498
873497
873496
873495
873494
873493
873492
873491
873490
873489
873488
873487
873485
873484
873483
873482
873481
873480
873479
873478
873477
873476
873475
873474
873473
873472
873469
873468
873467
873466
873465
873464
873452
873446
873444
873440
873433
873432
873431
873430
873429
873428
873427
873426
873425
873424
873421
873416
873415
873413
873411
873408
873404
873403
873402
873401
873400
873399
873398
873397
873396
873395
873394
873393
873392
873391
873390
873389
873388
873387
873386
873385
873384
873383
873382
873381
873380
873379
873378
873377
873374
873373
873372
873371
873370
873369
873368
873367
873366
873365
873364
873363
873362
873361
873360
873359
873358
873357
873356
873355
873354
873353
873350
873349
873348
873347
873346
873345
873344
873343
873342
873341
873340
873339
873338
873326
873325
873320
873315
873314
873313
873312
873311
873310
873309
873308
873306
873305
873304
873303
873302
873301
873299
873298
873297
873293
873291
873290
873289
873287
873286
873285
873284
873283
873282
873281
873280
873279
873278
873277
873276
873275
873274
873273
873272
873271
873270
873268
873267
873265
873264
873262
873261
873260
873257
873256
873255
873254
873253
873252
873251
873250
873249
873248
873247
873246
873245
873244
873243
873241
873239
873237
873236
873235
873234
873233
873232
873231
873229
873225
873221
873220
873219
873218
873217
873216
873215
873214
873213
873212
873211
873210
873209
873207
873206
873204
873203
873202
873201
873200
873199
873198
873197
873196
873195
873194
873193
873192
873191
873190
873189
873188
873187
873186
873183
873182
873181
873180
873179
873178
873177
873176
873175
873174
873173
873172
873171
873170
873169
873167
873165
873164
873163
873162
873161
873160
873159
873158
873157
873156
873155
873154
873153
873152
873151
873150
873149
873148
873147
873146
873145
873135
