943718
943717
943716
943715
943714
943675
943672
943654
943653
943652
943651
943650
943649
943648
943644
943638
943635
943633
943721
943722
943723
943724
943725
943726
943727
943728
943729
943730
943731
943732
943733
943734
943735
943736
943737
943738
943739
943740
943741
943742
943743
943744
943745
943747
943757
943756
943755
943753
943752
943750
943748
943720
943719
943710
943709
943708
943697
943696
943695
943694
943693
943692
943691
943690
943689
943688
943687
943686
943685
943681
943680
943679
943677
943674
943673
943670
943669
943668
943667
943665
943664
943663
943662
943661
943658
943647
943646
943645
943643
943636
943634
943631
943630
943629
943628
943627
943625
943624
943623
943622
943621
943619
943618
943617
943616
943615
943614
943613
943612
943611
943610
943609
943608
943605
943604
943603
943602
943601
943600
943599
943598
943597
943596
943595
943594
943593
943592
943591
943590
943589
943588
943587
943586
943585
943584
943583
943582
943581
943579
943578
943576
943573
943572
943571
943567
943566
943565
943563
943562
943560
943559
943558
943557
943555
943554
943553
943552
943551
943550
943549
943548
943547
943546
943545
943544
943543
943540
943539
943538
943537
943536
943535
943534
943533
943532
943531
943530
943529
943528
943527
943526
943525
943524
943521
943517
943516
943515
943514
943513
943512
943511
943510
943509
943508
943507
943506
943505
943504
943503
943502
943501
943470
943479
943500
943499
943460
943448
943494
943498
943467
943453
943497
943496
943495
943461
943462
943450
943446
943457
943456
943447
943449
943468
943469
943451
943484
943452
943445
943444
943443
943442
943441
943440
943439
943438
943437
943436
943435
943434
943433
943432
943431
943430
943429
943428
943427
943426
943425
943424
943423
943422
943421
943420
943419
943418
943417
943416
943415
943414
943413
943412
943409
943408
943407
943406
943405
943404
943403
943402
943401
943400
943399
943398
943397
943396
943395
943394
943393
943392
943390
943389
943388
943387
943386
943385
943384
943383
943382
943381
943380
943378
943372
943371
943367
943368
943369
943370
943363
943364
943365
943366
943362
943361
943360
943359
943358
943357
943356
943355
943354
943353
943350
943349
943348
943347
943346
943345
943344
943343
943342
943341
943340
943339
943338
943337
943336
943335
943334
943333
943332
943331
943330
943329
943328
943327
943326
943325
943324
943323
943322
943321
943320
