894929
894928
894927
894942
894947
894976
894977
894973
894972
894990
894989
894988
894985
894981
894949
894948
894966
894971
894965
894964
894975
894963
894955
894946
894945
894944
894943
894950
894899
894900
894906
894892
894904
894908
894857
894859
895055
895056
895057
894912
894910
894902
894903
894901
895261
895264
895074
895185
895021
895233
895124
895221
895198
895085
895030
895236
895019
895026
895063
895073
895080
895119
895197
895222
895029
895064
895072
895079
895117
895017
895217
895196
895235
895020
895218
895190
895115
895084
895068
895062
895027
895083
895061
895069
895173
895219
895016
895172
895060
895220
895078
895216
895171
895067
895059
895076
895018
895066
895015
895058
895025
894895
894896
894897
894898
895223
895224
895225
895227
895229
895231
894987
894962
894961
894960
894876
894893
895287
895210
895194
895193
895163
895162
895187
895186
895212
895211
895166
895206
895205
895204
895169
895168
895160
895156
895184
895157
895189
895188
894959
895165
895159
895192
895191
895200
895199
895155
895154
895209
895164
895158
895183
895182
895181
894958
894956
894930
895180
895179
895178
895195
895339
895337
895336
895335
895334
895333
895332
895331
895330
895329
895328
895327
895326
895325
895324
895323
895322
895321
895320
895319
895318
895317
895316
895315
895314
895313
895312
895311
895309
895308
895307
895306
895305
895304
895303
895302
895301
895300
895299
895298
895297
895296
895295
895294
895292
895290
895289
895288
895286
895285
895284
895283
895282
895281
895280
895279
895278
895277
895276
895275
895274
895273
895272
895271
895270
895269
895268
895267
895266
895265
895263
895262
895260
895259
895258
895257
895256
895255
895254
895253
895252
895251
895250
895249
895248
895247
895246
895245
895244
895243
895242
895241
895240
895239
895238
895237
895234
895232
895230
895228
895226
895215
895214
895213
895203
895202
895201
895177
895176
895175
895174
895167
895207
895170
895161
895153
895152
895151
895150
895149
895148
895147
895146
895145
895144
895143
895142
895141
895140
895139
895138
895137
895136
895135
895134
895133
895132
895131
895130
895128
895127
895126
895125
895123
895122
895121
895120
895118
895116
895114
895110
895109
895108
895107
895105
895104
895103
895102
895101
895100
895098
895097
895096
895095
895093
895092
895091
895090
895089
895087
895086
895082
895081
895077
895075
895071
895070
895065
895054
895053
895051
895052
895050
895049
895048
895047
895046
895045
895044
895043
895042
895041
895040
895039
895038
895037
895036
895035
895034
895033
895032
895031
895028
895024
895023
895022
895013
895012
895011
895007
895004
895001
895000
894998
894997
894996
894995
894994
894993
894992
894991
894986
894984
894983
894982
894980
894979
894978
894974
894970
894969
894968
894967
894954
894953
894952
894951
894941
894939
894938
894937
894936
894935
894934
894933
894932
894931
894922
894926
894925
894923
894921
894920
894919
894918
894917
894916
894915
894914
894913
894909
894905
894894
894891
894890
894889
894888
894887
894886
894885
894884
894883
894882
894881
894880
894879
894878
894877
894875
894874
894873
894872
894871
894870
894869
894868
894867
894865
894864
894863
894862
894861
894860
894858
894856
894855
894854
894853
894852
894851
