832737
832594
832283
832285
832286
832287
832290
832325
832466
832489
832533
832714
832715
832750
832177
832467
832493
832205
832198
832202
832197
832376
832346
832579
832468
832456
832206
832200
832347
832302
832578
832471
832397
832418
832470
832455
832377
832345
832301
832208
832203
832199
832343
832342
832298
832297
832375
832341
832207
832201
832718
832717
832742
832733
832731
832648
832650
832614
832465
832464
832632
832669
832668
832666
832665
832661
832660
832643
832641
832640
832638
832630
832613
832608
832605
832604
832252
832254
832766
832745
832772
832664
832663
832658
832656
832645
832642
832639
832637
832636
832633
832631
832612
832611
832609
832607
832603
832601
832600
832599
832598
832153
832156
832157
832158
832159
832162
832163
832759
832760
832761
832762
832763
832764
832765
832768
832769
832770
832771
832773
832774
832775
832758
832757
832755
832754
832753
832752
832751
832749
832748
832747
832746
832744
832743
832741
832740
832739
832738
832736
832735
832734
832732
832730
832729
832727
832726
832725
832724
832723
832721
832716
832713
832712
832711
832710
832709
832708
832707
832706
832705
832704
832703
832702
832701
832700
832699
832698
832697
832696
832695
832694
832693
832692
832691
832690
832689
832688
832687
832686
832685
832684
832683
832682
832681
832680
832679
832678
832677
832667
832662
832659
832657
832655
832644
832634
832635
832629
832628
832610
832606
832602
832597
832654
832653
832652
832651
832647
832646
832627
832626
832625
832624
832623
832622
832621
832620
832619
832618
832596
832595
832593
832592
832591
832590
832589
832588
832587
832586
832585
832584
832582
832581
832580
832557
832559
832561
832577
832576
832422
832575
832574
832573
832572
832571
832570
832569
832568
832567
832566
832565
832564
832563
832558
832560
832562
832556
832555
832554
832553
832552
832551
832550
832549
832548
832546
832545
832544
832543
832541
832540
832539
832538
832537
832536
832535
832534
832532
832531
832530
832529
832528
832527
832526
832524
832523
832522
832521
832520
832519
832518
832517
832516
832515
832514
832513
832512
832511
832510
832507
832506
832505
832504
832503
832502
832501
832500
832499
832497
832496
832495
832494
832492
832491
832490
832488
832487
832486
832484
832483
832482
832481
832479
832478
832477
832476
832475
832474
832473
832472
832469
832463
832462
832461
832460
832459
832458
832457
832454
832453
832452
832451
832450
832449
832448
832447
832446
832445
832444
832443
832442
832425
832426
832427
832428
832429
832430
832431
832432
832434
832435
832437
832439
832440
832441
832424
832423
832421
832420
832419
832417
832416
832415
832378
832380
832381
832383
832385
832387
832388
832389
832391
832392
832396
832399
832400
832403
832404
832405
832409
832410
832411
832412
832413
832414
832408
832407
832406
832402
832401
832398
832395
832394
832393
832390
832386
832384
832382
832379
832374
832373
832364
832368
832369
832372
832371
832370
832367
832365
832363
832362
832361
832360
832359
832358
832357
832356
832355
832354
832353
832352
832351
832350
832349
832348
832344
832340
832339
832338
832337
832336
832335
832334
832333
832332
832331
832330
832329
832328
832327
832326
832324
832323
832322
832321
832319
832318
832317
832316
832315
832314
832312
832311
832310
832309
832308
832307
832306
832305
832304
832303
832300
832299
832296
832295
832294
832293
832292
832291
832289
832288
832284
832282
832281
832280
832279
832278
832277
832276
832275
832274
832273
832272
832271
832270
832269
832268
832267
832266
832265
832264
832263
832262
832261
832260
832259
832258
832257
832256
832255
832253
832251
832250
832249
832248
832247
832246
832245
832244
832243
832242
832241
832240
832239
832238
832237
832236
832235
832234
832233
832232
832231
832230
832229
832228
832227
832226
832225
832224
832223
832222
832221
832216
832215
832214
832212
832211
832210
832209
832196
832195
832193
832190
832189
832188
832187
832186
832185
832184
832183
832182
832181
832180
832179
832178
832176
832175
832174
832173
832172
832171
832170
832169
832168
832167
832166
832165
832164
832161
832160
832155
832154
832152
832151
832150
832127
832128
832129
832130
832131
832132
832133
832134
832135
832136
832137
832139
832140
832141
832142
832143
832144
832145
832146
832147
832148
832149
832138
