732068
732026
732020
732018
731867
731749
732030
732024
732036
731884
732019
731740
731751
731731
732027
731755
731747
731738
731757
731748
732028
731736
732022
731866
731869
732033
732029
732025
731745
731865
732021
731754
731732
731737
731746
731753
731742
731734
731674
731675
731676
731677
731684
731683
731682
731681
731680
731679
731678
731664
731663
731662
731725
731729
731650
731649
731648
731647
731670
731669
731667
731666
731659
731658
731657
731880
731727
731661
731660
731720
731735
731721
731692
731710
731711
731741
731822
731872
731907
731915
732000
732097
731656
731655
731714
731739
731756
731730
731743
731767
731828
731728
731654
731653
731652
731827
731826
731825
731824
731823
731821
731820
731819
731818
731817
731816
731815
731814
731813
731812
731811
731810
731809
731808
731807
731806
731805
731804
731801
731800
731799
731798
731797
731796
731795
731793
731792
731790
731789
731788
731787
731786
731784
731783
731781
731779
731778
731776
731775
731774
731773
731750
731752
731772
731771
731770
731768
731863
731861
731689
731688
731645
731644
731646
732096
732095
732094
732091
732090
732089
732088
732087
732086
732085
732084
732082
732081
732080
732079
732078
732077
732076
732075
732074
732073
732072
732071
732069
731642
731641
731640
732067
732066
732065
732064
732063
732062
732061
732060
732059
732058
732057
732056
732055
732054
732053
732052
732051
732050
732049
732048
732047
732046
732045
732044
732043
732042
732041
732040
732039
732038
732037
732035
732034
732031
732023
732017
732016
732014
732013
732012
732011
732010
732009
732008
732007
732006
732005
732004
732003
732002
732001
731999
731998
731997
731996
731995
731994
731993
731992
731991
731990
731989
731988
731987
731986
731985
731984
731983
731982
731981
731980
731979
731978
731977
731976
731975
731974
731973
731972
731971
731970
731969
731968
731967
731966
731965
731964
731963
731962
731961
731960
731959
731958
731957
731956
731955
731954
731953
731952
731951
731950
731949
731948
731947
731946
731945
731944
731943
731942
731941
731940
731939
731938
731937
731936
731935
731934
731933
731932
731931
731930
731928
731926
731924
731923
731922
731921
731920
731919
731918
731917
731916
731914
731912
731911
731910
731909
731908
731906
731905
731904
731903
731902
731901
731900
731899
731898
731897
731896
731895
731893
731892
731891
731890
731889
731887
731885
731883
731882
731881
731879
731878
731877
731876
731875
731874
731873
731871
731870
731868
731864
731862
731860
731859
731858
731857
731856
731854
731853
731852
731851
731850
731849
731848
731847
731846
731845
731844
731843
731842
731841
731840
731839
731838
731837
731836
731835
731834
731833
731832
731831
731830
731829
731803
731802
731794
731791
731782
731785
731780
731777
731769
731766
731765
731764
731763
731762
731761
731760
731759
731758
731632
731631
731726
731724
731723
731722
731719
731718
731717
731716
731715
731713
731712
731709
731708
731707
731706
731705
731704
731703
731702
731701
731699
731698
731697
731695
731694
731693
731691
731687
731686
731685
731673
731672
731671
731668
731665
731651
731643
731639
731636
731635
731634
731633
731630
731629
731628
731627
731626
731625
731624
731623
731622
731621
731620
