879696
879694
879809
880023
880025
880027
880028
880030
880031
880032
880033
879734
879720
879713
879718
879715
879758
879733
879728
879712
879704
879701
879731
879729
879699
879721
879706
879716
879719
879732
879726
879708
879703
879698
879724
879730
879714
879710
879727
879707
879723
879859
879722
879711
879617
879618
879620
879709
879705
879702
879700
879671
879667
879666
879841
879836
879828
879672
879661
879664
879663
879936
879935
879934
879933
879932
879931
879929
880018
879918
879899
879895
879797
879893
879830
879665
879662
879660
879622
879623
879842
879835
879831
879827
879823
879822
880017
879900
879906
879907
879840
879838
879833
879832
879826
879824
879673
879670
879669
879944
879943
879950
879949
879621
879619
879942
879941
879938
879937
879940
879939
880116
880115
880114
880113
880112
880109
880108
880107
880104
880105
880106
880103
880102
880101
880100
880099
880098
880097
880096
880095
880094
880093
880092
880091
880090
880089
880088
880087
880086
880085
880084
880083
880082
880081
880079
880078
880077
880076
880075
880074
880073
880072
880071
880070
880069
880068
880067
880066
880065
880063
880062
880061
880060
880059
880058
880057
880056
880055
880054
880053
880052
880051
880050
880049
880048
880047
880046
880045
880044
880043
880042
880041
880040
880039
880038
880037
880036
880035
880034
880029
880026
880024
880022
880021
880020
880019
880016
880015
880014
880013
880012
880011
880010
880009
880008
880007
880005
880003
880001
880000
879998
879997
879996
879995
879994
879993
879992
879991
879990
879989
879988
879987
879986
879985
879984
879983
879982
879981
879980
879979
879978
879977
879976
879975
879974
879973
879972
879971
879970
879969
879968
879967
879966
879965
879964
879963
879962
879960
879959
879958
879957
879956
879955
879954
879953
879952
879951
879948
879947
879946
879945
879930
879928
879927
879926
879925
879924
879923
879922
879921
879920
879919
879917
879916
879915
879914
879780
879778
879777
879776
879775
879913
879912
879911
879910
879909
879908
879905
879904
879903
879902
879901
879898
879897
879894
879892
879891
879890
879889
879887
879886
879885
879884
879883
879882
879881
879880
879879
879878
879876
879875
879874
879873
879872
879871
879870
879869
879868
879867
879866
879865
879863
879862
879861
879860
879858
879857
879856
879855
879854
879853
879852
879851
879850
879849
879848
879847
879846
879845
879844
879843
879839
879837
879834
879829
879825
879821
879820
879819
879818
879817
879816
879815
879814
879813
879812
879811
879810
879808
879807
879806
879805
879804
879803
879802
879801
879800
879799
879798
879796
879795
879794
879793
879792
879791
879790
879789
879788
879787
879786
879785
879784
879783
879782
879781
879779
879774
879773
879772
879771
879770
879769
879768
879767
879766
879765
879764
879763
879762
879761
879760
879759
879755
879754
879753
879752
879751
879750
879749
879748
879747
879746
879745
879744
879743
879742
879741
879740
879739
879738
879737
879736
879735
879725
879697
879695
879693
879692
879690
879689
879688
879687
879686
879685
879684
879683
879682
879681
879680
879679
879678
879677
879676
879675
879674
879656
879657
879658
879659
879668
879655
879654
879653
879652
879651
879650
879649
879648
879647
879646
879645
879644
879642
879641
879640
879639
879638
879637
879636
879635
879634
879633
879632
879631
879630
879629
879628
879627
879626
879625
879624
879616
879615
879614
879613
879612
879611
879610
879609
879608
879607
879606
879605
879604
879603
879602
879601
