836605
836608
836649
836584
836449
836394
836600
836393
836582
836365
836450
836391
836392
836585
836448
836648
836390
836388
836440
836446
836529
836535
836553
836660
836542
836330
836324
836333
836328
836543
836338
836322
836325
836329
836497
836490
836487
836486
836323
836326
836334
836335
836310
836308
836540
836673
836672
836671
836670
836669
836668
836667
836666
836665
836664
836663
836662
836661
836659
836658
836657
836656
836655
836654
836653
836652
836651
836650
836640
836634
836626
836625
836386
836647
836646
836645
836644
836643
836642
836641
836639
836637
836636
836635
836633
836632
836631
836630
836629
836627
836624
836623
836622
836621
836620
836619
836618
836617
836616
836615
836614
836613
836612
836611
836610
836609
836607
836604
836603
836602
836601
836598
836597
836596
836595
836594
836593
836592
836591
836590
836589
836587
836586
836583
836581
836580
836579
836578
836577
836576
836575
836574
836573
836572
836571
836570
836569
836568
836567
836566
836565
836564
836563
836562
836561
836560
836559
836558
836557
836556
836555
836554
836552
836551
836550
836549
836548
836547
836546
836545
836544
836541
836539
836538
836537
836536
836534
836533
836532
836531
836528
836527
836526
836525
836524
836522
836521
836519
836518
836517
836515
836514
836489
836488
836485
836484
836512
836510
836509
836508
836507
836506
836505
836504
836503
836502
836501
836500
836499
836498
836496
836495
836494
836493
836492
836491
836483
836482
836481
836480
836479
836478
836477
836476
836475
836474
836472
836471
836470
836469
836468
836467
836466
836473
836465
836464
836463
836462
836460
836459
836458
836457
836456
836455
836454
836453
836452
836451
836447
836445
836444
836443
836442
836441
836439
836438
836437
836436
836435
836434
836433
836432
836431
836430
836429
836428
836427
836426
836425
836424
836423
836422
836421
836420
836419
836418
836417
836416
836415
836414
836413
836412
836411
836410
836408
836406
836405
836404
836403
836402
836401
836400
836399
836398
836397
836396
836395
836389
836387
836384
836383
836382
836381
836380
836379
836378
836377
836376
836375
836374
836373
836372
836370
836369
836368
836367
836366
836364
836361
836360
836359
836358
836357
836356
836354
836353
836352
836351
836350
836349
836348
836347
836346
836345
836344
836343
836342
836341
836340
836339
836337
836336
836332
836331
836327
836321
836320
836319
836318
836317
836316
836315
836314
836313
836312
836311
836309
836307
836306
836305
836304
836303
836302
836300
836299
836298
836297
836296
836295
836294
836293
836292
836291
836290
836289
836288
836287
836286
836285
836284
