921327
921329
921256
921255
921254
921253
921252
921251
921250
921249
921248
921247
921244
921246
921245
921276
921196
921626
921628
921629
921631
921639
921641
921642
921643
921646
921729
921662
921660
921658
921607
921604
921599
921594
921589
921587
921424
921657
921649
921476
921500
921496
921485
921483
921473
921605
921600
921588
921595
921471
921469
921464
921462
921501
921427
921416
921652
921656
921661
921598
921593
921585
921487
921480
921468
921423
921459
921592
921659
921663
921499
921495
921486
921482
921477
921467
921461
921422
921417
921597
921591
921586
921481
921472
921463
921465
921425
921498
921484
921460
921470
921474
921419
921420
921418
921522
921711
921705
921702
921699
921821
921833
921710
921709
921708
921707
921706
921697
921671
921665
921715
921712
921673
921672
921670
921667
921666
921311
921310
921308
921676
921675
921674
921669
921668
921787
921786
921343
921344
921351
921355
921356
921827
921828
921650
921653
921664
921638
921635
921633
921644
921654
921655
921783
921784
921777
921780
921211
921677
921678
921679
921680
921681
921682
921688
921690
921684
921685
921686
921687
921691
921692
921693
921694
921695
921696
921698
921700
921701
921703
921704
921781
921713
921714
921716
921717
921718
921719
921720
921721
921602
921722
921726
921727
921728
921731
921732
921733
921734
921735
921738
921739
921740
921741
921743
921744
921765
921769
921773
921779
921737
921745
921747
921748
921749
921736
921752
921751
921754
921755
921832
921831
921830
921829
921824
921823
921822
921820
921819
921818
921817
921816
921815
921814
921813
921812
921811
921810
921809
921808
921807
921806
921805
921804
921756
921757
921758
921759
921760
921801
921800
921799
921798
921797
921796
921795
921794
921793
921792
921791
921790
921789
921788
921785
921761
921762
921763
921764
921771
921770
921768
921767
921766
921753
921750
921746
921730
921632
921630
921637
921636
921634
921625
921624
921622
921621
921620
921619
921618
921617
921616
921615
921614
921613
921612
921611
921610
921609
921608
921606
921601
921590
921582
921579
921578
921576
921575
921574
921573
921572
921571
921570
921569
921568
921567
921566
921565
921564
921563
921562
921561
921559
921558
921557
921555
921554
921553
921552
921551
921550
921548
921547
921546
921545
921544
921543
921542
921541
921540
921539
921538
921537
921536
921535
921534
921533
921532
921530
921527
921526
921525
921523
921521
921519
921518
921517
921514
921513
921512
921511
921510
921509
921508
921507
921506
921505
921504
921503
921502
921497
921494
921493
921492
921491
921490
921489
921488
921479
921478
921466
921458
921457
921456
921454
921453
921452
921451
921450
921449
921448
921447
921446
921445
921444
921443
921442
921441
921440
921439
921438
921437
921436
921435
921434
921433
921432
921429
921431
921430
921428
921426
921421
921415
921414
921413
921412
921410
921409
921408
921405
921404
921403
921402
921401
921400
921399
921398
921370
921369
921368
921367
921366
921395
921394
921393
921392
921391
921388
921387
921386
921385
921384
921383
921382
921380
921379
921378
921377
921376
921375
921374
921373
921372
921371
921365
921364
921363
921362
921361
921360
921357
921354
921353
921352
921350
921348
921346
921345
921342
921338
921334
921333
921318
921315
921313
921312
921307
921306
921305
921304
921303
921302
921301
921300
921299
921298
921297
921296
921295
921294
921292
921291
921289
921288
921287
921286
921285
921284
921283
921282
921280
921279
921278
921277
921275
921274
921272
921271
921270
921269
921268
921267
921266
921265
921264
921263
921262
921261
921260
921259
921258
921257
921243
921242
921241
921240
921238
921237
921236
921235
921234
921233
921232
921231
921230
921229
921228
921227
921226
921225
921224
921223
921222
921221
921220
921219
921218
921217
921216
921215
921214
921213
921212
921210
921209
921208
921207
921206
921205
921204
921203
921202
921201
921200
921199
921198
921197
921195
921194
921193
921192
921191
921189
921188
921187
921186
