887419
887418
887417
886964
886963
887426
887424
886961
886960
886959
887487
887492
887498
887515
886947
886950
886954
886956
886957
887516
887490
887526
887517
887521
887520
887423
887422
886937
886938
886940
886942
886945
887420
887303
887452
887416
887305
887269
887129
887153
887157
887138
887133
887363
887331
887163
887149
887146
887140
887252
887267
887266
887251
887360
887329
887361
887328
887415
887304
887264
887250
887162
887156
887151
887143
887142
887135
887132
887131
886930
886936
887326
887359
887414
887265
887246
887130
886935
886932
887139
887126
886933
886931
886928
887261
886927
887287
887291
887090
887392
887219
887216
887031
887032
887033
887308
887260
887245
887349
887030
887433
887408
887412
887091
887099
887103
886926
886934
887243
886924
887089
887092
887168
887165
887164
887134
887116
887107
887105
887101
887512
887494
887427
887488
887469
887340
886929
887504
887214
887391
887217
887441
887544
887543
887542
887541
887540
887539
887538
887537
887536
887535
887534
887533
887532
887531
887530
887529
887528
887527
887525
887524
887523
887522
887519
887518
887514
887513
887511
887510
887509
887508
887507
887506
887505
887502
887500
887499
887497
887496
887495
887493
887491
887489
887486
887485
887484
887483
887482
887481
887480
887479
887478
887477
887476
887475
887474
887473
887472
887471
887470
887468
887467
887466
887465
887464
887463
887462
887461
887460
887459
887458
887457
887456
887455
887453
887451
887450
887449
887448
887447
887446
887445
887444
887443
887442
887440
887439
887438
887437
887436
887435
887430
887434
887432
887431
887429
887428
887425
887421
887413
887411
887410
887409
887407
887406
887403
887401
887405
887400
887399
887398
887085
887084
887083
887082
887081
887079
887078
887074
887073
887072
887404
887402
887397
887396
887395
887394
887393
887390
887389
887385
887384
887383
887382
887381
887380
887379
887378
887376
887375
887374
887373
887372
887371
887370
887369
887368
887367
887366
887365
887364
887362
887358
887357
887356
887355
887354
887353
887352
887351
887350
887348
887347
887346
887345
887344
887343
887342
887341
887339
887338
887337
887336
887335
887334
887333
887332
887330
887327
887325
887324
887323
887322
887321
887320
887319
887318
887317
887316
887315
887314
887313
887312
887311
887310
887309
887307
887306
887302
887301
887297
887296
887295
887293
887290
887289
887285
887282
887280
887279
887278
887277
887276
887275
887274
887273
887272
887270
887271
887268
887263
887262
887259
887258
887256
887255
887254
887253
887249
887248
887247
887242
887241
887240
887239
887238
887237
887236
887235
887234
887233
887232
887231
887230
887229
887228
887227
887226
887225
887224
887223
887222
887221
887220
887215
887207
887213
887212
887211
887210
887209
887208
887206
887205
887204
887203
887202
887199
887198
887197
887196
887195
887194
887193
887192
887191
887190
887189
887188
887187
887186
887185
887184
887183
887182
887181
887180
887179
887178
887177
887176
887175
887174
887173
887172
887171
887170
887169
887167
887166
887161
887160
887159
887158
887154
887150
887148
887147
887145
887144
887141
887137
887136
887128
887127
887125
887124
887123
887122
887121
887120
887119
887118
887115
887114
887113
887112
887111
887110
887109
887108
887106
887104
887102
887100
887098
887097
887096
887095
887094
887093
887087
887086
887080
887077
887076
887075
887071
887070
887069
887068
887067
887066
887065
887064
887063
887062
887061
887060
887059
887058
887057
887056
887055
887054
887053
887052
887051
887050
887049
887048
887047
887046
887045
887044
887043
887042
887041
887040
887039
887038
887037
887036
887035
887034
887029
887028
887027
887026
887025
887024
887023
887022
887021
887020
887019
887018
887017
887016
887015
887014
887013
887012
887011
887010
887009
887008
887007
887006
887005
887004
887003
887002
887001
887000
886999
886997
886996
886995
886994
886925
886993
886992
886991
886990
886988
886987
886986
886984
886983
886982
886981
886980
886979
886978
886977
886976
886975
886974
886973
886972
886971
886970
886969
886968
886967
886966
886965
886962
886958
886955
886953
886952
886951
886949
886948
886946
886944
886941
886939
