813603
813605
813602
813576
813574
813559
813550
813545
813540
813490
813570
813555
813468
813577
813549
813600
813543
813537
813479
813564
813568
813235
813233
813506
813503
813502
813489
813487
813486
813238
813236
813237
813234
813274
813276
813278
813293
813292
813295
813281
813283
813296
813297
813285
813287
813355
813284
813282
813286
813288
813203
813202
813228
813227
813277
813275
813579
813575
813572
813215
813247
813248
813259
813260
813382
813454
813455
813460
813516
813544
813557
813566
813567
813590
813591
813592
813593
813594
813665
813666
813667
813716
813715
813714
813713
813712
813711
813709
813708
813707
813706
813705
813703
813702
813701
813700
813699
813698
813697
813696
813695
813694
813693
813692
813691
813690
813688
813687
813686
813685
813684
813683
813682
813681
813680
813679
813678
813676
813675
813673
813672
813671
813670
813669
813664
813663
813662
813661
813659
813658
813657
813656
813655
813654
813653
813652
813651
813650
813649
813648
813647
813645
813644
813643
813642
813641
813640
813639
813637
813636
813635
813634
813633
813632
813631
813630
813629
813628
813627
813626
813625
813624
813623
813622
813621
813620
813619
813617
813616
813615
813614
813613
813612
813611
813610
813609
813606
813604
813599
813598
813597
813596
813595
813589
813588
813587
813586
813585
813584
813581
813580
813578
813571
813563
813562
813561
813560
813558
813554
813553
813551
813547
813546
813542
813541
813539
813538
813536
813535
813534
813533
813532
813531
813530
813529
813528
813527
813526
813525
813524
813523
813522
813521
813520
813519
813518
813517
813515
813514
813513
813512
813511
813510
813509
813507
813505
813504
813501
813500
813499
813498
813497
813496
813495
813494
813493
813492
813491
813488
813485
813484
813482
813481
813480
813477
813476
813475
813474
813473
813472
813471
813469
813467
813466
813465
813464
813463
813462
813461
813459
813458
813457
813456
813453
813452
813451
813450
813449
813448
813447
813446
813445
813444
813443
813442
813441
813440
813439
813438
813437
813436
813435
813434
813401
813400
813399
813398
813397
813395
813394
813393
813392
813391
813390
813389
813388
813387
813386
813385
813384
813383
813381
813380
813379
813378
813365
813358
813354
813352
813350
813349
813348
813347
813346
813345
813344
813343
813342
813341
813340
813339
813338
813337
813336
813335
813333
813332
813331
813330
813329
813328
813327
813326
813324
813323
813321
813320
813318
813316
813315
813314
813312
813311
813310
813294
813291
813290
813289
813280
813279
813273
813272
813271
813270
813269
813267
813265
813263
813262
813261
813258
813257
813256
813254
813251
813249
813246
813245
813244
813243
813242
813241
813239
813232
813231
813230
813229
813226
813225
813224
813223
813222
813221
813220
813219
813218
813217
813216
813214
813213
813212
813210
813208
813207
813206
813205
813201
813200
813204
813199
813198
