752093
752420
752419
752416
752375
752372
752363
752236
752228
752366
752364
752239
752226
752421
752244
752230
752208
752365
752242
752237
752225
752202
752221
752220
752217
752205
752206
752203
752415
752418
752371
752374
752361
752243
752240
752235
752229
752227
752216
752219
752204
752201
752437
752436
752435
752434
752433
752187
752273
752276
752462
752463
752139
752137
752378
752379
752380
752381
752382
752383
752384
752385
752387
752388
752389
752390
752391
752392
752393
752394
752395
752396
752398
752399
752400
752401
752402
752405
752406
752407
752408
752409
752411
752412
752413
752414
752317
752316
752315
752314
752313
752312
752311
752310
752309
752308
752307
752305
752304
752303
752302
752301
752300
752299
752298
752297
752296
752294
752293
752292
752291
752100
752432
752431
752430
752429
752428
752455
752454
752453
752452
752451
752450
752448
752447
752446
752445
752443
752442
752441
752440
752439
752438
752427
752426
752425
752424
752423
752422
752417
752089
752088
752087
752086
752085
752410
752404
752403
752397
752386
752262
752377
752376
752373
752370
752369
752368
752367
752362
752360
752359
752358
752357
752356
752355
752354
752353
752352
752351
752350
752349
752348
752347
752346
752345
752344
752343
752342
752341
752340
752339
752338
752337
752336
752335
752334
752333
752332
752331
752330
752329
752328
752327
752326
752325
752324
752323
752322
752321
752320
752319
752318
752306
752295
752290
752289
752287
752286
752285
752284
752283
752282
752281
752280
752279
752278
752277
752275
752274
752272
752271
752270
752269
752268
752267
752266
752265
752264
752263
752261
752260
752259
752258
752257
752256
752255
752254
752253
752252
752251
752250
752249
752248
752247
752246
752245
752241
752238
752234
752233
752232
752231
752224
752223
752222
752215
752214
752213
752212
752211
752210
752207
752200
752198
752197
752196
752195
752194
752193
752192
752191
752190
752189
752188
752186
752185
752184
752183
752182
752181
752180
752179
752178
752177
752176
752175
752174
752173
752172
752171
752170
752169
752168
752167
752166
752165
752164
752163
752162
752161
752160
752159
752158
752157
752156
752155
752154
752153
752152
752151
752150
752149
752148
752147
752146
752145
752144
752143
752142
752141
752140
752138
752136
752135
752134
752133
752132
752131
752130
752129
752128
752127
752126
752125
752124
752123
752122
752121
752120
752119
752118
752117
752116
752115
752114
752113
752112
752111
752110
752109
752108
752107
752106
752105
752104
752103
752102
752101
752099
752098
752097
752096
752094
752092
752091
752090
752084
752083
752082
752081
752080
752079
752078
752077
752076
752075
752074
752073
752072
752071
752070
752069
752068
752067
752066
752065
752064
752063
752062
752060
752059
752058
752057
752056
