834031
834038
834045
834034
834040
834035
834436
834041
834037
834039
834432
834074
834101
834029
834026
834399
834422
833762
833994
834056
834057
834059
834092
834131
834394
834406
834514
833876
834025
834430
834419
834421
834429
834129
834128
834102
834036
834028
834024
834021
834384
834387
834388
834386
834385
834383
834373
834374
834375
834376
834377
834378
834379
834380
834381
834382
834349
834350
834351
834352
834353
834355
834356
834357
834358
834359
834360
834361
834362
834363
834364
834367
834368
834370
834371
834372
834339
834340
834341
834342
834343
834344
834345
834346
834347
834348
834279
834280
834282
834283
834284
834286
834287
834288
834289
834290
834291
834292
834293
834294
834295
834296
834297
834298
834302
834306
834308
834310
834311
834312
834313
834315
834316
834319
834321
834322
834323
834329
834331
834332
834333
834334
834335
834336
834337
834338
834235
834236
834237
834238
834239
834240
834241
834242
834243
834244
834245
834246
834247
834248
834249
834250
834251
834252
834253
834254
834255
834256
834257
834258
834259
834260
834261
834262
834263
834264
834265
834266
834267
834270
834272
834273
834274
834275
834276
834277
834278
834023
834010
834027
834022
833998
834127
834100
834051
833883
833997
833986
833985
833984
833983
833982
833981
833980
833979
833978
833977
833976
833975
833974
833973
833972
833971
833970
833969
833968
833967
833966
833965
833964
833963
833962
833961
833960
833959
833958
833957
833956
833955
833954
833953
833952
833951
833950
833949
833948
833947
833946
833945
833944
833943
833942
834325
834327
834324
834330
834320
834307
834218
834137
834140
834136
834135
834134
834328
834232
834228
834317
834314
834309
834305
834304
834227
834225
834222
834220
834216
834301
833941
833940
833939
833938
833937
833934
833933
833932
833931
833930
833929
833928
833927
833926
833925
833924
833923
833922
833921
833920
833919
834550
834547
834546
834542
834535
834529
834527
834502
834498
834494
834491
834490
834485
834480
834478
834468
834460
834454
834444
833918
833917
833916
833915
833914
833913
833912
833911
833910
833909
833908
833907
833906
833905
833904
833903
833902
833901
833900
833899
833898
833897
833896
833895
833894
833893
833892
833891
833890
833889
833888
834303
834300
834230
834229
834226
834224
834223
834221
834219
834217
834215
834199
834192
834532
834530
834528
834526
834525
834549
834548
834545
834544
834543
834541
834540
834539
834538
834534
834533
834524
834523
834504
834503
834489
834482
834477
834472
834465
834453
834452
834446
834442
834214
834196
834195
834194
834189
834182
834181
834180
834174
834164
834551
834537
834536
834531
834501
834499
834496
834495
834493
834488
834487
834484
834483
834481
834475
834474
834470
834469
834467
834464
834463
834459
834457
834449
834448
834445
834443
834441
834522
834521
834519
834518
834516
834515
834513
834512
834511
834510
834509
834508
834507
834506
834505
834500
834497
834492
834486
834479
834476
834471
834466
834462
834461
834458
834456
834455
834451
834450
834447
834440
834439
834438
834437
834435
834434
834433
834431
834428
834427
834426
834425
834424
834423
834420
834418
834417
834416
834415
834414
834413
834412
834411
834410
834409
834408
834407
834404
834403
834402
834401
834400
834398
834397
834396
834395
834392
834391
834390
834389
834369
834366
834365
834354
834326
834299
834285
834281
834271
834269
834268
834234
834233
834213
834212
834211
834210
834209
834208
834207
834205
834204
834203
834202
834200
834198
834197
834193
834191
834190
834188
834187
834186
834185
834184
834183
834179
834178
834177
834176
834175
834173
834172
834171
834170
834169
834168
834167
834166
834165
834163
834162
834161
834160
834159
834158
834157
834156
834154
834153
834152
834151
834150
834149
834148
834147
834146
834145
834144
834143
833751
834141
834139
834133
834132
834130
834126
834125
834124
834123
834122
834121
834119
834118
834117
834116
834115
834114
834113
834112
834111
834110
834109
834108
834107
834106
834105
834104
834103
834020
834016
834015
834099
834098
834097
834096
834095
834094
834093
834091
834090
834089
834088
834087
834086
834085
834082
834081
834080
834079
834078
834077
834076
834075
834073
834071
834070
834069
834067
834066
834065
834064
834014
834013
834012
834062
834061
834060
834058
834054
834052
834050
834049
834048
834047
834046
834044
834043
834042
834009
834008
834007
834033
834032
834030
834019
834018
834017
834011
834006
834005
834004
834003
834002
834001
834000
833999
833996
833995
833993
833992
833991
833990
833989
833988
833987
833887
833886
833885
833884
833881
833880
833879
833882
833878
833877
833875
833874
833873
833872
833871
833870
833869
833868
833867
833866
833865
833860
833824
833818
833814
833809
833807
833806
833805
833804
833803
833802
833801
833800
833799
833798
833797
833796
833795
833794
833793
833792
833791
833790
833789
833788
833787
833786
833785
833784
833783
833782
833781
833780
833779
833778
833777
833776
833775
833774
833773
833772
833771
833770
833769
833768
833767
833766
833765
833764
833763
833761
833760
833759
833758
833757
833756
833755
833754
833753
833752
833750
833749
833748
833747
833746
833745
833744
833742
833741
833740
833739
833738
833737
833736
