744823
744615
744613
744610
744608
744809
744842
744822
744821
744637
744633
744632
744625
744624
744607
744606
744824
744843
744808
744634
744627
744622
744696
744695
744643
744677
744679
744604
744601
744603
744640
744639
744638
744631
744621
744611
744619
744635
744614
744612
744599
744602
744609
744605
744678
744628
744623
744600
744436
744455
744456
744435
744431
744734
744735
744736
744737
744763
744798
744867
744866
744865
744864
744863
744862
744861
744860
744859
744858
744856
744855
744854
744853
744852
744851
744850
744849
744848
744847
744846
744845
744844
744830
744835
744840
744839
744841
744837
744836
744834
744838
744831
744832
744833
744829
744828
744827
744819
744818
744816
744815
744814
744813
744812
744811
744810
744807
744806
744805
744804
744803
744802
744801
744800
744799
744797
744796
744795
744794
744793
744792
744791
744790
744789
744788
744787
744786
744785
744784
744697
744698
744699
744700
744701
744702
744703
744704
744705
744706
744707
744708
744710
744783
744782
744781
744780
744779
744778
744777
744776
744775
744774
744773
744771
744770
744769
744768
744767
744766
744765
744764
744762
744761
744760
744759
744758
744757
744756
744755
744754
744753
744751
744750
744749
744748
744747
744746
744745
744744
744743
744742
744741
744740
744739
744738
744733
744732
744731
744730
744729
744728
744727
744726
744725
744724
744723
744722
744721
744720
744719
744718
744717
744716
744715
744714
744713
744712
744711
744709
744483
744484
744485
744486
744487
744488
744489
744490
744491
744492
744493
744494
744495
744496
744497
744498
744499
744500
744501
744502
744503
744504
744505
744506
744507
744508
744509
744510
744511
744512
744513
744514
744515
744516
744517
744518
744519
744520
744521
744522
744523
744524
744525
744526
744527
744528
744529
744530
744694
744693
744692
744691
744690
744689
744688
744687
744686
744685
744684
744683
744682
744681
744680
744676
744675
744674
744673
744672
744671
744670
744669
744668
744667
744666
744665
744664
744663
744662
744661
744660
744659
744658
744656
744655
744654
744653
744652
744651
744650
744649
744648
744647
744646
744645
744644
744642
744641
744636
744630
744629
744626
744620
744618
744617
744616
744598
744597
744596
744595
744594
744593
744592
744591
744590
744589
744588
744587
744586
744585
744584
744583
744582
744581
744580
744579
744578
744531
744532
744533
744534
744535
744536
744537
744538
744539
744540
744541
744542
744543
744544
744545
744546
744547
744548
744549
744550
744551
744552
744553
744554
744555
744556
744557
744558
744559
744560
744561
744562
744563
744564
744565
744566
744567
744568
744569
744570
744577
744576
744575
744574
744573
744572
744571
744471
744472
744473
744474
744475
744476
744477
744478
744479
744480
744481
744482
744470
744469
744468
744467
744465
744464
744463
744462
744461
744460
744459
744458
744457
744454
744453
744452
744451
744450
744449
744448
744447
744446
744445
744444
744443
744442
744441
744440
744439
744437
744434
744433
744432
744430
744429
744428
744427
744426
744425
744424
744423
