914272
914464
914465
914354
914345
914338
914297
914295
914277
914342
914360
914283
914413
914346
914356
914367
914269
914270
914271
914281
914414
914274
914287
914353
914408
914407
914406
914365
914363
914362
914359
914348
914339
914296
914294
914285
914276
914275
914273
914268
914279
914361
914344
914280
914286
914298
914284
914282
914278
914370
914369
914468
914467
914466
914463
914462
914461
914460
914459
914458
914457
914456
914455
914454
914453
914452
914451
914427
914425
914424
914450
914449
914448
914447
914446
914445
914444
914443
914442
914441
914440
914439
914438
914437
914436
914435
914434
914431
914430
914429
914428
914421
914420
914419
914418
914417
914416
914415
914412
914411
914410
914409
914405
914404
914403
914402
914401
914400
914399
914398
914397
914396
914395
914394
914393
914392
914391
914390
914389
914388
914387
914386
914382
914379
914377
914376
914375
914373
914372
914371
914368
914364
914358
914357
914355
914352
914351
914350
914349
914347
914343
914341
914340
914337
914336
914334
914333
914332
914308
914305
914310
914312
914331
914313
914314
914316
914317
914330
914329
914328
914327
914326
914325
914324
914323
914322
914321
914320
914319
914318
914315
914311
914309
914307
914304
914303
914302
914301
914300
914299
914293
914291
914292
914290
914289
914288
914267
914266
914265
914264
914261
914260
914259
914258
914257
914256
914255
914254
914253
914252
914251
914250
914249
914248
914247
914246
914245
914244
914243
914242
914241
914240
914239
914238
914237
914236
914235
914234
914233
914232
914231
914230
914229
914228
914227
914225
914218
914217
914216
914215
914214
914213
914212
914211
914210
914209
914208
914207
914206
914205
914204
914203
914202
914200
914199
914198
914197
914196
914193
914192
914191
914190
914189
914188
