938802
938814
938804
938808
938818
938803
938816
938811
938810
938757
938759
938807
938801
938815
938813
938809
938805
938762
938761
938796
938751
938797
938749
938739
938630
938746
938792
938763
938760
938758
938748
938745
938742
938738
938632
938795
938741
938737
938662
938658
938626
938625
938631
938743
938736
938627
938791
938747
938740
938735
938672
938523
938524
938819
938820
938837
938836
938835
938834
938832
938831
938830
938829
938828
938827
938825
938822
938821
938817
938812
938806
938799
938798
938794
938793
938790
938788
938787
938786
938785
938784
938783
938782
938764
938756
938755
938754
938753
938752
938750
938744
938733
938732
938727
938731
938730
938728
938726
938725
938724
938723
938722
938721
938720
938719
938718
938717
938716
938715
938714
938713
938712
938711
938710
938709
938708
938707
938706
938705
938704
938703
938702
938701
938700
938699
938697
938696
938695
938694
938693
938692
938691
938690
938689
938688
938687
938686
938685
938683
938678
938677
938676
938675
938674
938671
938670
938669
938668
938667
938666
938665
938664
938663
938661
938660
938659
938657
938656
938655
938654
938653
938652
938651
938650
938649
938648
938647
938646
938645
938644
938643
938642
938641
938640
938639
938638
938637
938636
938635
938634
938633
938629
938599
938621
938602
938618
938622
938624
938616
938603
938623
938617
938600
938607
938606
938619
938620
938614
938613
938612
938611
938610
938609
938608
938604
938605
938590
938615
938601
938598
938597
938596
938595
938594
938593
938592
938588
938587
938586
938585
938583
938582
938581
938580
938579
938578
938577
938576
938575
938574
938573
938572
938571
938570
938569
938568
938567
938564
938563
938562
938561
938560
938565
938559
938557
938556
938555
938554
938553
938552
938550
938549
938548
938547
938546
938545
938544
938543
938542
938541
938540
938539
938537
938536
938534
938533
938532
938531
938530
938529
938528
938527
938526
938525
938522
938521
938520
938519
938518
938517
