941115
941109
941007
940998
940992
940991
940988
941047
940953
940949
940946
940963
940962
940961
940960
940955
940954
940951
940948
941014
941013
941012
940987
940981
940976
940990
940972
940971
940970
940968
940967
940945
940944
940943
940950
941049
941045
941038
941178
941177
941175
941174
940889
940890
940892
941223
941183
941044
941043
941042
941041
941040
941192
941191
941076
941190
941189
941002
941248
941242
941241
941230
941227
941209
941208
941207
941206
941201
941196
941193
941188
941187
941185
941179
941156
941155
941154
941170
941166
941165
941164
941163
941162
941161
941153
941151
941150
941149
941148
941147
941145
941143
941141
941108
941107
941106
941105
941103
941102
941101
941100
941099
941098
941097
941096
941095
941094
941093
941091
941089
941088
941083
941080
941077
941075
941074
941071
941070
941069
941068
941067
941066
941063
941062
941061
941060
941059
941058
941057
941056
941055
941054
941053
941052
941051
941046
941039
941037
941036
941035
941034
941032
941031
941029
941028
941027
941026
941025
941024
941023
941022
941021
941019
941010
941011
941006
941005
941004
941001
940941
940939
940952
940993
940999
940984
941000
940974
940959
940957
940937
940997
940995
940994
940973
940956
940936
940935
940934
940986
940983
940982
940979
940978
940977
940969
940966
940965
940958
940942
940940
940933
940932
940931
940930
940929
940928
940927
940926
940925
940924
940923
940922
940921
940920
940919
940918
940917
940915
940914
940913
940916
940912
940910
940909
940908
940907
940905
940904
940903
940902
940901
940900
940899
940898
940897
940896
940895
940894
940893
940891
940888
940876
940875
940872
940886
940884
940883
940882
940881
940879
940877
940874
940873
940871
940870
940869
940868
940867
940866
940865
940864
940863
940862
940861
940860
940859
940858
940857
940856
940855
940854
940853
940852
940851
940850
940849
940848
940847
940846
940845
940844
940843
940842
940841
940840
940839
940837
940831
940830
940829
940828
940827
940826
940825
940824
940823
940822
940821
940820
940819
940818
940817
940816
940815
940814
940813
940812
940811
940810
940809
940808
940807
940806
940805
940804
940803
940802
940801
940800
940799
940798
940797
940796
940795
940794
940793
940792
940791
940790
940789
940788
940787
940786
940785
940784
940783
940782
940781
940780
940778
940777
940776
940775
940774
940772
940771
940770
940768
940767
940766
940765
940764
940763
940762
940760
940759
940758
940757
940755
940754
940753
940752
940751
940750
940749
940748
940747
940746
940745
940744
