795261
795260
795259
795098
795095
794943
795051
795236
795056
795057
795060
795059
795058
795054
795055
795053
795052
795050
795205
795207
795208
795069
795198
795072
795021
795206
795070
795065
795064
795047
795046
795041
795039
795071
795045
795073
794965
794961
794968
794960
795067
795020
795063
795044
794977
794974
794963
794962
795062
795042
795040
795017
794967
794976
794975
795258
795257
795201
795115
795108
794917
795193
795288
795087
795179
794937
794938
794878
794881
794884
794885
794886
795185
795186
795290
795287
795286
795283
795282
795281
795280
795279
795278
795277
795276
795275
795274
795273
795272
795271
795270
795269
795268
795267
795266
795265
795264
795263
795262
795256
795255
795254
795253
795252
795251
795250
795249
795248
795247
795246
795245
795244
795243
795242
795241
795240
795239
795238
795237
795235
795234
795233
795232
795231
795230
795229
795228
795227
795221
795220
795219
795218
795226
795225
795224
795222
795217
795216
795215
795214
795213
795212
795211
795210
795209
795204
795203
795202
795200
795197
795196
795195
795194
795192
795191
795189
795188
795187
795184
795183
795182
795181
795178
795177
795176
795175
795174
795173
795172
795171
795170
795169
795168
795167
795166
795165
795164
795162
795161
795160
795159
795158
795157
795156
795155
795154
795153
795152
795151
795150
795149
795148
795147
795145
795144
795143
795142
795141
795140
795139
795138
795137
795136
795134
795133
795132
795131
795130
795129
795128
795127
795126
795125
795124
795123
795122
795121
795120
795119
795118
795117
795116
795114
795113
795112
795111
795110
795107
795106
795105
795104
795103
795102
795101
795099
795097
795096
795094
795093
795092
795091
795090
795089
795088
795086
795085
795084
795082
795081
795080
795079
795078
795077
795076
795075
795074
795068
795066
795061
795048
795036
795035
795031
795029
795028
795027
795026
795025
795037
795024
795043
795038
795034
795033
795032
795030
795018
795016
795015
795012
795011
795010
795009
795008
795007
795006
795005
795004
795003
795002
795001
794999
794998
794996
794995
794993
794992
794991
794990
794989
794988
794987
794986
794985
794984
794983
794982
794981
794980
794979
794978
794973
794972
794971
794969
794966
794964
794959
794958
794957
794956
794955
794954
794953
794952
794951
794950
794949
794947
794946
794945
794944
794942
794941
794940
794939
794936
794935
794934
794933
794932
794931
794930
794929
794928
794927
794926
794925
794924
794923
794922
794921
794920
794919
794918
794916
794915
794914
794913
794912
794911
794910
794909
794908
794907
794905
794904
794903
794902
794901
794900
794899
794898
794897
794896
794895
794894
794893
794892
794891
794890
794889
794888
794887
794883
794880
794877
794876
794875
794874
794872
794871
794870
794869
794868
794867
794866
