764131
764130
764129
764128
764127
764126
764125
764124
764132
764123
764122
764121
764120
764119
764118
764117
764116
764115
764114
764113
764112
764111
764110
764109
764108
764107
764106
764105
764104
764103
764102
764101
764100
764099
764098
764097
764096
764095
764094
764093
764092
764091
764090
764089
764088
764087
764086
764169
764164
764162
764085
764084
764083
764082
764081
764080
764079
764078
764077
764076
764075
764074
764073
764072
764071
764070
764069
764068
764067
764066
764065
764064
764063
764062
764061
764060
764059
764058
764057
764056
764055
764054
764053
764052
764051
764050
764049
764048
764047
764046
764045
764044
764043
764173
764172
764171
764170
764008
764007
764006
764005
764004
764003
764002
764001
764000
763999
763998
763997
763996
763995
763994
763993
763992
763991
763990
763989
763988
763987
763986
763985
763984
763983
763982
763980
763979
763978
763977
763976
763975
763974
763973
763972
763971
763970
763969
763968
763967
763966
763965
763964
763963
763962
763961
763960
763959
763958
763957
763956
763955
763954
763953
764307
764257
764254
764222
764220
764306
764253
764221
764256
764252
764192
763952
763951
763950
763949
763947
763948
763946
763945
763944
763943
763942
763941
763940
763939
763938
763937
763936
763935
763934
763933
763932
763931
763930
763929
763928
763927
763926
763925
763924
763923
763922
763921
763920
763919
763918
763917
763916
763915
763914
763913
763912
763911
763910
763909
763908
763907
763906
763905
763904
763903
763902
763901
763900
763899
763898
764303
764219
764255
764251
764250
764361
764360
764359
763897
763896
763895
763894
763893
763892
763891
763890
763889
763888
763887
763886
763885
763884
763883
763882
763881
763880
763879
763878
763877
763876
763875
763874
763873
763872
763871
763870
763869
763868
763867
763866
763865
763864
763863
763862
763861
763860
763859
763858
763857
763856
763855
763854
763853
763852
763851
763850
763849
763847
763846
763845
763844
763843
763842
763841
763840
763839
763838
763837
763836
763835
763834
763833
763832
763831
763830
763829
763828
763827
763826
763825
763824
763823
763822
763821
763820
763819
763818
763817
763816
763815
763814
763813
763812
763811
763810
763809
763808
763807
763806
763805
763804
763803
763802
763801
763800
763799
763798
763797
763796
763795
763794
763793
763792
763791
763790
763789
763788
763787
763786
763785
763784
763783
763782
763781
763780
763779
763778
763777
763776
763775
763774
763773
763772
763771
763770
763769
763768
764199
764197
764196
764195
763722
763723
764338
764339
764340
764341
764343
764354
764355
764378
764379
764380
764381
764395
764396
764398
764397
764393
764392
764391
764389
764388
764387
764386
764385
764383
764384
764382
764377
764376
764375
764373
764372
764371
764368
764367
764366
764365
764364
764363
764362
764358
764357
764356
764353
764352
764235
764350
764349
764348
764347
764346
764345
764344
764342
763737
764153
764299
763713
763714
764239
764281
764230
764337
764336
764335
764334
764333
764332
764331
764330
764328
764327
764264
764263
764326
764325
764324
764323
764322
764321
764320
764319
764318
764317
764315
764314
764313
764312
764311
764310
764309
764261
764308
764305
764304
764302
764301
764300
764268
764267
764298
764295
764294
764293
764292
764291
764290
764289
764288
764287
764286
764285
764284
764283
764282
764280
764279
764278
764277
764276
764275
764274
764273
764272
764271
764270
764269
764266
764262
764260
764258
764249
764248
764247
764246
764245
764244
764243
764242
764241
764240
764238
764237
764236
764234
764233
764232
764231
764228
764227
764226
764225
764224
764223
764218
764217
764215
764214
764213
764212
764211
764210
764209
764208
764207
764206
764205
764203
764202
764201
764200
764198
764194
764193
764191
764190
764189
764188
764187
764186
764185
764184
764183
764182
764181
764180
764179
764165
764178
764166
764177
764176
764175
764174
764168
764167
764163
764161
764160
764159
764158
764157
764156
764155
764154
764152
764151
764150
764149
764148
764147
764146
764145
764144
764143
764142
764141
764140
764139
764138
764136
764135
764134
764133
764042
764041
764040
764039
764038
764037
764036
764035
764034
764033
764032
764030
764029
764028
764027
764026
764025
764024
764023
764022
764021
764020
764019
764018
764017
764016
764015
764014
764013
764012
764011
764010
764009
763981
763848
763767
763766
763765
763764
763763
763762
763761
763760
763759
763758
763757
763756
763755
763754
763753
763752
763751
763750
763749
763748
763747
763746
763745
763744
763743
763742
763741
763740
763739
763738
763736
763735
763734
763733
763731
763730
763729
763727
763726
763725
763720
763721
763724
763719
763718
763715
763712
763709
763708
763707
763706
763705
