896221
896220
896217
896216
896193
896192
896191
896190
896147
896146
895869
895868
896187
896141
896139
895983
895966
895964
895963
895954
895953
895949
895952
895984
895959
895982
895981
895958
895951
895956
895950
896215
896214
896213
896199
896200
896202
896203
896204
896205
896207
896208
896209
896210
896211
896145
896143
896052
896051
895992
895842
895850
895853
895843
895849
895974
896138
895854
896198
896206
896043
896042
896037
896036
896035
896031
896012
896011
896010
895844
896137
896135
896134
895858
895857
895855
895848
896136
896006
896005
896004
896032
896009
895845
896230
896229
896228
896227
896226
896225
896224
896223
896222
896219
896218
896212
896201
896197
896196
896195
896194
896189
896188
896186
896185
896184
896183
896182
896181
896179
896178
895847
896177
896176
896175
896174
896173
896172
896171
896170
896169
896168
896167
896166
896165
896164
896163
896162
896161
896160
896159
896158
896157
896156
896155
896154
896153
896152
896151
896150
896149
896148
896142
896133
896132
896131
896130
896129
896128
896127
896126
896125
896124
896123
896122
896121
896120
896119
896118
896117
896116
896115
896114
896113
896112
896111
896110
896109
896108
896107
896106
896105
896104
896103
896102
896101
896100
896099
896098
896097
896096
896095
896094
896093
896092
896091
896090
896089
896088
896087
896086
896085
896084
896083
896082
896081
896080
896079
896078
896077
896076
896075
896074
896073
896072
896071
896070
896069
896068
896067
896066
896065
896064
896039
896038
896034
896008
895998
895997
895996
896003
895995
896063
896062
896061
896060
896059
896058
896057
896056
896055
896054
896053
896050
896049
896048
896047
896046
896045
896040
896033
896030
896029
896028
896027
896026
896025
896024
896023
896022
896021
896020
896019
896018
896017
896016
896014
896013
896007
896002
896001
896000
895999
895993
895990
895989
895988
895987
895986
895985
895980
895979
895978
895977
895976
895975
895973
895972
895971
895970
895969
895968
895967
895965
895962
895961
895960
895957
895948
895947
895946
895945
895944
895943
895942
895941
895940
895939
895938
895937
895936
895935
895934
895933
895932
895931
895930
895926
895924
895925
895923
895922
895921
895920
895919
895918
895917
895916
895915
895914
895913
895912
895911
895910
895909
895908
895907
895906
895905
895904
895903
895902
895901
895900
895899
895898
895897
895896
895895
895894
895893
895892
895891
895890
895889
895888
895887
895886
895884
895883
895882
895881
895880
895879
895878
895877
895876
895875
895874
895873
895872
895871
895870
895867
895866
895865
895863
895862
895861
895860
895859
895856
895852
895851
895846
895841
895840
895839
895838
895837
895836
895835
895834
895833
895832
895831
895830
895829
895828
895827
895826
895825
895824
895823
