939177
938945
938943
938952
938951
939195
939167
939161
938960
938959
939071
939176
939156
939143
939094
938956
938954
938953
938948
938947
939193
939168
939157
939141
939093
939160
939092
939191
939158
939142
939166
939154
939190
939162
939153
939140
938936
938964
938963
938961
938937
938918
938917
938886
938885
939152
939151
939150
939149
939148
939147
939146
939080
939078
939201
939200
939199
939198
939197
939196
939194
939192
939189
939188
939187
939186
939185
939184
939183
939182
939181
939180
939179
939178
939076
939077
939175
939173
939172
939171
939170
939169
939165
939164
939163
939159
939155
939079
939075
939144
939139
939138
939137
939136
939134
939133
939132
939131
939074
939130
939129
939128
939127
939126
939125
939124
939123
939122
939121
939120
939119
939118
939117
939116
939114
939113
939112
939110
939109
939108
939106
939105
939103
939102
939099
939098
939097
939096
939095
939091
939089
939088
939087
939086
939084
939083
939082
939081
939073
939072
939070
939068
939067
939066
939065
939064
939063
939062
939049
939051
939035
939034
939061
939060
939059
939058
939057
939053
939054
939052
939048
939050
939056
939055
939038
939037
939036
939047
939046
939045
939044
939042
939043
939041
939040
939039
939033
939032
939031
939030
939029
939028
939027
939026
939025
939024
939023
939022
939010
939013
939017
939018
939019
939020
939021
939015
939014
939012
939011
939009
939008
939006
939005
939004
939003
939002
939001
939000
938999
938998
938997
938996
938995
938991
938992
938993
938994
938990
938989
938988
938987
938986
938985
938984
938983
938982
938981
938980
938979
938978
938977
938976
938975
938974
938973
938971
938969
938968
938967
938966
938965
938957
938946
938944
938939
938938
938935
938934
938933
938932
938931
938930
938929
938928
938927
938926
938925
938924
938923
938922
938910
938921
938920
938919
938915
938914
938913
938912
938911
938909
938908
938907
938906
938905
938904
938903
938902
938901
938900
938899
938898
938897
938896
938895
938894
938893
938892
938888
938887
938861
938863
938864
938865
938866
938867
938868
938869
938870
938871
938872
938873
938874
938875
938876
938877
938878
938879
938880
938882
938883
938884
938881
938862
938859
938858
938857
938856
938855
938854
938853
938852
938851
938850
938849
938848
938845
938844
938842
938841
938839
938838
