912372
912377
912380
912379
912383
912378
912376
912375
912371
912370
912374
912373
912369
912368
912358
912357
912356
912355
912191
912114
912159
912161
912432
912311
912310
912309
912232
912268
912231
912234
912230
912228
912223
912225
912229
912224
912233
912227
912226
912193
912291
912423
912438
912437
912436
912435
912434
912112
912111
912107
912106
912105
912104
912433
912431
912430
912429
912428
912427
912138
912137
912136
912426
912425
912420
912419
912418
912417
912416
912415
912414
912413
912412
912411
912410
912409
912408
912407
912406
912405
912404
912403
912402
912401
912400
912399
912398
912367
912366
912365
912364
912363
912362
912361
912360
912359
912354
912353
912352
912351
912350
912349
912348
912347
912345
912344
912343
912342
912341
912340
912339
912338
912334
912333
912332
912331
912330
912329
912328
912327
912326
912325
912324
912323
912322
912321
912320
912319
912318
912317
912316
912315
912314
912313
912312
912301
912300
912299
912298
912297
912296
912295
912294
912293
912292
912290
912289
912288
912287
912285
912284
912283
912282
912281
912280
912279
912278
912277
912276
912275
912274
912273
912272
912271
912270
912269
912267
912266
912265
912264
912263
912262
912261
912260
912259
912258
912257
912256
912255
912253
912252
912251
912250
912249
912248
912247
912246
912245
912244
912243
912242
912241
912240
912239
912238
912237
912236
912222
912221
912220
912219
912218
912217
912216
912204
912203
912202
912199
912197
912187
912186
912184
912181
912178
912176
912174
912173
912172
912171
912169
912168
912166
912165
912164
912163
912160
912158
912156
912157
912110
912108
912102
912155
912154
912153
912151
912150
912149
912148
912147
912146
912145
912144
912143
912142
912140
912139
912135
912134
912133
912132
912123
912124
912126
912127
912128
912131
912129
912125
912116
912099
912098
912097
912094
912093
912092
912091
912090
912089
912088
912087
912086
912085
