942390
942389
942584
942578
942575
942552
942565
942610
942611
942615
942619
942616
942655
942654
942653
942652
942651
942650
942649
942647
942646
942645
942644
942643
942642
942641
942640
942638
942637
942636
942635
942634
942633
942613
942621
942622
942631
942630
942620
942618
942617
942606
942605
942604
942603
942602
942601
942600
942599
942598
942597
942595
942594
942593
942592
942591
942590
942589
942588
942587
942586
942583
942582
942581
942580
942576
942574
942544
942542
942533
942531
942530
942529
942527
942526
942525
942524
942523
942522
942521
942520
942519
942518
942517
942515
942514
942513
942512
942511
942510
942509
942508
942507
942505
942504
942503
942502
942501
942500
942499
942498
942497
942496
942495
942494
942493
942492
942490
942489
942488
942487
942486
942484
942482
942481
942480
942479
942478
942477
942476
942475
942474
942473
942472
942471
942470
942469
942467
942466
942465
942464
942463
942462
942461
942460
942459
942458
942457
942456
942455
942454
942453
942452
942451
942450
942449
942448
942447
942446
942440
942439
942438
942436
942435
942431
942430
942429
942428
942427
942394
942400
942397
942423
942416
942408
942398
942406
942403
942402
942399
942426
942424
942413
942412
942395
942396
942409
942401
942417
942393
942391
942388
942387
942386
942385
942384
942383
942382
942381
942380
942379
942378
942377
942376
942375
942374
942373
942372
942371
942369
942368
942367
942366
942365
942364
942363
942362
942361
942360
942359
942358
942357
942356
942355
942353
942351
942350
942349
942348
942347
942346
942345
942344
942343
942342
942341
942340
942339
942338
942337
942336
942335
942333
942334
942332
942331
942330
942328
942327
942326
942325
942324
942322
