898476
898479
898477
898492
898491
898490
898488
898760
898724
898707
898501
898516
898532
898534
898587
898815
898870
898867
898746
898717
898715
898796
898799
898861
898813
898810
898876
898874
898875
898800
898752
898751
898725
898594
898828
898826
898873
898794
898722
898718
898721
898616
898608
898877
898830
898825
898688
898681
898675
898729
898719
898797
898713
898814
898745
898720
898617
898602
898597
898686
898682
898674
898869
898691
898680
898673
898606
898595
898750
898712
898860
898801
898871
898798
898812
898821
898829
898600
898614
898672
898679
898687
898872
898866
898605
898827
898819
898690
898593
898811
898795
898723
898716
898714
898743
898685
898607
898599
898683
898603
898671
898598
898474
898881
898880
898879
898704
898705
898450
898453
898868
898865
898864
898863
898576
898571
898839
898862
898844
898857
898577
898574
898570
898572
898569
898558
898557
898556
898858
898843
898448
898447
898446
898444
898442
898832
898566
898559
898555
898554
898565
898560
898553
898549
898537
898541
898540
898856
898891
898890
898889
898888
898887
898886
898885
898884
898883
898882
898878
898859
898855
898854
898853
898851
898850
898849
898848
898847
898846
898845
898841
898840
898838
898837
898836
898835
898834
898833
898831
898824
898823
898822
898820
898818
898817
898816
898809
898808
898543
898542
898561
898552
898550
898547
898546
898539
898538
898807
898806
898805
898804
898802
898793
898792
898791
898790
898789
898788
898787
898786
898785
898784
898783
898782
898781
898780
898778
898777
898776
898775
898774
898773
898772
898771
898770
898769
898767
898766
898765
898764
898763
898762
898759
898757
898756
898755
898753
898749
898748
898747
898744
898742
898738
898739
898740
898741
898737
898736
898735
898734
898733
898731
898730
898726
898711
898710
898709
898708
898706
898703
898702
898701
898700
898699
898698
898697
898696
898695
898694
898693
898692
898689
898684
898678
898677
898676
898670
898669
898668
898667
898666
898665
898664
898663
898662
898661
898660
898659
898658
898657
898656
898655
898654
898653
898652
898651
898650
898649
898648
898647
898646
898645
898644
898643
898642
898641
898640
898639
898638
898637
898636
898635
898634
898633
898632
898631
898629
898628
898627
898626
898625
898624
898622
898621
898620
898619
898618
898615
898613
898612
898611
898610
898609
898604
898601
898592
898591
898590
898589
898588
898586
898584
898583
898581
898580
898578
898573
898548
898575
898564
898563
898562
898551
898544
898536
898535
898533
898531
898530
898529
898528
898527
898526
898525
898524
898522
898521
898520
898519
898518
898517
898515
898514
898513
898512
898511
898510
898509
898508
898507
898506
898505
898504
898503
898502
898500
898499
898498
898497
898496
898494
898487
898484
898483
898482
898481
898480
898478
898475
898473
898472
898471
898470
898469
898468
898467
898466
898465
898464
898463
898462
898461
898460
898459
898458
898457
898456
898455
898454
898452
898451
898449
898443
898441
898439
898438
898437
898436
898435
898434
898433
898432
