776293
776294
776301
776392
776295
776297
776296
776772
776769
776767
776758
776736
776733
776775
776771
776776
776695
776700
776770
776773
776735
776729
776694
776702
776489
776490
776492
776692
776493
776494
776495
776496
776497
776498
776499
776500
776501
776502
776503
776504
776505
776506
776507
776508
776512
776513
776514
776515
776516
776517
776518
776519
776520
776521
776522
776523
776528
776529
776530
776531
776532
776533
776534
776536
776538
776539
776540
776541
776542
776543
776545
776546
776548
776549
776550
776551
776552
776553
776556
776557
776558
776559
776560
776561
776562
776563
776564
776565
776566
776567
776568
776569
776570
776571
776572
776573
776574
776575
776576
776577
776578
776579
776580
776589
776590
776594
776595
776597
776600
776602
776603
776606
776613
776616
776618
776621
776624
776625
776626
776627
776628
776631
776633
776634
776635
776637
776640
776315
776264
776313
776311
776658
776657
776656
776655
776654
776652
776650
776644
776847
776453
776452
776845
776799
776800
776832
776833
776834
776835
776387
776388
776389
776619
776783
776853
776852
776851
776850
776849
776848
776846
776843
776842
776841
776840
776839
776838
776837
776836
776831
776830
776829
776828
776827
776826
776825
776824
776823
776822
776821
776820
776819
776818
776817
776816
776815
776814
776813
776812
776811
776810
776809
776808
776807
776806
776805
776804
776803
776802
776801
776798
776797
776796
776795
776794
776793
776792
776791
776790
776585
776586
776588
776591
776593
776596
776599
776601
776604
776607
776608
776609
776610
776611
776612
776614
776617
776620
776622
776623
776629
776630
776632
776636
776639
776641
776642
776643
776789
776788
776787
776786
776785
776784
776782
776781
776780
776779
776778
776777
776774
776768
776766
776765
776764
776763
776762
776761
776759
776756
776755
776754
776753
776752
776751
776749
776748
776747
776746
776745
776744
776743
776742
776741
776740
776739
776738
776737
776734
776732
776731
776730
776728
776726
776725
776724
776723
776722
776721
776720
776719
776718
776717
776716
776715
776714
776713
776712
776711
776710
776709
776708
776707
776706
776705
776704
776703
776701
776699
776698
776697
776696
776693
776691
776690
776689
776688
776687
776686
776685
776684
776683
776682
776681
776680
776679
776678
776677
776676
776675
776674
776673
776672
776671
776670
776669
776668
776667
776666
776665
776664
776663
776662
776661
776660
776659
776653
776651
776649
776648
776647
776646
776645
776638
776615
776598
776592
776587
776583
776555
776554
776547
776544
776537
776535
776527
776526
776525
776524
776510
776491
776488
776487
776486
776485
776484
776483
776482
776481
776480
776479
776441
776478
776477
776476
776475
776474
776473
776472
776471
776470
776469
776468
776467
776466
776465
776464
776463
776462
776461
776460
776459
776458
776457
776456
776455
776454
776451
776450
776449
776448
776447
776445
776444
776443
776442
776440
776439
776438
776437
776436
776435
776434
776433
776432
776431
776430
776429
776428
776427
776426
776425
776424
776423
776422
776421
776420
776419
776418
776417
776416
776415
776414
776413
776412
776411
776410
776409
776408
776407
776406
776405
776404
776403
776402
776401
776400
776399
776398
776397
776396
776393
776384
776383
776382
776381
776380
776379
776378
776377
776376
776375
776374
776373
776372
776371
776370
776369
776368
776367
776366
776365
776364
776363
776362
776361
776360
776359
776358
776357
776356
776355
776354
776353
776352
776351
776350
776349
776348
776347
776346
776345
776343
776342
776341
776340
776338
776337
776336
776335
776334
776333
776332
776331
776330
776329
776328
776327
776326
776325
776324
776323
776322
776321
776320
776319
776318
776317
776316
776314
776310
776309
776308
776307
776306
776305
776304
776303
776302
776300
776299
776298
776292
776291
776290
776289
776288
776287
776286
776285
776284
776283
776282
776281
776280
776279
776278
776277
776276
776275
776274
776273
776272
776271
776270
776269
776268
776267
776266
776265
776263
776262
776261
776260
776258
776257
776256
776255
776254
776253
776252
776251
776250
776249
776247
