928986
928971
928897
928834
928820
928807
928766
928989
928804
928985
928833
928806
928802
928984
928960
928750
928744
928576
928831
928821
928799
928755
928983
928988
928826
928817
928798
928749
928573
928940
928896
928976
928829
928796
928952
928824
928815
928793
928748
928575
928694
928692
928690
928689
928687
928686
928685
928684
928682
928652
928651
928650
928649
928648
928963
929002
929005
929011
928925
928647
928646
928645
928612
928611
928610
928609
928608
928607
928597
928606
928605
928604
928603
928596
928602
928601
928600
928599
928598
928595
928594
928593
928592
928679
928678
928677
928675
928674
928673
928783
928591
928590
928589
928586
928585
928584
928583
928582
928581
928580
928622
928621
928620
928619
928618
928917
928916
928915
928918
928911
928910
928907
928906
928905
928904
928903
928902
928901
928422
928421
928617
928616
928615
928614
928613
928671
928670
928668
928666
928665
928664
928662
928632
928631
928630
928629
928628
928627
928626
928625
928624
928579
928578
928577
928574
928572
928869
928537
928538
928733
928819
928858
928470
928471
928571
928661
928659
928658
928654
928653
929015
929014
929013
929012
929010
929009
929008
929007
929006
929004
929003
929001
929000
928999
928998
928997
928996
928995
928993
928992
928991
928987
928982
928981
928980
928979
928978
928977
928975
928974
928972
928970
928968
928967
928966
928965
928964
928962
928961
928959
928955
928958
928957
928956
928954
928953
928951
928950
928949
928948
928947
928946
928945
928944
928943
928942
928941
928939
928938
928937
928936
928935
928933
928932
928931
928930
928928
928927
928926
928923
928922
928920
928919
928914
928913
928912
928909
928908
928900
928899
928898
928894
928893
928892
928891
928890
928889
928888
928887
928886
928885
928884
928883
928882
928881
928879
928878
928877
928876
928875
928874
928873
928872
928871
928870
928868
928866
928865
928864
928863
928862
928861
928860
928857
928856
928855
928854
928853
928852
928851
928850
928849
928848
928847
928846
928845
928844
928843
928842
928841
928840
928839
928838
928837
928836
928835
928832
928830
928828
928827
928825
928823
928822
928818
928814
928813
928812
928811
928810
928809
928808
928805
928803
928801
928800
928797
928795
928794
928792
928791
928790
928789
928788
928787
928786
928785
928782
928781
928780
928779
928778
928777
928775
928774
928773
928772
928771
928770
928769
928768
928767
928764
928763
928762
928761
928760
928759
928758
928757
928756
928754
928753
928752
928751
928747
928746
928745
928743
928742
928741
928740
928739
928738
928737
928736
928735
928734
928732
928731
928730
928729
928655
928697
928703
928709
928723
928728
928710
928711
928698
928701
928705
928708
928700
928699
928702
928716
928715
928714
928719
928722
928724
928726
928727
928695
928707
928717
928721
928713
928712
928691
928693
928688
928680
928696
928676
928663
928667
928669
928672
928725
928720
928718
928706
928704
928681
928660
928657
928656
928568
928567
928566
928565
928564
928563
928562
928561
928560
928559
928558
928557
928556
928555
928554
928553
928552
928551
928550
928548
928547
928546
928545
928544
928543
928542
928541
928540
928539
928536
928535
928533
928532
928531
928530
928529
928528
928527
928526
928525
928524
928523
928522
928521
928520
928519
928518
928517
928516
928515
928514
928513
928512
928511
928510
928509
928508
928507
928506
928505
928504
928502
928501
928500
928499
928498
928496
928495
928494
928493
928362
928492
928491
928490
928489
928488
928487
928486
928483
928481
928480
928479
928478
928477
928476
928475
928474
928473
928472
928469
928468
928467
928466
928465
928464
928463
928462
928461
928460
928459
928458
928457
928456
928455
928454
928453
928452
928451
928450
928449
928448
928447
928446
928445
928444
928443
928442
928441
928440
928439
928438
928437
928436
928435
928434
928433
928432
928431
928430
928429
928428
928427
928426
928425
928424
928423
928420
928419
928418
928417
928416
928415
928414
928413
928412
928410
928409
928408
928407
928406
928405
928404
928403
928402
928401
928400
928399
928398
928397
928396
928395
928394
928393
928392
928391
928390
928389
928388
928387
928386
928343
928341
928385
928384
928383
928382
928381
928380
928379
928378
928377
928376
928375
928374
928373
928372
928371
928370
928369
928368
928367
928366
928365
928364
928363
928361
928360
928359
928358
928357
928356
928355
928354
928353
928352
928351
928350
928349
928348
928347
928346
928342
928340
928339
928338
928337
928336
928335
928334
928333
928332
928331
928330
928329
928328
928327
928326
928325
928324
928323
928322
928321
928320
928319
928318
928317
928316
928315
928314
928313
928312
