840168
840197
839811
839816
840117
840119
840121
840123
840124
840126
840128
840129
840131
840162
840206
840207
839813
840229
840263
840275
840274
840160
840159
840158
839807
839812
839790
839780
839939
839858
839844
839818
839784
839838
839810
839803
840122
840109
839927
839833
839827
839821
839801
840322
840091
839795
839791
839923
839940
839802
839798
839823
839829
839942
839831
840115
839947
839945
839850
839830
839815
839805
839794
839785
839914
839949
839938
839932
839839
839941
839855
839851
839843
840105
840116
840118
839853
839846
839814
840112
840108
839948
839954
839783
839929
839943
839933
840022
840094
840089
840086
840071
840027
840020
839958
840230
839836
839797
839786
839796
839925
839856
839826
839781
839817
839819
839859
839852
840107
840106
839779
839778
839950
840113
839788
839808
839857
839849
839847
839840
839837
839835
839930
839935
839936
840099
839842
839824
839924
839928
840120
840110
840093
839820
839804
839918
840114
839854
839931
839926
839782
839789
839845
840100
840088
840083
840080
840070
840019
839755
839756
840090
840087
840085
840082
840077
840076
840069
840048
840043
840026
840018
839970
840302
840081
840078
840074
840052
840025
840017
839984
839968
840320
840319
840257
840313
840311
840141
840138
840145
840144
840047
840045
840042
840024
840016
840013
839983
839978
839967
840149
840148
840051
840046
840044
840041
840023
840014
840012
839997
839995
839990
839988
839982
840143
840136
839996
839994
839989
839987
839980
839976
839969
839966
840298
840299
840255
840324
840323
840321
840318
840317
840316
840315
840314
840312
840310
840309
840308
840306
840305
840301
840297
840296
840295
840294
840293
840292
840291
840290
840289
840288
840287
840286
840285
839962
839961
839960
839959
840284
840283
840282
840037
840036
840034
840281
840280
840279
840278
840277
840276
840273
840272
840271
840270
840269
840050
839974
839999
839993
839992
839991
840268
840267
840266
840265
840264
840262
840259
840261
840253
840252
840251
840250
840249
840248
840247
840245
840244
840243
840242
840241
840240
840239
840238
840237
840236
840235
840234
840233
840232
840231
840228
840226
840225
840224
840223
840222
840220
840219
840218
840217
840216
840215
840214
840213
840211
840210
840209
840205
840204
840203
840202
840201
840200
840199
840198
840196
840195
840193
840191
840190
840189
840188
840187
840186
840185
840184
840183
840182
840181
840180
840178
840177
840176
840175
840174
840173
840172
840171
840170
840169
840032
840031
840030
840029
840038
840166
840165
840164
840163
840161
840157
840156
840155
840154
840153
840152
840151
840150
840147
840146
840142
840140
840137
840135
840134
840133
840132
840127
840125
840111
840095
840092
840097
840101
840102
840103
840104
839951
839870
839867
840084
840079
840075
840073
840072
840068
840067
840066
840065
840064
840061
840060
840059
840058
840056
840055
840054
840053
840049
840040
840039
840035
840033
840028
840021
840015
840011
840010
840009
840008
840006
840005
840004
840003
840002
840001
840000
839998
839986
839981
839977
839975
839973
839971
839965
839964
839963
839957
839956
839955
839952
839946
839944
839937
839934
839922
839921
839920
839917
839916
839915
839913
839912
839911
839910
839907
839906
839905
839904
839903
839902
839901
839900
839899
839897
839896
839895
839894
839893
839892
839891
839890
839889
839888
839887
839886
839885
839884
839883
839882
839881
839880
839879
839878
839877
839876
839875
839874
839873
839872
839871
839869
839868
839866
839864
839863
839862
839861
839860
839848
839841
839834
839832
839828
839825
839822
839809
839806
839800
839799
839793
839792
839787
839777
839776
839775
839774
839773
839772
839771
839769
839768
839767
839766
839765
839764
839763
839762
839761
839760
839759
839758
839757
839754
839753
839752
839751
839750
