736702
736703
736472
736657
736715
736670
736653
736712
736695
736697
736578
736537
736656
736693
736535
736678
736689
736716
736648
736553
736717
736564
736556
736652
736659
736585
736569
736493
736489
736484
736711
736558
736552
736696
736671
736577
736579
736694
736600
736580
736538
736714
736576
736575
736570
736557
736559
736626
736612
736609
736615
736606
736608
736611
736607
736532
736531
736521
736614
736605
736731
736730
736729
736728
736727
736628
736725
736724
736723
736722
736721
736720
736719
736718
736713
736710
736709
736708
736707
736706
736705
736704
736701
736700
736699
736692
736691
736690
736688
736687
736686
736685
736684
736682
736681
736680
736679
736677
736675
736674
736673
736672
736669
736668
736667
736666
736665
736664
736663
736662
736603
736602
736661
736660
736658
736655
736616
736654
736651
736650
736649
736647
736646
736645
736643
736642
736640
736639
736638
736637
736636
736635
736634
736632
736631
736630
736629
736473
736596
736625
736592
736588
736589
736624
736623
736622
736621
736620
736619
736618
736617
736526
736524
736613
736520
736610
736604
736601
736519
736599
736598
736597
736516
736594
736593
736591
736590
736587
736514
736586
736584
736513
736583
736582
736581
736574
736573
736572
736571
736568
736567
736566
736565
736563
736562
736561
736560
736555
736554
736551
736550
736549
736548
736547
736546
736545
736544
736543
736542
736541
736540
736539
736536
736534
736533
736530
736529
736528
736527
736525
736523
736522
736518
736517
736515
736512
736511
736510
736509
736508
736507
736506
736505
736504
736503
736502
736501
736500
736499
736498
736497
736496
736495
736494
736492
736491
736490
736488
736487
736486
736485
736483
736482
736481
736480
736479
736478
736477
736476
736475
736474
736471
736470
736468
736467
736466
736465
736464
736463
736462
736461
736460
736459
736458
736457
736456
736455
736454
