862753
862757
862756
862980
862864
862842
862804
862847
862803
862737
862760
862745
862749
862740
862750
862758
862802
862734
862844
862739
862744
862747
862755
862846
862841
862751
862748
862743
862840
862736
862801
862733
862843
862738
862845
862953
862937
862754
862746
862742
862959
862936
862952
862934
862935
862933
862951
862854
862853
862852
862944
862958
862950
862823
862735
862866
862897
862922
862800
862948
862928
862957
862956
862955
862954
862949
862947
862946
862945
862939
862932
862930
862927
862941
862940
862938
862931
862929
862708
862707
862698
862697
862695
862694
862693
862883
862901
862900
862992
862991
862990
862989
862988
862987
862986
862984
862983
862982
862981
862979
862978
862977
862976
862975
862974
862973
862972
862971
862970
862969
862968
862967
862966
862965
862964
862963
862962
862961
862960
862943
862942
862926
862925
862924
862923
862919
862918
862917
862916
862915
862914
862913
862912
862911
862910
862909
862908
862907
862906
862905
862904
862902
862899
862898
862896
862895
862894
862893
862892
862891
862890
862889
862886
862885
862884
862882
862881
862867
862879
862877
862876
862875
862874
862873
862872
862871
862870
862869
862868
862865
862863
862862
862861
862860
862859
862858
862857
862856
862855
862851
862850
862849
862848
862839
862838
862837
862836
862835
862834
862833
862832
862831
862830
862829
862828
862827
862826
862825
862824
862822
862821
862820
862819
862818
862817
862816
862815
862814
862813
862812
862811
862810
862809
862808
862807
862806
862805
862799
862798
862796
862795
862794
862793
862792
862791
862790
862789
862788
862787
862786
862785
862784
862783
862782
862781
862779
862778
862777
862776
862775
862774
862773
862772
862771
862770
862769
862768
862767
862766
862765
862764
862763
862762
862761
862759
862752
862741
862732
862731
862730
862729
862728
862727
862726
862725
862724
862723
862722
862721
862720
862719
862718
862717
862716
862715
862714
862713
862712
862711
862710
862709
862706
862703
862704
862702
862701
862700
862699
862696
862692
862691
862690
862689
862688
862687
862685
862684
862683
862682
862681
862680
862679
862678
862677
862676
862675
862674
862673
