738082
738081
738080
738067
738066
738065
738084
738083
737790
737791
737915
737901
737960
737957
737959
737958
737900
737956
738068
738062
738060
738056
737927
737926
737885
737931
737832
738001
738117
737826
737829
738024
737990
738006
738007
738011
738019
738045
738051
737922
737921
737920
737923
737928
737955
737954
737953
737942
737944
738119
738118
738116
738115
738114
738113
738111
738110
738109
738108
738107
738106
738105
738104
738103
738102
738101
738100
738098
738097
738096
738095
738094
738093
738092
738099
738091
738090
738089
738088
738087
738086
738085
737836
737962
738079
738078
738077
738076
738075
738073
738072
738071
738070
738069
738064
738063
738061
738059
738058
738057
738055
738054
738050
738049
738048
738047
738046
738044
738043
738042
738041
738040
738039
738038
738037
738036
738035
738034
738033
738032
738031
738030
738029
738028
738027
738026
738023
738022
738021
738020
738017
738016
738015
738014
738013
738012
738010
738009
738008
738005
738004
738003
738002
738000
737999
737998
737997
737996
737995
737994
737993
737992
737991
737989
737988
737987
737985
737984
737983
737982
737981
737980
737979
737978
737977
737976
737975
737974
737973
737972
737971
737970
737969
737968
737967
737965
737966
737964
737963
737952
737951
737950
737949
737948
737947
737946
737940
737939
737938
737936
737935
737934
737933
737932
737930
737929
737925
737924
737918
737917
737916
737914
737913
737912
737911
737910
737909
737908
737907
737906
737905
737904
737903
737902
737899
737898
737897
737896
737895
737894
737893
737892
737891
737890
737888
737887
737886
737884
737883
737882
737881
737880
737879
737878
737877
737876
737875
737874
737873
737872
737871
737870
737869
737868
737867
737866
737865
737864
737863
737862
737859
737858
737857
737856
737855
737854
737853
737852
737851
737850
737849
737848
737847
737846
737845
737844
737843
737842
737841
737839
737838
737837
737835
737831
737830
737828
737827
737825
737824
737823
737822
737821
737820
737819
737818
737817
737816
737815
737814
737813
737812
737811
737810
737809
737808
737807
737806
737805
737804
737803
737802
737801
737800
737799
737798
737797
737796
737795
737794
737793
737792
737789
737787
