783017
783012
783018
783005
782988
782975
782903
782971
782969
782968
782913
782905
783364
783089
783085
783353
783347
783204
783181
783131
783084
783188
783191
783349
783348
783352
783351
783346
783189
783184
783083
783107
783105
783088
783350
783345
783194
783201
783087
783185
783180
783041
782891
782892
782893
782894
782895
782897
783010
783255
783270
783317
783248
783082
783380
783379
783378
783377
783376
783375
783374
783373
783372
783371
783370
783369
783367
783366
783365
783363
783362
783361
783360
783358
783357
783355
783344
783343
783342
783341
783340
783339
783338
783337
783336
783335
783334
783332
783331
783329
783328
783327
783324
783323
783322
783321
783320
783319
783318
783316
783315
783314
783313
783312
783311
783310
783309
783308
783307
783306
783305
783304
783303
783302
783301
783300
783299
783298
783297
783296
783295
783294
783293
783292
783291
783290
783289
783288
783287
783286
783285
783284
783283
783282
783281
783280
783279
783278
783277
783276
783275
783273
783272
783271
783268
783267
783266
783264
783263
783262
783261
783260
783258
783257
783256
783254
783253
783252
783251
783250
783249
783247
783246
783245
783244
783243
783242
783241
783240
783239
783238
783237
783236
783235
783234
783233
783232
783231
783230
783229
783228
783227
783226
783225
783224
783223
783222
783221
783220
783219
783218
783217
783216
783215
783214
783213
783212
783211
783210
783209
783208
783207
783206
783205
783202
783200
783199
783198
783197
783196
783195
783193
783192
783190
783187
783186
783183
783182
783179
783178
783177
783176
783108
783109
783175
783173
783172
783171
783170
783169
783111
783110
783168
783167
783166
783165
783164
783163
783162
783158
783161
783160
783159
783157
783156
783155
783154
783153
783152
783151
783150
783149
783148
783147
783146
783145
783144
783143
783142
783141
783140
783139
783138
783137
783136
783135
783134
783133
783132
783130
783129
783128
783127
783126
783125
783124
783123
783122
783121
783119
783118
783116
783114
783113
783112
783106
783104
783100
783101
783102
783099
783098
783097
783096
783095
783094
783093
783092
783091
783090
783086
783081
783080
783079
783049
783050
783052
783053
783055
783057
783058
783060
783062
783064
783065
783066
783074
783075
783076
783078
783077
783073
783072
783071
783070
783069
783068
783067
783063
783061
783059
783056
783054
783051
783048
783047
783046
783045
783044
783043
783042
783039
783038
783037
783036
783035
783034
783033
783032
783031
783030
783028
783027
783026
783025
783024
783023
783022
783021
783020
783019
783016
783004
783003
783002
783001
783000
782999
782998
782997
782996
782995
782994
782993
782992
782991
782990
782989
782987
782986
782985
782984
782983
782982
782981
782980
782979
782978
782977
782974
782973
782972
782967
782966
782965
782964
782963
782962
782961
782960
782959
782958
782957
782956
782955
782954
782953
782952
782951
782950
782949
782948
782947
782946
782945
782944
782943
782942
782941
782940
782939
782938
782937
782935
782933
782931
782930
782929
782928
782927
782926
782925
782924
782923
782922
782921
782920
782919
782918
782917
782916
782915
782914
782912
782911
782910
782909
782908
782907
782906
782902
782901
782900
782899
782896
782889
782888
782887
782886
782885
782884
782883
782882
782881
782880
782879
782878
782877
782876
782875
