910405
910349
910399
910385
910371
910375
910196
910202
910257
910342
910266
910435
910335
910191
910183
910432
910378
910434
910182
910319
910291
910285
910268
910314
910295
910280
910194
910186
910256
910407
910347
910430
910374
910294
910276
910274
910271
910195
910181
910428
910370
910190
910346
910204
910265
910431
910357
910313
910270
910289
910279
910334
910269
910315
910277
910290
910267
910189
910406
910187
910426
910354
910193
910343
910201
910185
910427
910362
910178
910176
910174
910312
910288
910275
910273
910278
910272
910177
910173
910330
910180
910425
910351
910345
910248
910200
910172
910424
910348
910344
910247
910198
910329
910184
910179
910175
910171
910135
910133
910310
910305
910472
910420
910353
910352
910238
910239
910236
910241
910240
910244
910403
910402
910401
910400
910398
910397
910396
910395
910394
910393
910392
910391
910390
910389
910388
910386
910477
910476
910475
910474
910473
910470
910469
910468
910467
910466
910465
910464
910463
910462
910461
910460
910459
910458
910457
910456
910455
910454
910453
910452
910451
910450
910449
910448
910447
910446
910445
910444
910443
910442
910441
910440
910439
910438
910437
910436
910433
910429
910423
910422
910421
910419
910418
910417
910416
910415
910414
910413
910412
910411
910410
910408
910404
910382
910381
910380
910379
910377
910376
910373
910372
910369
910367
910366
910365
910364
910363
910361
910360
910359
910358
910356
910355
910341
910340
910339
910338
910333
910332
910328
910327
910326
910325
910324
910323
910322
910320
910317
910316
910311
910309
910308
910307
910306
910304
910303
910302
910301
910300
910299
910298
910297
910296
910293
910292
910287
910286
910284
910283
910282
910281
910263
910262
910261
910260
910259
910258
910254
910253
910252
910251
910250
910249
910245
910243
910242
910237
910235
910234
910233
910232
910231
910230
910229
910228
910227
910226
910225
910224
910223
910222
910219
910218
910217
910216
910215
910214
910213
910211
910210
910209
910208
910206
910203
910199
910197
910192
910188
910170
910169
910168
910167
910166
910165
910164
910163
910162
910161
910160
910159
910158
910157
910156
910155
910154
910153
910151
910150
910149
910148
910147
910146
910145
910144
910142
910141
910140
910139
910138
910137
910136
910134
910132
910131
910130
910129
910128
910127
910126
910125
910124
910123
910122
910121
910120
910119
910118
910117
910115
910112
910111
910110
910109
910108
910107
910106
910105
910104
910103
910102
910101
910100
910099
910098
910097
910096
910095
910093
910092
910090
910089
910088
910087
910086
910085
910084
910083
910080
910079
910078
910077
910076
910075
910074
910073
910072
910071
910070
910069
910068
910067
910066
910065
910064
910063
910062
910061
910060
910059
910058
910057
910056
910055
910054
910053
910052
910051
910050
910049
910048
910047
910046
910045
910044
910043
910042
910041
910040
910039
910038
910037
910035
910034
910033
910032
910031
910030
910029
910028
910027
910026
910025
910024
910023
910022
910021
910020
910019
910018
910017
910016
910015
910014
910013
910012
910011
910010
910009
910008
910007
910006
910005
910004
910003
910002
910000
909999
909998
909997
909996
909995
909994
909993
909992
909991
909990
909989
909988
909987
909986
909985
909984
909983
