845041
845848
845859
845565
845581
845439
845440
845627
845628
845631
845634
845635
845637
845639
845640
845212
845283
844615
844655
844654
844651
845661
845660
845657
845655
845654
845650
845844
845843
845841
845840
845839
845838
845835
845836
845834
845833
845830
845831
845832
845829
845828
845826
845827
845825
845823
845820
845819
845818
845817
845816
845814
845813
845811
844634
844628
844621
845487
845486
844661
844659
844657
845682
845677
845689
845684
845679
845681
845676
845674
845810
845808
845807
845806
845804
845803
845802
845800
845798
845795
845794
845793
845792
845791
844681
844673
844667
845687
845678
845683
845680
845673
845659
845666
845658
845652
845649
845621
845610
845665
845953
845790
845789
845788
845787
845786
845785
845783
845780
845779
845781
845777
845776
845775
845772
845692
845690
845685
845664
845662
844997
844990
845966
845982
845653
845624
845623
845618
845516
845004
844999
845959
845651
845619
845616
845614
845612
845607
845514
845502
845771
845770
845769
845768
845766
845765
845764
845760
845759
845758
845757
845756
845754
845752
845611
845609
845603
845510
845501
844740
844741
844743
844746
844747
844749
844751
844752
845751
845750
845746
845745
845744
845741
845740
845738
845736
845725
845722
845720
845717
845713
845712
845525
845509
845498
845281
845282
845284
845285
845286
845287
845288
845289
845290
845291
845292
845293
845295
845296
845297
845299
845298
845300
845301
845302
845304
845305
845306
845307
845308
845309
845310
845311
845312
845313
845314
845315
845316
845317
845318
845604
845526
845521
845506
845497
845518
845504
845494
845539
845535
845280
845279
845278
845277
845275
845274
845273
845272
845271
845270
845269
845268
845267
845266
845265
845263
845262
845261
845260
845259
845258
845257
845256
845255
845254
845253
845252
845251
845250
845249
845247
845246
845711
845709
845707
845706
845705
845704
845703
845702
845701
845700
845699
845698
845697
845695
845985
845984
845983
845981
845980
845979
845978
845977
845976
845975
845974
845973
845972
845971
845970
845969
845968
845967
845965
845964
845963
845962
845961
845960
845958
845957
845956
845955
845954
845952
845951
845950
845948
845947
845946
845945
845944
845942
845941
845940
845939
845938
845917
845904
845902
845899
845896
845888
845887
845886
845885
845883
845882
845881
845880
845870
845868
845865
845863
845862
845861
845858
845856
845855
845854
845852
845851
845849
845847
845846
845845
845842
845837
845824
845822
845821
845815
845809
845805
845797
845784
845774
845767
845763
845762
845761
845753
845749
845748
845739
845734
845733
845691
845686
845671
845670
845656
845648
845647
845646
845645
845644
845643
845642
845641
845638
845636
845632
845626
845620
845617
845615
845613
845606
845605
845602
845600
845599
845598
845597
845596
845595
845594
845593
845592
845591
845590
845589
845588
845586
845585
845583
845582
845578
845577
845576
845574
845573
845572
845469
845473
845476
845479
845480
845481
845482
845488
845489
845490
845499
845508
845511
845519
845520
845522
845528
845534
845537
845538
845540
845541
845542
845544
845569
845567
845566
845563
845562
845560
845559
845558
845557
845554
845553
845552
845551
845550
845549
845548
845545
845532
845530
845524
845513
845500
845495
845492
845491
845483
845245
845244
845242
845241
845243
845240
845239
845238
845237
845236
845235
845234
845233
845232
845231
845230
845229
845228
845227
845226
845225
845224
845223
845222
845221
845220
845219
845218
845217
845215
845214
845213
845462
845441
845461
845460
845456
845454
845452
845438
845437
845436
845435
845434
845433
845432
845431
845430
845429
845428
845427
845426
845425
845424
845423
845422
845421
845420
845419
845418
845417
845416
845415
845414
845413
845412
845411
845410
845409
845408
845407
845406
845404
845403
845402
845405
845399
845395
845394
845393
845392
845391
845390
845389
845388
845387
845386
845385
845384
845383
845381
845379
845378
845374
845373
845372
845371
845370
845369
845368
845367
845366
845365
845363
845362
845361
845360
845358
845357
845356
845355
845354
845353
845351
845350
845349
845348
845347
845346
845345
845344
845343
845342
845341
845340
845336
845334
845139
845135
845333
845332
845331
845330
845329
845328
845327
845326
845303
845294
845276
845248
845216
845211
845210
845209
845208
845206
845205
845204
845202
845201
845200
845199
845197
845196
845194
845192
845191
845189
845188
845186
845185
845183
845182
845073
845052
845051
845050
845048
845030
845020
845180
845178
845176
845174
845172
845170
845169
845167
845165
845163
845162
845160
845159
845158
845156
845154
845152
845150
845148
845146
845144
845142
845140
845138
845136
845134
845133
845129
845128
845127
845126
845124
845122
845121
845119
845117
845115
845113
845112
845110
845109
845107
845105
845103
845102
845100
845099
845098
845097
845096
845095
845092
845090
845089
845087
845086
845084
845083
845082
845081
845080
845079
845078
845077
845076
845075
845074
845072
845071
845070
845069
845068
845067
845066
845065
845064
845063
845062
845061
845060
845059
845058
845057
845056
845055
845054
845053
845045
845044
845043
845042
845040
845039
845038
845037
845036
845035
845034
845033
845032
845031
845029
845028
845027
845026
845025
845024
845023
845022
845021
845019
845018
845017
845016
845015
845014
845013
845012
845011
845010
845009
845008
845007
845006
845005
845003
845002
845001
845000
844998
844996
844995
844994
844993
844992
844991
844989
844988
844987
844986
844985
844984
844983
844982
844981
844980
844979
844978
844977
844976
844975
844974
844973
844972
844971
844970
844969
844968
844967
844966
844965
844964
844963
844962
844961
844960
844959
844958
844957
844956
844955
844954
844953
844952
844951
844950
844949
844948
844947
844946
844945
844944
844943
844942
844941
844940
844939
844938
844937
844936
844935
844934
844933
844932
844931
844930
844929
844928
844927
844926
844925
844924
844923
844922
844921
844920
844919
844918
844917
844916
844915
844914
844913
844912
844911
844910
844909
844908
844907
844906
844905
844904
844903
844902
844901
844900
844899
844898
844897
844896
844895
844894
844893
844892
844891
844890
844889
844888
844887
844886
844885
844884
844883
844882
844881
844880
844879
844878
844877
844876
844875
844874
844873
844872
844871
844870
844869
844868
844867
844866
844865
844864
844863
844862
844861
844860
844859
844858
844857
844856
844855
844854
844853
844852
844851
844850
844849
844848
844847
844846
844845
844844
844843
844842
844841
844840
844839
844838
844837
844836
844835
844834
844833
844832
844831
844830
844829
844828
844827
844826
844825
844824
844823
844822
844821
844820
844819
844818
844817
844816
844815
844814
844813
844812
844811
844810
844809
844808
844807
844806
844805
844804
844803
844802
844801
844800
844799
844798
844797
844796
844795
844794
844793
844792
844791
844790
844789
844788
844787
844786
844785
844784
844783
844782
844781
844780
844779
844778
844777
844776
844775
844774
844773
844772
844771
844770
844769
844768
844767
844766
844765
844764
844763
844762
844761
844760
844759
844758
844757
844756
844755
844754
844753
844750
844748
844745
844744
844742
844739
844738
844737
844736
844735
844734
844733
844732
844731
844729
844728
844725
844724
844723
844721
844720
844718
844717
844716
844715
844713
844711
844710
844709
844708
844706
844705
844704
844702
844700
844697
844689
844688
844687
844686
844685
844684
844682
844678
844676
844669
844665
844664
844663
844660
844658
844656
844650
844639
844632
844627
844624
844618
844616
