852407
852402
852401
852359
852384
852388
852393
852398
852396
852390
852381
852379
852366
852380
852376
852375
852368
852363
852387
852373
852361
852436
852437
852120
852176
852282
852334
852382
852100
852071
852032
852045
852039
852348
852112
852048
852403
852394
852351
852374
852320
852308
852304
852035
852110
852103
852085
852350
852046
852036
852317
852030
852422
852259
852081
852108
852044
852349
852038
852321
852027
852400
852391
852370
852305
852102
852113
852043
852033
852397
852365
852389
852347
852318
852262
852171
852260
852101
852082
852106
852040
852303
852031
852026
852438
852404
852445
852444
852443
852442
852441
852440
852439
852435
852434
852433
852432
852431
852430
852429
852428
852427
852426
852425
852424
852423
852421
852420
852419
852418
852417
852416
852415
852414
852413
852412
852411
852410
852409
852408
852385
852399
852406
852395
852392
852386
852383
852378
852377
852372
852371
852369
852367
852364
852362
852360
852358
852357
852356
852354
852353
852352
851960
852346
852345
852344
852343
852342
852341
852340
852339
852338
852337
852336
852335
852333
852332
852331
852330
852329
852328
852327
852326
852325
852324
852323
852322
852319
852316
852315
852314
852313
852312
852310
852309
852307
852306
852302
852301
852300
852299
852298
852295
852294
852293
852292
852291
852290
852289
852288
852287
852286
852285
852284
852283
852281
852280
852279
852278
852277
852276
852275
852274
852273
852271
852270
852269
852268
852267
852265
852264
852263
852261
852258
852257
852256
852255
852254
852253
852252
852251
852250
852248
852247
852246
852245
852244
852243
852242
852241
852240
852239
852238
852237
852236
852235
852234
852233
852232
852231
852230
852229
852228
852227
852226
852225
852224
852223
852222
852221
852220
852219
852218
852217
852216
852215
852214
852213
852212
852211
852210
852209
852208
852207
852206
852205
852204
852203
852202
852201
852200
852199
852198
852197
852196
852195
852194
852193
852192
852191
852190
852189
852188
852187
852186
852185
852184
852183
852182
852181
852180
852179
852178
852177
852175
852174
852173
852172
852170
852169
852168
852167
852166
852165
852164
852163
852162
852161
852159
852158
852157
852156
852154
852153
852152
852151
852150
852149
852148
852147
852146
852145
852144
852143
852142
852141
852139
852138
852137
852136
852135
852134
852133
852132
852131
852130
852128
852127
852125
852122
852121
852119
852118
852117
852116
852115
852114
852111
852109
852107
852105
852104
852099
852098
852097
852096
852095
852094
852093
852092
852091
852090
852089
852088
852087
852086
852083
852080
852078
852077
852076
852075
852073
852072
852070
852069
852068
852067
852066
852065
852064
852063
852062
852061
852060
852059
852058
852057
852055
852054
852052
852051
852050
852049
852047
852042
852041
852037
852034
852029
852028
852025
852024
852023
852022
852021
852020
852019
852018
852017
852016
852015
852013
852012
852011
852010
852008
852007
852006
852005
852004
852003
852002
852001
852000
851999
851998
851997
851995
851994
851993
851992
851991
851990
851989
851988
851987
851986
851985
851984
851983
851982
851981
851980
851979
851978
851977
851976
851975
851974
851973
851969
851968
851967
851966
851965
851964
851963
851962
851961
851959
851958
851955
851954
851953
851952
851951
851950
851949
851948
851947
851946
851945
851944
851943
851942
851941
851940
851939
851938
851937
851936
851935
851934
851932
851931
851930
851928
851927
851926
851925
851924
851923
851922
851921
851920
851919
851918
851917
851916
851915
851914
851913
851912
851911
851910
851909
851908
851907
851906
851905
851904
851903
851902
851888
851890
851891
851895
851899
851900
851901
851898
851897
851896
851894
851893
851892
851889
