940376
940306
940288
940279
940294
940293
940266
940378
940307
940302
940287
940284
940277
940263
940265
940377
940282
940275
940289
940286
940283
940281
940276
940274
940269
940267
940177
940175
940174
940173
940172
940171
940170
940169
940168
940166
940165
940164
940156
940155
940154
940153
940152
940151
940150
940349
940348
940347
940346
940345
940344
940343
940342
940341
940388
940391
940390
940387
940386
940385
940384
940383
940382
940381
940380
940379
940375
940374
940373
940372
940371
940370
940369
940368
940367
940366
940365
940364
940363
940362
940361
940360
940359
940358
940357
940356
940355
940354
940353
940352
940351
940350
940340
940338
940337
940336
940335
940334
940333
940332
940331
940330
940329
940328
940327
940326
940325
940324
940323
940322
940320
940319
940318
940317
940316
940315
940314
940313
940312
940311
940310
940309
940308
940305
940304
940303
940301
940300
940299
940298
940297
940296
940295
940292
940291
940290
940285
940280
940278
940272
940270
940268
940264
940249
940250
940261
940260
940258
940251
940252
940253
940259
940257
940256
940262
940255
940254
940247
940246
940244
940243
940242
940241
940240
940239
940238
940237
940236
940234
940233
940232
940231
940230
940229
940228
940227
940226
940225
940224
940223
940222
940221
940220
940219
940218
940217
940216
940215
940214
940213
940212
940211
940210
940208
940207
940206
940205
940204
940203
940202
940201
940200
940189
940181
940180
940148
940147
940144
940136
940135
940133
940132
940131
940130
940129
940128
940127
940126
940125
940124
940123
940122
940121
940120
940119
940118
940117
940116
940115
940114
940113
940112
940111
