779654
779297
779295
779293
779281
779288
779298
779284
779278
779653
779292
779285
779296
779291
779294
779280
779290
779630
779632
779246
779614
779625
779634
779740
779741
779746
779748
779749
779750
779751
779754
779755
779211
779449
779448
779447
779450
779451
779452
779453
779454
779455
779456
779457
779458
779459
779460
779462
779463
779464
779465
779466
779467
779468
779469
779470
779471
779472
779473
779474
779475
779476
779477
779478
779479
779480
779481
779482
779483
779484
779485
779486
779487
779488
779489
779490
779491
779492
779493
779494
779495
779496
779497
779498
779499
779501
779502
779503
779504
779505
779507
779508
779509
779510
779511
779512
779513
779514
779515
779516
779517
779518
779519
779520
779521
779522
779523
779524
779525
779526
779527
779528
779529
779530
779531
779533
779534
779535
779536
779537
779539
779540
779541
779616
779618
779619
779710
779711
779712
779713
779714
779715
779716
779717
779718
779719
779720
779721
779722
779723
779724
779725
779726
779727
779728
779709
779708
779707
779706
779704
779703
779702
779701
779700
779699
779698
779697
779696
779695
779694
779693
779692
779691
779753
779752
779747
779745
779744
779743
779742
779739
779738
779737
779736
779735
779734
779733
779732
779731
779730
779729
779705
779690
779689
779688
779687
779686
779685
779684
779683
779682
779680
779679
779678
779677
779676
779675
779674
779673
779672
779671
779670
779669
779668
779667
779666
779665
779664
779663
779662
779661
779660
779659
779658
779657
779656
779655
779652
779651
779650
779649
779648
779647
779646
779645
779643
779642
779641
779640
779639
779638
779637
779636
779635
779633
779629
779628
779627
779626
779624
779623
779622
779621
779620
779617
779615
779613
779612
779611
779610
779609
779608
779606
779605
779604
779603
779602
779601
779600
779599
779598
779597
779596
779594
779593
779592
779591
779590
779589
779588
779587
779586
779585
779584
779583
779582
779581
779580
779579
779578
779577
779576
779575
779574
779573
779572
779571
779570
779569
779568
779567
779566
779565
779564
779563
779562
779561
779560
779559
779558
779557
779556
779555
779554
779553
779552
779551
779550
779549
779548
779547
779546
779545
779544
779543
779542
779538
779532
779506
779500
779461
779445
779444
779443
779442
779441
779440
779439
779438
779437
779436
779435
779434
779433
779432
779430
779429
779428
779427
779426
779425
779424
779423
779422
779421
779420
779419
779418
779417
779416
779415
779414
779413
779412
779411
779410
779409
779408
779407
779406
779405
779404
779403
779401
779400
779399
779398
779397
779396
779395
779394
779393
779392
779391
779390
779389
779388
779387
779386
779385
779384
779383
779382
779381
779380
779379
779378
779377
779376
779375
779374
779373
779372
779371
779370
779369
779368
779367
779366
779365
779364
779363
779362
779361
779360
779359
779358
779357
779356
779354
779352
779351
779350
779349
779348
779347
779346
779223
779222
779221
779345
779220
779219
779344
779343
779342
779341
779340
779339
779338
779337
779336
779335
779334
779333
779332
779331
779330
779328
779327
779326
779325
779324
779323
779322
779321
779320
779319
779318
779317
779316
779315
779314
779313
779312
779311
779310
779309
779308
779307
779306
779305
779304
779303
779302
779301
779300
779299
779289
779287
779286
779283
779282
779279
779277
779276
779275
779274
779273
779272
779271
779270
779269
779268
779267
779266
779265
779264
779263
779262
779261
779260
779259
779258
779257
779256
779255
779254
779253
779252
779251
779250
779249
779248
779247
779245
779244
779243
779242
779241
779240
779239
779238
779237
779236
779235
779234
779233
779232
779231
779230
779229
779228
779227
779226
779225
779224
779218
779217
779216
779215
779214
779213
779212
779210
779209
779208
779206
779205
779204
779203
779202
779201
779200
779199
779198
779197
779196
779195
779194
779193
779192
779191
779190
779189
779188
779187
779186
779185
779184
779183
779182
779181
779180
779179
779178
779177
779176
779175
779174
779173
779172
779171
779170
779169
779168
779167
779166
779165
779164
779163
779162
779161
779159
779157
779158
779156
779155
779154
779153
779152
779151
779150
779149
779148
779147
779146
779144
779143
