851570
851569
851572
851571
851568
851567
851650
851685
851690
851694
851696
851697
851734
851873
851616
851860
851630
851779
851772
851707
851622
851619
851629
851708
851771
851778
851777
851706
851628
851618
851612
851610
851627
851776
851705
851617
851625
851836
851834
851880
851882
851883
851884
851885
851886
851881
851879
851878
851876
851874
851872
851871
851870
851869
851868
851867
851866
851865
851864
851863
851862
851861
851859
851858
851857
851856
851855
851854
851853
851852
851851
851850
851849
851848
851847
851846
851845
851844
851843
851842
851841
851840
851839
851792
851791
851790
851788
851784
851783
851782
851780
851770
851769
851768
851838
851837
851835
851833
851832
851831
851830
851829
851828
851827
851826
851825
851824
851823
851822
851821
851820
851819
851818
851817
851816
851815
851814
851813
851812
851811
851810
851809
851808
851806
851805
851804
851803
851802
851801
851800
851798
851797
851796
851795
851794
851793
851789
851787
851786
851785
851781
851775
851774
851773
851767
851766
851765
851764
851763
851761
851760
851759
851758
851757
851756
851755
851754
851753
851752
851751
851750
851749
851748
851747
851746
851745
851744
851743
851742
851741
851740
851739
851738
851737
851736
851735
851733
851732
851731
851730
851729
851728
851727
851521
851522
851523
851524
851726
851725
851724
851723
851722
851721
851720
851719
851718
851717
851716
851715
851714
851713
851712
851711
851710
851709
851704
851703
851702
851637
851636
851634
851631
851701
851699
851698
851632
851633
851635
851695
851693
851692
851691
851688
851687
851686
851683
851682
851681
851680
851679
851678
851677
851676
851675
851674
851673
851672
851671
851670
851669
851667
851666
851665
851664
851663
851662
851661
851660
851659
851658
851657
851656
851655
851654
851653
851652
851649
851648
851647
851646
851645
851644
851643
851642
851641
851640
851639
851603
851605
851602
851638
851604
851624
851623
851621
851620
851615
851614
851613
851611
851609
851608
851607
851606
851601
851599
851598
851597
851596
851595
851594
851593
851592
851591
851590
851589
851588
851587
851586
851585
851584
851583
851582
851581
851580
851579
851578
851577
851576
851574
851573
851566
851565
851564
851563
851562
851561
851560
851559
851558
851557
851555
851554
851553
851552
851551
851550
851549
851548
851547
851546
851545
851544
851543
851542
851541
851540
851539
851538
851537
851536
851535
851534
851533
851532
851531
851530
851529
851528
851527
851526
851525
851520
851518
851517
851516
851515
851514
851513
851512
851511
851510
851509
851508
851507
851506
851505
851504
851503
851502
851501
851500
851499
851498
851497
851496
851495
851494
851493
851492
851491
851490
851489
851487
