739642
739641
739637
739636
739640
739639
739821
739819
739815
739810
739825
739812
739813
739824
739818
739816
739792
739787
739769
739764
739752
739768
739774
739748
739747
739746
739820
739817
739814
739745
739744
739741
739791
739788
739638
739742
739743
739740
739917
739632
739656
739712
739716
739750
739808
739890
739893
739938
739950
739951
739875
739874
739873
739872
739871
739870
739869
739868
739867
739866
739865
739881
739876
739953
739952
739694
739693
739692
739948
739947
739946
739709
739708
739691
739690
739689
739707
739711
739710
739687
739686
739685
739834
739830
739829
739826
739697
739696
739695
739705
739704
739702
739703
739681
739680
739863
739679
739678
739677
739676
739675
739674
739673
739672
740018
740017
740016
740015
740014
740013
740012
740011
740010
740009
740008
740007
740006
740005
740004
740003
740002
740000
739699
739698
739998
739997
739996
739995
739994
739993
739992
739991
739990
739989
739988
739987
739986
739671
739670
739985
739984
739983
739982
739981
739980
739979
739978
739977
739976
739975
739974
739973
739972
739668
739667
739666
739971
739970
739969
739968
739967
739966
739965
739964
739963
739962
739961
739845
739960
739959
739958
739957
739956
739955
739941
739940
739939
739954
739684
739683
739682
739949
739945
739944
739943
739942
739844
739937
739936
739935
739934
739933
739932
739931
739930
739929
739928
739927
739926
739925
739921
739920
739919
739915
739910
739913
739912
739911
739909
739907
739906
739904
739903
739902
739901
739900
739899
739898
739897
739896
739895
739894
739892
739891
739889
739888
739887
739886
739885
739884
739883
739882
739880
739879
739878
739665
739877
739664
739864
739862
739861
739860
739859
739858
739855
739857
739856
739854
739853
739852
739851
739850
739849
739848
739847
739846
739843
739842
739841
739840
739839
739838
739837
739836
739835
739833
739767
739766
739832
739831
739827
739822
739811
739800
739799
739798
739797
739809
739807
739806
739805
739804
739802
739801
739795
739794
739793
739790
739789
739785
739784
739783
739782
739781
739780
739779
739778
739777
739776
739775
739773
739772
739771
739770
739765
739762
739761
739760
739759
739758
739757
739756
739755
739754
739753
739751
739749
739739
739738
739737
739736
739735
739734
739733
739732
739731
739730
739729
739728
739727
739726
739725
739724
739723
739722
739721
739720
739719
739718
739717
739715
739714
739713
739706
739701
739700
739688
739669
739663
739661
739659
739658
739657
739655
739654
739653
739652
739651
739650
739648
739647
739644
739643
739635
739634
739633
739631
739630
739627
739626
