741536
741811
741812
741795
741805
741813
741803
741798
741799
741810
741801
741800
741725
741804
741806
741618
741617
741809
741602
741700
741664
741661
741605
741599
741792
741748
741662
741802
741814
741789
741600
741660
741808
741807
741793
741627
741615
741791
741747
741699
741606
741604
741665
741790
741746
741624
741698
741601
741573
741658
741626
741614
741603
741598
741511
741856
741722
741716
741678
741733
741844
741843
741842
741841
741840
741839
741838
741837
741836
741835
741834
741831
741830
741829
741828
741827
741826
741825
741822
741820
741818
741817
741556
741557
741558
741555
741554
741553
741596
741875
741874
741873
741872
741871
741870
741855
741852
741854
741853
741851
741869
741868
741867
741864
741863
741861
741860
741866
741865
741862
741859
741858
741857
741850
741849
741848
741847
741846
741845
741833
741832
741823
741819
741797
741796
741794
741788
741787
741786
741785
741784
741735
741731
741783
741782
741781
741780
741779
741778
741777
741776
741775
741774
741773
741772
741771
741770
741769
741768
741767
741766
741765
741764
741763
741762
741761
741760
741759
741758
741757
741756
741755
741754
741753
741752
741751
741750
741732
741730
741749
741745
741744
741743
741742
741741
741740
741739
741738
741737
741736
741734
741727
741726
741724
741723
741721
741720
741718
741717
741715
741714
741712
741711
741710
741709
741708
741706
741705
741704
741703
741702
741701
741697
741696
741695
741694
741693
741692
741691
741690
741689
741688
741687
741686
741685
741684
741683
741682
741681
741680
741679
741520
741623
741634
741645
741655
741663
741677
741675
741673
741672
741671
741670
741669
741668
741667
741584
741583
741666
741659
741657
741656
741654
741653
741650
741649
741648
741647
741646
741644
741643
741642
741641
741640
741639
741638
741637
741636
741633
741632
741631
741630
741629
741628
741625
741622
741621
741620
741619
741581
741582
741616
741613
741612
741611
741610
741609
741608
741607
741597
741593
741592
741591
741590
741589
741588
741587
741586
741585
741580
741579
741578
741577
741576
741575
741574
741572
741571
741570
741569
741568
741567
741566
741565
741564
741563
741562
741561
741560
741559
741538
741539
741540
741541
741542
741544
741545
741546
741547
741548
741549
741550
741543
741537
741535
741534
741533
741532
741531
741530
741529
741528
741527
741526
741525
741524
741523
741522
741521
741519
741518
741517
741516
741515
741514
741513
741512
741510
741509
741508
741507
741506
741505
741504
741503
741502
741501
741500
741499
741498
741497
741496
741495
