846474
846308
846460
846437
846301
846564
846087
846253
846268
846279
846295
845996
845997
846005
846155
846183
846580
846579
846578
846576
846575
846574
846573
846572
846571
846570
846569
846568
846567
846566
846563
846562
846561
846560
846559
846558
846557
846556
846554
846547
846546
846545
846543
846541
846540
846536
846528
846527
846526
846525
846524
846523
846522
846521
846520
846519
846517
846516
846515
846514
846513
846512
846511
846510
846508
846507
846506
846504
846502
846501
846500
846499
846498
846497
846496
846495
846493
846492
846491
846490
846489
846488
846487
846486
846485
846484
846483
846482
846481
846480
846472
846464
846466
846468
846469
846458
846456
846455
846454
846174
846453
846452
846451
846449
846448
846447
846446
846445
846444
846443
846442
846438
846436
846434
846433
846432
846431
846430
846429
846428
846427
846426
846425
846424
846423
846422
846421
846419
846417
846416
846415
846414
846413
846412
846411
846410
846407
846406
846405
846404
846403
846402
846401
846400
846399
846398
846397
846396
846395
846394
846393
846392
846391
846390
846389
846387
846386
846385
846384
846383
846382
846380
846379
846378
846377
846376
846375
846374
846373
846372
846371
846370
846369
846368
846367
846366
846365
846364
846363
846362
846360
846358
846357
846356
846355
846354
846353
846352
846351
846350
846349
846348
846347
846346
846345
846344
846343
846342
846341
846340
846339
846338
846337
846336
846335
846334
846333
846332
846331
846330
846329
846328
846327
846326
846325
846324
846323
846322
846321
846320
846319
846318
846317
846316
846315
846314
846313
846312
846309
846307
846306
846302
846300
846299
846294
846293
846292
846291
846290
846289
846288
846287
846285
846284
846283
846282
846281
846278
846274
846273
846269
846265
846264
846263
846262
846261
846260
846259
846258
846257
846256
846255
846254
846252
846251
846250
846249
846248
846247
846246
846245
846244
846243
846242
846241
846240
846239
846238
846236
846235
846234
846233
846232
846231
846230
846229
846226
846224
846223
846222
846221
846220
846219
846218
846217
846216
846215
846214
846213
846212
846211
846210
846209
846208
846207
846206
846205
846204
846203
846202
846201
846200
846199
846198
846197
846196
846195
846194
846193
846192
846191
846190
846189
846188
846187
846185
846184
846182
846180
846179
846178
846177
846176
846175
846173
846172
846171
846170
846169
846168
846167
846166
846165
846164
846163
846162
846161
846159
846156
846154
846153
846152
846151
846150
846149
846148
846147
846146
846145
846144
846143
846142
846141
846140
846139
846138
846137
846136
846135
846134
846133
846132
846131
846130
846129
846128
846127
846126
846125
846124
846123
846122
846121
846120
846119
846118
846117
846116
846115
846114
846113
846112
846111
846110
846109
846108
846106
846090
846089
846088
846086
846085
846084
846083
846082
846081
846080
846079
846078
846077
846076
846075
846074
846073
846072
846071
846070
846069
846068
846067
846066
846065
846064
846063
846062
846061
846060
846059
846058
846057
846056
846055
846054
846053
846052
846051
846050
846049
846048
846047
846046
846045
846044
846043
846042
846041
846040
846039
846038
846037
846036
846035
846034
846033
846032
846031
846030
846029
846028
846027
846025
846024
846023
846022
846021
846020
846019
846018
846017
846016
846014
846013
846012
846011
846010
846009
846008
846007
846006
846004
846003
846002
846001
846000
845999
845998
846015
845995
845994
845993
845992
845991
845990
845989
845988
845987
845986
