908058
908060
908263
908266
908265
908066
908067
908049
908048
908197
908110
908164
908166
908191
908163
908198
908196
908162
908108
908161
908195
908194
908192
908160
908109
908165
908190
908159
908107
908285
908280
908106
908248
908247
908241
908244
908242
908218
908039
908226
908224
908223
908222
908221
908220
908210
908215
908216
908212
908211
908214
908213
908209
908208
908206
908205
908250
908249
908235
908234
908233
908232
908231
908228
908255
908252
908251
908204
908315
908314
908311
908310
908309
908308
908307
908306
908305
908303
908297
908296
908295
908294
908293
908292
908291
908290
908289
908288
908286
908284
908283
908282
908281
908279
908278
908277
908276
908275
908274
908273
908272
908271
908270
908269
908268
908267
908264
908262
908261
908260
908259
908258
908257
908256
908254
908253
908246
908239
908230
908229
908227
908225
908199
908193
908189
908188
908187
908186
908185
908184
908183
908181
908180
908179
908178
908177
908176
908175
908174
908173
908172
908171
908170
908169
908168
908167
908158
908157
908155
908154
908153
908152
908151
908150
908149
908148
908147
908146
908145
908144
908143
908142
908141
908140
908139
908138
908137
908136
908135
908134
908133
908132
908131
908130
908129
908128
908127
908126
908125
908124
908123
908121
908120
908118
908116
908114
908112
908111
908105
908104
908103
908102
908101
908100
908099
908098
908097
908096
908095
908094
908093
908092
908091
908090
908089
908088
908087
908086
908085
908084
908083
908082
908080
908079
908078
908077
908076
908075
908074
908073
908072
908071
908070
908069
908068
908065
908064
908063
908062
908061
908059
908057
908056
908055
908054
908050
908047
908046
908045
908044
908043
908042
908041
908040
908038
908036
908035
908034
908033
908032
908031
908030
908029
908028
908027
908026
908025
908024
908023
908022
908021
908020
908019
908018
908017
908016
908015
908014
908013
908012
908011
908010
908009
908008
908007
908006
908005
908004
908003
908002
908001
908000
907999
907998
907997
907996
907995
907994
907987
907988
907989
907990
907991
907992
907993
907986
907985
907984
907983
907982
907981
907980
907979
