758527
758494
758335
758282
758359
758357
758356
758495
758334
758286
758285
758269
758260
758257
758247
758253
758248
758241
758239
758333
758380
758237
758534
758532
758230
758223
758218
758250
758283
758493
758332
758259
758258
758281
758240
758238
758226
758232
758235
758252
758249
758234
758224
758236
758225
758221
758219
758385
758389
758227
758274
758276
758312
758424
758637
758277
758634
758630
758628
758627
758619
758614
758152
758151
758150
758149
758148
758147
758146
758144
758143
758142
758141
758280
758279
758278
758704
758703
758702
758701
758700
758699
758698
758697
758696
758695
758694
758693
758692
758691
758690
758689
758688
758687
758686
758685
758684
758683
758682
758681
758680
758679
758678
758677
758676
758675
758674
758673
758672
758671
758670
758669
758668
758667
758666
758665
758664
758663
758662
758661
758660
758659
758658
758657
758656
758655
758654
758653
758652
758651
758650
758649
758648
758647
758646
758645
758644
758643
758642
758641
758640
758639
758638
758399
758396
758394
758636
758633
758632
758631
758629
758626
758625
758624
758623
758622
758553
758552
758547
758621
758620
758618
758617
758616
758615
758613
758556
758555
758554
758612
758611
758610
758609
758608
758607
758606
758605
758604
758603
758602
758601
758600
758599
758598
758597
758596
758595
758594
758593
758592
758591
758590
758589
758588
758587
758586
758585
758584
758583
758582
758581
758580
758579
758578
758577
758576
758575
758574
758573
758572
758571
758570
758569
758568
758567
758566
758565
758564
758563
758562
758561
758559
758558
758557
758551
758550
758549
758548
758546
758545
758544
758543
758542
758541
758540
758539
758538
758537
758536
758535
758533
758531
758530
758529
758528
758526
758525
758524
758523
758522
758521
758520
758519
758518
758517
758516
758515
758514
758513
758512
758511
758510
758509
758508
758507
758506
758505
758504
758503
758502
758501
758500
758499
758498
758497
758496
758492
758491
758490
758489
758488
758487
758486
758485
758484
758483
758482
758481
758480
758479
758478
758477
758406
758407
758476
758475
758473
758472
758471
758470
758469
758468
758466
758465
758464
758463
758462
758461
758460
758459
758458
758457
758456
758455
758454
758453
758452
758451
758450
758449
758447
758446
758445
758444
758443
758442
758441
758440
758439
758437
758436
758435
758434
758433
758432
758429
758427
758426
758425
758423
758422
758421
758420
758419
758418
758417
758416
758415
758414
758412
758411
758410
758409
758408
758405
758404
758403
758402
758401
758400
758398
758397
758395
758393
758392
758391
758390
758388
758387
758384
758383
758379
758378
758377
758376
758375
758374
758373
758372
758371
758370
758369
758368
758367
758366
758365
758364
758363
758362
758361
758360
758358
758355
758354
758353
758352
758351
758350
758349
758348
758347
758346
758341
758342
758345
758343
758344
758340
758339
758338
758337
758336
758326
758331
758325
758324
758322
758330
758329
758328
758327
758323
758321
758320
758319
758318
758317
758316
758315
758314
758313
758311
758310
758309
758308
758307
758306
758305
758304
758303
758302
758301
758300
758299
758298
758297
758296
758295
758294
758293
758292
758290
758287
758284
758275
758273
758272
758271
758270
758268
758267
758266
758265
758264
758263
758262
758261
758256
758255
758254
758251
758246
758245
758243
758244
758242
758233
758231
758229
758228
758222
758220
758217
758216
758215
758213
758212
758211
758210
758209
758208
758207
758206
758205
758204
758203
758202
758201
758200
758199
758198
758197
758196
758195
758194
758192
758191
758190
758189
758188
758187
758186
758185
758184
758183
758182
758181
758180
758179
758178
758177
758176
758175
758174
758172
758171
758170
758169
758168
758167
758166
758163
758165
758164
758162
758161
758160
758159
758158
758157
758156
758155
758154
758153
758145
758140
758139
