759483
759481
759480
759479
759478
759477
759474
759777
759770
759780
759773
759782
759757
759784
759768
759779
759774
759771
759766
759754
759776
759785
759752
759748
759744
759750
759735
759730
759781
759765
759755
759783
759778
759722
759718
759714
759665
759666
759696
759625
759627
759629
759630
759631
759775
759769
759772
759767
759753
759749
759711
759707
759721
759715
759736
759746
759733
759712
759716
759717
759719
759720
759723
759724
759725
759726
759728
759729
759731
759732
759734
759737
759738
759740
759741
759742
759743
759800
759799
759541
759520
759557
759523
759525
759553
759476
759473
759471
759547
759537
759530
759534
759527
759533
759543
759558
759552
759521
759673
759556
759528
759531
759538
759542
759548
759524
759529
759535
759554
759546
759545
759555
759551
759526
759522
759544
759536
759532
759839
759759
759828
759671
759670
759845
759844
759843
759842
759841
759840
759838
759837
759836
759835
759834
759833
759832
759831
759830
759829
759827
759826
759825
759824
759823
759822
759821
759820
759819
759818
759817
759816
759815
759814
759813
759812
759811
759810
759809
759808
759807
759806
759805
759804
759803
759802
759801
759798
759797
759796
759795
759794
759793
759792
759791
759790
759789
759788
759787
759786
759764
759762
759761
759758
759756
759751
759747
759745
759488
759739
759709
759706
759705
759704
759703
759702
759701
759700
759699
759698
759697
759695
759694
759693
759692
759691
759690
759688
759687
759686
759685
759684
759683
759682
759681
759680
759679
759678
759677
759676
759675
759674
759672
759669
759668
759664
759663
759662
759661
759660
759659
759658
759656
759655
759654
759652
759651
759650
759649
759648
759647
759646
759645
759644
759643
759642
759641
759640
759639
759637
759636
759635
759634
759633
759632
759456
759487
759610
759612
759624
759623
759621
759620
759619
759618
759617
759616
759615
759614
759613
759611
759609
759608
759606
759602
759600
759599
759598
759597
759596
759595
759594
759593
759592
759591
759590
759589
759588
759587
759586
759585
759584
759583
759582
759576
759577
759578
759579
759581
759580
759575
759574
759573
759572
759571
759570
759569
759568
759567
759566
759565
759564
759563
759562
759561
759560
759559
759550
759549
759486
759484
759475
759519
759518
759517
759516
759513
759510
759509
759508
759506
759505
759504
759503
759502
759501
759500
759499
759498
759497
759470
759469
759468
759496
759494
759493
759492
759491
759490
759485
759472
759467
759466
759464
759463
759462
759461
759460
759459
759458
759457
759455
