816054
816170
816243
816245
816246
816283
816298
816325
816282
816517
816518
816229
816445
816446
816440
816433
816428
816443
816436
816431
816427
816424
816145
816377
816373
816363
816143
816187
816172
816420
816419
816417
816257
816254
816199
816193
816439
816432
816423
816146
816140
816134
816430
816425
816437
816435
816184
816144
816135
816139
816441
816429
816422
816418
816416
816413
816255
816198
816192
816171
816375
816372
816361
816137
816252
816194
816191
816182
816142
816138
816069
816466
816041
816042
816085
816086
816039
816040
816249
816248
816045
816251
816250
816500
816497
816306
816305
816304
816156
816155
816047
816048
816495
816493
816490
816489
816488
816487
816485
816484
816483
816477
816475
816474
816473
816405
816398
816037
816038
816482
816468
816467
816457
816454
816453
816452
816451
816449
816415
816408
816396
816394
816392
816498
816492
816476
816470
816463
816409
816407
816499
816496
816491
816481
816472
816455
816412
816404
816400
816450
816478
816494
816471
816464
816462
816410
816387
816399
816082
816081
816084
816465
816486
816479
816456
816381
816469
816390
816406
816411
816403
816402
816401
816397
816391
816389
816386
816385
816384
816383
816522
816519
816516
816511
816510
816509
816508
816507
816506
816505
816504
816503
816502
816501
816480
816461
816460
816459
816458
816448
816447
816444
816442
816434
816426
816421
816414
816395
816393
816388
816382
816380
816379
816378
816376
816374
816371
816370
816369
816368
816367
816366
816365
816364
816362
816360
816359
816358
816357
816356
816355
816354
816353
816352
816351
816350
816349
816348
816347
816346
816345
816344
816343
816342
816341
816340
816339
816338
816337
816336
816335
816334
816333
816332
816331
816330
816329
816328
816327
816326
816324
816323
816322
816321
816320
816319
816318
816317
816316
816315
816314
816313
816312
816311
816310
816309
816308
816307
816303
816300
816299
816296
816295
816294
816293
816292
816291
816289
816288
816287
816286
816285
816284
816281
816280
816279
816278
816276
816275
816273
816272
816271
816269
816268
816267
816266
816265
816264
816263
816262
816261
816260
816259
816258
816256
816253
816247
816244
816242
816241
816240
816239
816238
816237
816236
816235
816234
816233
816232
816231
816230
816228
816227
816226
816225
816224
816223
816222
816219
816217
816215
816213
816212
816211
816210
816209
816208
816207
816205
816204
816203
816202
816201
816200
816197
816196
816195
816190
816189
816188
816183
816180
816186
816185
816181
816179
816178
816177
816176
816175
816174
816173
816166
816164
816163
816162
816161
816160
816159
816158
816157
816154
816153
816152
816151
816150
816149
816148
816147
816141
816136
816133
816132
816131
816130
816129
816128
816127
816126
816125
816124
816123
816122
816121
816120
816119
816118
816117
816116
816115
816114
816113
816112
816111
816080
816078
816077
816110
816109
816108
816107
816106
816105
816104
816103
816102
816101
816100
816099
816098
816097
816096
816095
816094
816093
816092
816091
816089
816088
816083
816079
816076
816075
816087
816074
816073
816072
816071
816068
816067
816066
816065
816064
816063
816062
816061
816060
816059
816058
816056
816057
816055
816053
816049
816046
816044
816036
816035
816034
816033
816032
816031
816030
816029
816028
816027
816025
816024
816023
816022
816021
816020
816019
