874079
874078
874077
874076
874376
874374
874372
874370
874368
874075
874074
874375
874373
874371
874369
874367
874073
874072
874211
874216
874339
874191
874438
874437
874263
874262
874260
874259
874253
874250
874215
874444
874436
874193
874249
874251
874212
874213
874435
874258
874261
874252
874214
874432
874192
874393
874455
874454
874452
874451
874450
874448
874430
874429
874424
874423
874422
874421
874415
874414
874408
874420
874419
874403
874402
874413
874412
874399
874398
874397
874396
874229
874228
874227
874226
874225
874222
874221
874220
874219
874218
874395
874394
874407
874406
874428
874427
874426
874425
874401
874400
874405
874404
874411
874410
874409
874362
874352
874157
874392
874464
874485
874082
874446
874456
874447
874441
874386
874351
874443
874390
874463
874473
874449
874462
874389
874361
874086
874460
874391
874445
874083
874459
874439
874387
874350
874344
874084
874453
874442
874081
874168
874169
874172
874177
874178
874174
874167
874173
874176
874175
874171
874170
874288
874242
874503
874502
874501
874500
874499
874498
874497
874496
874495
874494
874493
874491
874490
874489
874488
874487
874486
874484
874483
874482
874481
874480
874479
874478
874477
874476
874475
874474
874472
874471
874470
874469
874468
874467
874466
874465
874461
874457
874440
874434
874433
874431
874388
874385
874384
874383
874382
874381
874380
874379
874378
874377
874366
874365
874364
874363
874360
874359
874358
874357
874356
874355
874354
874353
874349
874348
874347
874346
874345
874343
874342
874341
874340
874338
874337
874336
874335
874334
874333
874332
874331
874330
874329
874328
874327
874326
874323
874322
874320
874319
874318
874317
874316
874315
874314
874313
874312
874311
874310
874309
874308
874307
874306
874305
874304
874303
874302
874301
874300
874299
874298
874297
874296
874295
874294
874293
874292
874291
874290
874289
874287
874285
874284
874282
874281
874280
874279
874277
874276
874275
874274
874273
874272
874271
874270
874269
874268
874267
874266
874265
874264
874257
874256
874255
874254
874248
874247
874246
874245
874244
874243
874241
874240
874239
874238
874237
874236
874235
874234
874233
874232
874231
874230
874224
874223
874217
874210
874209
874208
874207
874206
874205
874204
874203
874202
874200
874199
874198
874197
874196
874195
874194
874190
874189
874188
874187
874186
874185
874184
874183
874182
874180
874179
874166
874165
874164
874163
874162
874161
874160
874159
874158
874156
874155
874154
874153
874152
874151
874150
874149
874148
874147
874146
874145
874144
874143
874142
874141
874140
874139
874138
874137
874136
874135
874134
874133
874132
874131
874130
874129
874128
874127
874126
874125
874124
874123
874122
874121
874120
874119
874118
874117
874116
874115
874114
874113
874112
874111
874110
874109
874108
874106
874105
874104
874103
874102
874101
874100
874099
874098
874097
874096
874095
874094
874093
874092
874091
874090
874089
874088
874087
874085
874080
874071
874070
874069
874068
874067
874066
