781046
781045
781049
781047
781050
781053
781052
781051
781055
781056
781054
781048
781060
781057
781064
781058
781066
781069
781068
781067
781072
781071
781070
781074
781073
781080
781076
781078
781077
781079
781085
781082
781081
781087
781086
781088
781090
781096
781095
781094
781093
781101
781099
781097
781020
781100
781098
781102
781025
781420
781456
781455
781366
781365
781359
781354
781350
781344
781343
781342
781341
781340
781338
781334
781333
781332
781307
781285
781282
781252
781105
781272
781364
781358
781360
781361
781367
781228
781161
781309
781305
781143
781133
781454
781122
781355
781353
781346
781345
781337
781137
781263
781119
780959
780960
780961
781351
781362
781352
781369
781368
781349
781339
781335
781336
781347
781348
781331
781135
781117
780955
780956
780957
780958
780948
780950
780952
780954
780947
780944
780942
780941
780943
780951
781473
781472
781471
781123
781124
781216
781270
781273
781476
780876
780878
780984
780985
781104
781257
780938
780937
780936
781231
781229
781241
780953
780949
780946
780945
780940
781317
781230
781313
781316
781246
781314
781232
780871
780872
781311
781315
781506
781505
781504
781503
781502
781501
781500
781499
781498
781497
781496
781495
781494
781493
781492
781490
781489
781488
781487
781486
781485
781484
781483
781482
781481
781480
781479
781478
781477
781475
781470
781469
781468
781467
781466
781465
781464
781463
781462
781461
781460
781459
781458
781457
781453
781452
781451
781450
781449
781448
781447
781446
781445
781444
781443
781442
781441
781440
781439
781438
781437
781436
781435
781434
781433
781432
781431
781430
781429
781428
781427
781425
781424
781423
781422
781421
781419
781418
781416
781415
781414
781413
781412
781411
781410
781409
781408
781407
781406
781405
781404
781403
781402
781401
781400
781399
781398
781397
781395
781392
781388
781383
781387
781386
781385
781381
781379
781378
781377
781376
781375
781374
781373
781372
781396
781394
781393
781391
781390
781389
781384
781380
781371
781370
781357
781356
781330
781329
781328
781327
781326
781325
781324
781323
781322
781321
781320
781319
781318
781312
781310
781308
781306
781304
781303
781302
781301
781300
781299
781298
781297
781296
781292
781291
781290
781289
781288
781287
781286
781284
781283
781280
781278
781277
781276
781275
781274
781271
781269
781267
781266
781265
781264
781262
781261
781260
781259
781258
781256
781255
781254
781251
781250
781248
781247
781245
781244
781243
781242
781240
781239
781238
781237
781236
781235
781234
781233
781227
781226
781225
781224
781223
781222
781221
781220
781219
781218
781217
781215
781214
781213
781212
781211
781210
781209
781208
781207
781206
781205
781204
781203
781202
781201
781200
781199
781198
781197
781196
781195
781194
781192
781191
781190
781189
781188
781187
781186
781185
781184
781183
781182
781181
781180
781178
781177
781176
781175
781174
781173
781172
781171
781170
781169
781168
781167
781166
781165
781164
781163
781162
781160
781159
781158
781157
781156
781155
781154
781153
781152
781151
781150
781149
781148
781147
781146
781145
781144
781142
781141
781140
781139
781138
781136
781132
781131
781130
781129
781128
781127
781126
781125
781121
781120
781118
781116
781115
781114
781113
781112
781111
781110
781109
781108
781107
781106
781103
781092
781091
781089
781084
781083
781075
781065
781063
781062
781061
781059
781044
781043
781042
781041
781040
781039
781038
781037
781036
781035
781034
781033
781032
781031
781030
781029
781028
781027
781026
781024
781023
781022
781021
781019
781018
781017
781016
781015
781014
781013
781012
781011
781010
781009
781008
781007
781006
781005
781004
781003
781002
781001
781000
780999
780998
780997
780996
780995
780994
780993
780992
780991
780990
780989
780988
780987
780986
780983
780982
780981
780980
780978
780977
780976
780975
780974
780973
780967
780965
780964
780963
780962
780972
780971
780970
780969
780968
780966
780939
780935
780934
780933
780932
780931
780930
780929
780928
780927
780926
780925
780924
780923
780922
780921
780920
780919
780918
780917
780916
780915
780914
780913
780912
780911
780910
780909
780908
780907
780906
780904
780903
780902
780901
780898
780897
780896
780894
780895
780893
780892
780891
780888
780889
780890
780887
780886
780885
780884
780883
780882
780881
780880
780879
780877
780875
780874
780873
780870
780869
780868
780867
780866
