733855
733833
733818
733814
733806
733804
733802
733797
733851
733801
733810
733799
733844
733832
733830
733829
733828
733796
733819
733809
733807
733834
733854
733835
733838
733839
733841
733813
733798
733808
733812
733849
733843
733826
733815
733823
733803
733800
733831
733892
733891
733890
733895
733896
733825
733824
733847
733836
733837
733848
733856
733853
733894
733893
733559
733558
733556
733575
733574
733566
733827
733822
733817
733816
733811
733585
733584
733572
733573
733568
733567
733564
733561
733554
733553
733861
733860
733859
733858
733857
733852
733840
733821
733820
733863
733862
733557
733560
733562
733563
733565
733555
733571
734272
734271
734269
734268
734267
734266
734265
734264
734263
734262
734261
734260
734259
734258
734257
734256
734255
734254
734253
734252
734251
734250
734249
734246
734245
734244
734243
734242
734241
734240
734239
734238
734237
734236
734235
734234
734233
734232
734231
734230
734229
734228
734227
734226
734225
734224
734223
734222
734221
734220
734219
734218
734217
734216
734215
734214
734213
734212
734211
734210
734209
734208
734207
734206
734205
734204
734203
734202
734201
734200
734199
734198
734196
734195
734194
734193
734192
734191
734190
734189
734188
734187
734186
734185
734184
734183
734182
734181
734180
734179
734178
734177
734176
734175
734174
734173
734172
734171
734170
734169
734168
734167
734166
734165
734164
734163
734162
734161
734160
734159
734158
734157
734156
734155
734154
734153
734152
734151
734150
734149
734148
734147
734146
734145
734144
734143
734142
734141
734140
734139
734138
734137
734136
734134
734133
734123
734122
734121
734120
734119
734118
734117
734116
734115
734114
734113
734112
734111
734110
734109
734108
734107
734106
734105
734104
734103
734102
734101
734100
734099
734098
734097
734096
734095
734094
734093
734092
734091
734090
734089
734088
734087
734086
734085
734084
734083
734082
734081
734080
734079
734078
734077
734076
734075
734074
734073
734072
734071
734070
734069
734068
734067
734066
734065
734064
734063
734062
734061
734060
734059
734058
734057
734056
734055
734054
734053
734052
734051
734050
734049
734048
734047
734046
734045
734044
734043
734042
734041
734040
734039
734038
734037
734036
734035
734034
734033
734032
734031
734030
734029
734028
734027
734026
734025
734024
734023
734022
734021
734020
734019
734018
734017
734016
734015
734014
734013
734012
734011
734010
734009
734008
734007
734006
733734
733717
734005
734004
734003
734002
734001
734000
733999
733998
733997
733996
733995
733994
733993
733992
733991
733990
733989
733988
733987
733986
733985
733984
733983
733982
733981
733980
733979
733978
733977
733976
733975
733974
733973
733972
733971
733970
733969
733968
733967
733966
733965
733964
733963
733962
733961
733960
733959
733958
733957
733956
733955
733954
733953
733952
733951
733950
733949
733948
733947
733946
733945
733944
733943
733942
733941
733940
733939
733938
733937
733936
733935
733934
733933
733932
733931
733930
733929
733928
733927
733790
733789
733788
733787
733786
733785
733784
733783
733782
733497
733499
733530
733551
733592
733625
733805
733872
733874
733883
733901
733903
733600
733604
733605
733607
733608
733610
733611
733612
733613
733614
733617
733618
733620
733623
733632
733636
733641
733601
733781
733780
733779
733778
733777
733776
733775
733774
733773
733772
733771
733770
733769
733768
733767
733766
733765
733764
733763
733762
733761
733760
733759
733758
733757
733756
733755
733754
733753
733752
733751
733750
733748
733747
733746
733745
733744
733743
733742
733741
733740
733739
733738
733737
733736
733735
733733
733732
733731
733730
733728
733727
733726
733725
733724
733723
733722
733721
733720
733719
733718
733716
733715
733713
733712
733711
733710
733708
733707
733706
733705
733703
733702
733701
733700
733699
733698
733697
733696
733695
733694
733693
733692
733691
733689
733688
733687
733686
733685
733684
733683
733682
733681
733680
733679
733678
733677
733676
733675
733674
733672
733671
733670
733669
733668
733667
733666
733665
733663
733662
733661
733660
733658
733657
733656
733655
733654
733645
733643
733642
733640
733639
733638
733637
733635
733633
733631
733630
733628
733627
733626
734282
734281
734280
734279
734278
734277
734276
734275
734274
734273
734270
734248
734247
734197
734135
734132
734131
734130
734129
734128
734127
734126
734125
734124
733926
733925
733924
733923
733922
733907
733921
733920
733919
733918
733917
733916
733915
733914
733913
733912
733910
733909
733908
733906
733905
733904
733902
733900
733899
733898
733897
733888
733887
733886
733885
733884
733882
733881
733880
733879
733878
733877
733876
733875
733873
733871
733870
733869
733868
733867
733866
733865
733864
733850
733846
733845
733842
733795
733794
733793
733792
733791
733749
733729
733714
733709
733704
733690
733673
733664
733659
733653
733652
733651
733650
733649
733648
733647
733646
733644
733634
733622
733621
733615
733609
733606
733602
733599
733598
733596
733597
733595
733589
733591
733590
733588
733587
733586
733583
733582
733581
733580
733579
733578
733577
733576
733570
733569
733552
733549
733548
733547
733546
733545
733544
733543
733542
733540
733539
733538
733537
733536
733535
733534
733533
733532
733531
733529
733528
733527
733526
733525
733524
733523
733522
733521
733520
733519
733518
733517
733516
733515
733514
733513
733512
733511
733510
733509
733508
733507
733506
733505
733504
733503
733502
733501
733500
733498
733496
733495
733494
733493
733492
733491
