784638
784631
784629
784628
784626
784622
784896
784895
784776
784773
784772
784771
784769
784768
784767
784617
784582
784602
784573
784593
784646
784645
784644
784632
784625
784624
784774
784775
784770
784587
784892
784777
784600
784634
784640
784621
784620
784591
784588
784592
784876
784890
784443
784616
784709
784804
784586
784608
784601
784791
784783
784972
784976
784977
784971
784973
784967
784966
784965
784964
784963
784962
784961
784960
784959
784958
784957
784956
784955
784954
784953
784952
784951
784950
784949
784948
784947
784946
784945
784944
784943
784942
784941
784940
784939
784938
784984
784983
784982
784981
784980
784979
784978
784975
784974
784970
784969
784968
784937
784936
784935
784934
784933
784932
784931
784930
784929
784928
784927
784925
784924
784923
784922
784921
784920
784919
784918
784917
784916
784915
784914
784913
784912
784911
784910
784909
784908
784907
784906
784905
784904
784903
784902
784901
784900
784898
784897
784894
784893
784891
784889
784888
784887
784886
784885
784884
784883
784882
784881
784880
784879
784878
784877
784875
784874
784873
784872
784871
784870
784869
784868
784867
784866
784864
784863
784862
784861
784860
784859
784858
784857
784856
784855
784854
784853
784852
784851
784850
784849
784848
784847
784846
784845
784844
784843
784842
784841
784840
784839
784838
784837
784836
784835
784834
784833
784832
784831
784830
784829
784828
784827
784825
784824
784823
784822
784821
784820
784819
784818
784817
784816
784815
784814
784813
784812
784811
784810
784809
784808
784807
784806
784805
784803
784802
784801
784800
784799
784798
784683
784691
784697
784700
784797
784796
784795
784794
784793
784792
784790
784789
784788
784787
784786
784785
784784
784782
784781
784780
784779
784778
784766
784765
784764
784763
784762
784761
784760
784759
784688
784689
784757
784756
784755
784754
784752
784751
784749
784748
784747
784745
784743
784741
784739
784737
784736
784735
784734
784733
784731
784730
784729
784684
784686
784703
784701
784728
784727
784726
784725
784724
784723
784722
784721
784720
784719
784718
784716
784715
784714
784713
784712
784711
784710
784708
784707
784706
784705
784704
784702
784699
784698
784696
784695
784694
784693
784690
784687
784685
784680
784679
784678
784677
784676
784675
784674
784673
784672
784671
784670
784669
784668
784667
784666
784665
784664
784663
784660
784659
784658
784657
784656
784655
784654
784653
784652
784651
784650
784649
784648
784647
784643
784642
784641
784639
784637
784636
784635
784633
784630
784627
784623
784619
784618
784615
784614
784613
784612
784611
784610
784609
784607
784606
784605
784604
784603
784599
784598
784597
784596
784595
784594
784590
784589
784585
784584
784583
784581
784580
784579
784578
784577
784576
784575
784574
784572
784571
784570
784569
784568
784567
784566
784565
784564
784563
784562
784561
784560
784559
784558
784557
784556
784554
784553
784552
784551
784550
784549
784548
784547
784546
784545
784544
784543
784542
784541
784540
784539
784538
784537
784536
784535
784534
784533
784532
784531
784530
784529
784528
784527
784526
784525
784524
784523
784522
784521
784520
784519
784518
784517
784516
784515
784514
784513
784512
784511
784509
784508
784507
784506
784505
784504
784503
784502
784501
784500
784499
784498
784497
784496
784495
784494
784493
784492
784491
784490
784489
784488
784487
784486
784485
784484
784483
784482
784481
784480
784479
784478
784477
784476
784475
784474
784473
784472
784471
784470
784469
784468
784467
784466
784465
784464
784463
784462
784461
784460
784459
784458
784457
784456
784455
784454
784453
784452
784451
784450
784449
784448
784447
784446
784445
784444
784442
784441
784440
784439
784438
784437
784436
784435
784434
784433
