835560
835559
835558
835557
835556
835555
835553
835554
835552
835569
835343
835367
835368
835370
835567
835360
835347
835331
835330
835329
835364
835361
835154
835326
835359
835357
835155
835256
835563
835293
835291
835254
835153
835290
835253
835351
835352
835353
835354
835355
835356
835358
835332
835333
835334
835335
835337
835338
835339
835340
835341
835342
835344
835345
835346
835348
835349
835350
835561
835327
835328
835336
835289
835252
835325
835151
835297
835296
835288
835258
835250
835177
835308
835309
835310
835424
835459
835591
835580
835366
835365
835188
835187
835593
835592
835590
835589
835588
835587
835586
835585
835584
835579
835578
835577
835576
835575
835573
835572
835571
835570
835568
835566
835564
835551
835550
835549
835548
835562
835547
835546
835545
835544
835543
835542
835541
835540
835539
835538
835537
835536
835535
835534
835533
835532
835531
835530
835528
835527
835526
835525
835523
835522
835521
835520
835519
835518
835517
835516
835515
835513
835512
835511
835510
835509
835508
835507
835506
835505
835504
835503
835502
835501
835500
835499
835498
835497
835496
835495
835494
835493
835492
835491
835490
835489
835488
835484
835483
835482
835481
835479
835478
835476
835475
835477
835474
835473
835472
835471
835469
835467
835466
835465
835464
835460
835457
835456
835454
835453
835470
835468
835463
835462
835461
835458
835455
835452
835451
835450
835449
835448
835447
835446
835445
835444
835443
835442
835441
835440
835439
835438
835437
835436
835435
835434
835433
835432
835431
835430
835429
835428
835427
835426
835422
835421
835420
835419
835418
835417
835416
835415
835414
835413
835412
835411
835410
835409
835408
835406
835405
835404
835402
835401
835399
835397
835396
835395
835391
835388
835387
835386
835385
835384
835383
835382
835381
835380
835379
835378
835377
835376
835375
835374
835373
835372
835371
835369
835363
835362
835324
835323
835322
835321
835320
835319
835318
835317
835316
835315
835314
835313
835312
835311
835307
835306
835305
835304
835303
835302
835301
835300
835299
835295
835294
835287
835286
835285
835284
835283
835282
835281
835280
835279
835278
835277
835275
835273
835272
835271
835270
835269
835268
835267
835265
835264
835263
835262
835261
835260
835259
835255
835251
835249
835248
835247
835246
835245
835244
835243
835242
835241
835240
835239
835237
835236
835235
835234
835233
835232
835231
835230
835229
835228
835227
835226
835225
835224
835223
835221
835220
835219
835218
835217
835216
835215
835214
835213
835212
835211
835210
835209
835208
835205
835204
835203
835202
835200
835199
835198
835197
835196
835195
835194
835193
835192
835191
835190
835181
835184
835189
835186
835185
835183
835182
835180
835179
835178
835176
835175
835174
835173
835172
835171
835170
835168
835167
835166
835165
835164
835163
835162
835161
835160
835159
835158
835157
835156
835152
835150
835149
835148
835147
835145
835144
835143
835142
835141
835139
835138
835137
835136
835135
835134
835133
835132
835131
835130
835128
835129
835127
835126
835125
835124
