778659
778609
778607
778605
779052
779050
779025
779062
779023
778966
778957
778959
778958
779051
779022
778976
778977
778980
778981
778985
778983
778979
778978
778975
779027
778982
778984
779021
778967
779142
778486
778901
778899
778898
778990
778514
778569
778953
779009
778739
778782
778732
778711
778538
778535
778534
778709
778707
779141
779140
779139
779138
779137
779136
779135
779134
779133
779132
779131
779130
779129
779128
779127
779126
779125
779124
779123
779122
779121
779120
779119
779117
779116
779115
779113
779112
779111
779110
779109
779108
779107
779106
779105
779104
779102
779101
779100
779099
779098
779097
779096
779095
779094
779093
779091
779090
779089
779088
779087
779086
779085
779084
779083
779081
779080
779079
779078
779077
779076
779075
779074
779073
779072
778933
778940
778934
778937
778938
778939
778941
778936
778944
778943
778942
778935
778949
779067
779066
779064
779059
779058
779057
779056
779055
779054
779053
779049
779047
779046
779045
779044
779043
779003
779000
779004
779041
779001
779002
779040
779039
779038
779037
779036
779035
779034
779033
779032
779031
779030
779029
779028
779026
779024
779019
779017
779016
779015
779014
779013
779012
779011
779010
779008
779007
779006
779005
778999
778998
778997
778996
778995
778994
778993
778992
778989
778988
778986
778974
778973
778972
778971
778970
778969
778968
778965
778964
778963
778962
778961
778960
778955
778954
778952
778951
778950
778948
778947
778946
778945
778932
778931
778930
778929
778928
778927
778926
778925
778924
778923
778922
778921
778920
778919
778918
778917
778916
778915
778914
778913
778912
778911
778910
778909
778908
778907
778906
778905
778904
778903
778902
778900
778897
778896
778895
778894
778893
778892
778891
778890
778889
778888
778887
778886
778885
778884
778883
778882
778880
778879
778878
778877
778876
778875
778873
778872
778871
778870
778869
778868
778867
778866
778865
778864
778863
778862
778861
778860
778858
778857
778856
778855
778854
778853
778852
778851
778850
778849
778848
778847
778846
778845
778844
778843
778842
778841
778840
778839
778838
778837
778836
778835
778834
778833
778832
778831
778830
778829
778828
778827
778826
778825
778824
778823
778822
778821
778820
778819
778818
778817
778816
778815
778814
778813
778812
778811
778809
778807
778806
778805
778804
778803
778802
778794
778793
778790
778789
778788
778787
778786
778785
778784
778781
778780
778779
778778
778777
778776
778775
778774
778773
778772
778770
778769
778768
778767
778766
778765
778764
778763
778762
778761
778760
778759
778758
778757
778756
778755
778754
778753
778752
778751
778750
778749
778748
778747
778746
778745
778744
778743
778742
778741
778740
778738
778737
778736
778735
778734
778733
778731
778730
778729
778728
778727
778726
778725
778724
778723
778722
778721
778720
778719
778718
778717
778716
778715
778714
778713
778712
778710
778708
778706
778705
778704
778703
778702
778701
778700
778699
778698
778697
778696
778695
778694
778693
778692
778691
778690
778689
778688
778687
778686
778685
778684
778683
778682
778681
778680
778679
778678
778677
778676
778675
778674
778673
778672
778671
778670
778669
778668
778667
778666
778665
778664
778663
778662
778661
778660
778658
778657
778656
778655
778654
778653
778652
778651
778650
778649
778648
778647
778646
778645
778644
778643
778642
778641
778640
778639
778638
778637
778636
778635
778634
778633
778632
778630
778631
778629
778628
778627
778626
778625
778624
778623
778622
778621
778620
778619
778618
778617
778616
778615
778614
778613
778612
778611
778610
778608
778606
778604
778603
778602
778601
778600
778599
778595
778592
778591
778590
778589
778588
778587
778586
778585
778584
778583
778582
778581
778580
778579
778578
778577
778576
778575
778574
778573
778572
778568
778567
778566
778565
778563
778562
778561
778560
778559
778558
778557
778556
778555
778554
778553
778552
778551
778550
778549
778548
778547
778546
778545
778542
778541
778540
778537
778536
778533
778532
778531
778530
778529
778528
778525
778524
778522
778520
778519
778518
778517
778516
778515
778513
778512
778511
778510
778509
778508
778507
778506
778505
778504
778503
778502
778501
778500
778499
778498
778497
778495
778494
778493
778492
778491
778490
778489
778488
778487
778485
778484
778483
778482
778481
