905765
905764
905667
905664
905763
905762
905663
905665
905674
905672
905675
905826
905817
905816
905912
905911
905910
905903
905909
905801
905789
905788
905913
905902
905901
905796
905792
905783
905777
905690
905644
905642
905592
905587
905908
905780
905730
905802
905914
905799
905797
905786
905779
905591
905734
905691
905773
905768
905686
905907
905795
905785
905778
905772
905638
905906
905769
905771
905590
905800
905794
905791
905787
905782
905733
905905
905776
905767
905685
905637
905589
905798
905793
905790
905784
905781
905775
905732
905687
905770
905766
905680
905636
905588
905896
905895
905894
905893
905900
905899
905898
905897
905904
905885
905884
905892
905889
905890
905580
905579
905888
905886
905874
905868
905855
905578
905577
905576
905557
905887
905883
905873
905858
905856
905551
905550
905872
905871
905870
905869
905568
905567
905566
905565
905867
905866
905575
905574
905564
905562
905552
905864
905863
905862
905860
905865
905573
905572
905571
905570
905569
905561
905560
905559
905549
905548
905919
905918
905917
905916
905915
905880
905879
905877
905876
905875
905861
905859
905857
905854
905852
905851
905850
905849
905848
905847
905846
905845
905844
905843
905842
905841
905840
905839
905838
905837
905836
905835
905834
905833
905832
905831
905830
905829
905828
905827
905825
905824
905823
905822
905821
905819
905818
905815
905814
905813
905812
905811
905810
905809
905808
905807
905806
905805
905804
905803
905774
905761
905760
905759
905758
905757
905756
905755
905754
905753
905752
905751
905750
905749
905748
905747
905746
905745
905744
905743
905742
905741
905739
905738
905737
905736
905735
905681
905731
905729
905728
905727
905726
905725
905724
905723
905722
905721
905720
905719
905718
905717
905716
905715
905714
905713
905712
905711
905710
905709
905708
905707
905706
905705
905704
905703
905702
905700
905699
905698
905697
905696
905695
905694
905693
905692
905689
905688
905684
905683
905682
905679
905678
905677
905676
905671
905670
905669
905668
905666
905662
905661
905660
905659
905658
905657
905656
905655
905654
905653
905652
905651
905650
905649
905648
905647
905646
905645
905643
905641
905640
905639
905635
905634
905633
905632
905631
905630
905629
905628
905627
905626
905625
905624
905623
905622
905621
905620
905619
905618
905617
905616
905615
905614
905613
905612
905611
905610
905609
905608
905607
905606
905605
905604
905603
905602
905601
905600
905599
905598
905597
905596
905595
905594
905593
905586
905585
905584
905583
905582
905581
905563
905558
905556
905555
905554
905553
905547
905546
905545
905544
905543
905542
905541
905540
905538
905537
905533
905532
905530
905529
905536
905535
905534
905531
905528
905526
905525
905524
905523
905522
905521
905519
905518
905517
905515
905513
905512
905511
905509
905508
905507
905506
905505
905504
905503
905502
905501
905500
905499
905498
905491
905497
905496
905495
905494
905493
905492
905490
905489
905488
905487
905486
905485
905484
905483
905482
905481
905480
905479
905478
905477
905476
905475
905474
905473
905472
905470
905469
905468
905467
905466
905465
905464
905463
905462
905461
905460
905459
905458
905457
905456
905455
905454
905453
905452
905451
905450
905449
905448
905447
905446
905445
905444
905443
905441
905440
905439
905438
905437
905436
905435
