747142
747347
747352
747389
747392
747399
747398
747341
747429
747401
747391
747350
747428
747388
747397
747345
747342
747427
747400
747351
747339
747298
747303
747300
747335
747332
747328
747313
747390
747386
747349
747344
747334
747306
747330
747338
747340
747311
747323
747302
747304
747299
747436
747437
747438
747441
747440
747435
747434
747433
747138
747156
747222
747224
747310
747318
747322
747325
747356
747359
747394
747432
747444
747475
747476
747486
747133
747487
747485
747484
747483
747482
747481
747480
747479
747478
747477
747473
747472
747471
747470
747469
747468
747467
747466
747465
747464
747463
747462
747461
747460
747459
747458
747457
747456
747455
747454
747453
747452
747450
747449
747442
747448
747447
747446
747445
747443
747439
747431
747426
747425
747424
747430
747423
747422
747421
747420
747419
747418
747417
747416
747415
747414
747413
747412
747411
747410
747409
747408
747407
747405
747404
747403
747402
747396
747395
747393
747387
747385
747384
747383
747382
747381
747380
747379
747378
747377
747376
747375
747374
747373
747372
747370
747369
747368
747367
747366
747365
747364
747363
747362
747361
747360
747358
747357
747355
747354
747353
747348
747346
747343
747337
747336
747333
747331
747329
747327
747326
747324
747321
747320
747319
747317
747316
747315
747314
747312
747308
747307
747305
747301
747297
747296
747295
747294
747293
747292
747291
747290
747289
747288
747287
747286
747285
747284
747283
747282
747281
747280
747279
747278
747277
747276
747275
747274
747273
747272
747271
747270
747269
747268
747267
747266
747265
747264
747263
747262
747261
747260
747259
747258
747257
747256
747255
747254
747253
747252
747251
747250
747249
747248
747247
747246
747245
747244
747243
747242
747240
747238
747237
747231
747232
747236
747235
747234
747233
747230
747229
747228
747227
747226
747225
747223
747221
747220
747219
747218
747217
747216
747215
747214
747213
747212
747211
747210
747209
747208
747207
747206
747205
747204
747203
747202
747201
747200
747199
747198
747197
747196
747195
747194
747193
747192
747191
747190
747189
747188
747187
747186
747185
747184
747183
747182
747181
747180
747178
747177
747176
747175
747174
747173
747172
747171
747170
747169
747168
747167
747166
747165
747164
747163
747162
747161
747159
747158
747157
747155
747154
747153
747152
747151
747150
747149
747148
747147
747145
747144
747143
747141
747140
747139
747137
747136
747135
747134
747131
747130
747129
747128
747127
747126
747125
747124
747123
