850208
850199
850200
850272
850266
850256
850270
850264
850261
850255
850253
850206
850204
850502
850500
850352
850498
850220
850221
850320
850316
850311
850530
850084
850085
850087
850088
850090
850091
850092
850094
850095
850096
850097
850098
850099
850100
850102
850103
850104
850105
850106
850107
850108
850109
850110
850111
850112
850115
850116
850117
850118
850137
850138
850158
850314
850338
850544
850119
850120
850121
850122
850123
850519
850515
850487
850525
850510
850514
850404
850516
850524
850509
850485
850520
850518
850347
850344
850340
850350
850308
850440
850383
850508
850335
850277
850268
850239
850152
850151
850148
850143
850332
850384
850443
850146
850145
850517
850484
850523
850507
850403
850442
850382
850333
850279
850147
850150
850144
850349
850345
850157
850142
850441
850381
850331
850278
850265
850307
850139
850439
850154
850522
850506
850343
850346
850348
850379
850238
850262
850276
850330
850149
850141
850329
850275
850259
850237
850529
850526
850494
850488
850575
850574
850573
850572
850571
850570
850569
850567
850566
850565
850564
850563
850562
850561
850560
850559
850558
850557
850556
850555
850553
850552
850551
850550
850549
850548
850547
850545
850543
850542
850541
850540
850539
850538
850537
850535
850534
850533
850532
850531
850527
850521
850513
850512
850274
850328
850377
850438
850511
850504
850505
850503
850501
850499
850497
850496
850495
850493
850492
850491
850490
850489
850486
850482
850481
850480
850478
850477
850476
850475
850474
850473
850472
850471
850470
850469
850468
850467
850466
850465
850464
850463
850462
850461
850460
850459
850458
850457
850456
850455
850454
850453
850452
850451
850450
850449
850448
850447
850446
850445
850444
850437
850436
850435
850434
850433
850432
850431
850430
850429
850428
850427
850426
850425
850424
850423
850421
850420
850419
850418
850417
850416
850415
850414
850413
850412
850411
850410
850409
850408
850407
850300
850296
850291
850406
850405
850402
850401
850400
850302
850297
850292
850290
850286
850399
850398
850397
850396
850395
850394
850393
850392
850391
850390
850216
850227
850223
850389
850388
850386
850387
850385
850380
850378
850376
850375
850289
850298
850293
850374
850373
850372
850371
850370
850369
850368
850367
850366
850365
850230
850218
850364
850363
850362
850361
850360
850359
850358
850357
850356
850355
850353
850351
850342
850341
850339
850337
850336
850287
850285
850299
850334
850327
850326
850325
850323
850322
850321
850319
850317
850315
850313
850312
850310
850305
850304
850303
850301
850288
850294
850295
850284
850283
850282
850280
850217
850228
850222
850231
850271
850263
850260
850251
850250
850245
850244
850243
850242
850240
850212
850213
850214
850236
850235
850234
850233
850232
850229
850226
850225
850224
850219
850215
850211
850210
850209
850207
850205
850203
850202
850201
850198
850197
850196
850195
850194
850193
850192
850191
850189
850188
850186
850185
850184
850183
850182
850181
850180
850179
850178
850177
850176
850175
850174
850173
850172
850171
850170
850169
850168
850167
850166
850165
850164
850163
850162
850161
850159
850156
850155
850153
850140
850134
850133
850132
850131
850130
850129
850128
850127
850126
850125
850124
850114
850113
850089
850086
850083
850082
850081
850080
850079
850078
850077
850076
850075
850073
850072
850071
850070
850069
850068
850067
850066
850065
