892160
892182
892181
892168
892170
892176
892173
892185
892183
892180
892178
892102
892177
892175
892505
892442
892432
892408
892261
892257
892256
892255
892100
892551
892334
892227
892189
892246
892238
892233
892295
892292
892305
892298
892283
892303
892291
892284
892296
892294
892247
892301
892290
892245
892237
892235
892188
892234
892242
892236
892119
892299
892288
892241
892232
892425
892424
892422
892421
892089
892114
892116
892225
892343
892481
892534
892535
892536
892554
892240
892229
892430
892426
892484
892483
892489
892488
892487
892486
892219
892214
892213
892212
892206
892315
892405
892347
892346
892345
892099
892510
892513
892569
892568
892567
892566
892565
892564
892563
892562
892561
892560
892559
892558
892557
892556
892555
892553
892552
892550
892549
892548
892547
892546
892545
892544
892543
892542
892541
892540
892539
892538
892537
892533
892532
892531
892530
892529
892528
892527
892526
892525
892524
892523
892522
892521
892520
892519
892518
892517
892516
892515
892514
892512
892511
892509
892508
892507
892501
892502
892504
892503
892500
892499
892498
892496
892497
892494
892493
892492
892491
892490
892478
892485
892482
892480
892479
892477
892476
892475
892474
892472
892471
892470
892469
892468
892467
892466
892465
892464
892463
892462
892461
892459
892457
892456
892455
892454
892453
892452
892451
892450
892449
892448
892447
892446
892445
892444
892443
892441
892440
892439
892438
892437
892436
892435
892434
892433
892431
892429
892428
892427
892423
892419
892417
892416
892415
892414
892413
892412
892411
892409
892406
892404
892403
892402
892401
892400
892399
892398
892397
892396
892395
892394
892393
892392
892391
892390
892389
892388
892387
892386
892385
892384
892383
892382
892381
892380
892379
892378
892377
892376
892375
892374
892373
892372
892371
892370
892369
892367
892366
892365
892364
892363
892362
892359
892358
892357
892356
892355
892354
892353
892352
892351
892350
892349
892348
892344
892342
892341
892340
892338
892337
892336
892335
892333
892332
892331
892330
892329
892328
892326
892325
892324
892323
892322
892321
892320
892319
892318
892317
892316
892314
892313
892312
892311
892310
892309
892308
892307
892306
892304
892302
892300
892297
892293
892289
892287
892286
892285
892282
892281
892280
892279
892278
892277
892276
892275
892274
892273
892272
892271
892270
892269
892268
892267
892266
892265
892263
892262
892260
892259
892258
892254
892253
892251
892250
892244
892239
892231
892228
892224
892222
892221
892218
892217
892216
892215
892211
892210
892209
892208
892207
892205
892204
892203
892202
892201
892200
892199
892198
892197
892196
892195
892194
892193
892192
892191
892190
892187
892186
892184
892179
892174
892169
892167
892166
892165
892164
892163
892162
892161
892159
892158
892157
892156
892155
892154
892153
892151
892150
892149
892148
892147
892146
892145
892144
892143
892142
892140
892139
892137
892135
892134
892133
892132
892131
892130
892129
892128
892127
892126
892125
892124
892122
892121
892120
892118
892117
892115
892113
892112
892111
892110
892109
892108
892107
892106
892105
892104
892103
892101
892098
892097
892096
892095
892094
892093
892092
892091
892090
892088
892087
892086
892085
892084
892083
892082
892081
892079
892078
892077
892076
892075
892074
892073
