839223
839224
839225
838937
838936
838932
838929
838923
838922
838895
838898
839083
839111
839154
838892
839077
839156
839150
839121
839109
839085
839079
839153
839112
839080
839084
838948
838946
838942
838940
838939
838938
838935
838934
838925
839155
839152
839149
839120
839110
839108
839081
838951
838950
838949
838947
838945
838931
838927
838920
839078
839076
838899
838897
838894
838891
838740
838738
838737
838732
838731
838730
838729
838728
838727
838726
838725
838724
838723
839226
838917
838918
838678
839126
839127
838749
838748
838747
838750
839070
839066
839065
839064
839063
839062
839061
839060
839059
839058
839055
839054
839052
839051
838970
838958
838954
839057
839056
839047
839042
839041
839038
839037
839036
839034
839033
839032
839025
839023
839022
839021
839020
839019
839018
839015
839014
839013
839011
839010
839009
839007
839006
839005
839004
839002
839001
839220
839228
839227
838962
838961
838960
838971
838973
838974
838975
839222
839219
839218
839217
839216
839213
839212
839211
839210
839209
839208
839207
839206
839205
839204
839203
839199
839198
839196
839194
839193
839192
839191
839188
839187
839186
839185
839184
839183
839182
839181
839180
839179
839178
839177
839176
839175
839174
839171
839170
839169
839168
839167
839166
839165
839164
839163
839162
839151
839148
839147
839146
839145
839144
839143
839142
839141
839140
839139
839138
839132
839131
839130
839129
839128
839125
839124
839123
839122
839119
839118
839117
839116
839029
839028
839115
839107
839106
839105
839104
839102
839101
839100
839099
839098
839096
839094
839093
839092
839090
839089
839088
839087
839086
839082
839075
839000
838999
838998
838997
838995
838994
838721
838720
839074
838719
838718
838717
838715
838714
838711
838710
838709
838708
838707
838706
838705
838704
838703
838702
838701
838700
838699
838698
838697
838696
838695
839073
839072
839071
839069
839068
839067
838944
838985
839043
839046
838943
839008
839053
839050
839049
839048
839045
839044
839040
839039
839035
839031
839030
839027
839026
839024
839016
839012
839003
838996
838993
838992
838991
838990
838989
838988
838987
838986
838984
838983
838982
838981
838980
838979
838978
838977
838976
838972
838969
838968
838967
838966
838965
838964
838963
838959
838957
838955
838953
838952
838941
838933
838930
838928
838926
838924
838921
838919
838916
838915
838911
838910
838909
838908
838907
838906
838905
838904
838903
838902
838901
838900
838896
838893
838890
838889
838888
838887
838886
838885
838884
838883
838882
838881
838880
838879
838878
838877
838875
838873
838871
838869
838868
838867
838866
838864
838863
838862
838861
838860
838858
838857
838856
838855
838854
838853
838852
838851
838849
838848
838846
838845
838829
838825
838780
838778
838775
838773
838772
838771
838769
838768
838767
838766
838765
838764
838763
838762
838760
838759
838757
838751
838755
838753
838752
838754
838745
838744
838743
838742
838741
838739
838736
838735
838734
838733
838722
838694
838693
838692
838691
838690
838689
838686
838684
838683
838682
838681
838680
838679
838677
838675
838674
838673
838672
838671
838670
838668
838667
838666
838665
838664
838663
838662
838661
838660
838659
838716
838713
838712
838688
838687
838685
838676
838669
838658
838657
838656
838655
838654
838653
838652
838651
838649
838648
838647
838646
838645
838644
838650
