923906
923614
923990
923900
923617
923613
923608
923607
923789
923750
923791
923749
923748
923792
923803
923801
923800
923788
923747
923799
923746
923999
923998
923996
923995
923993
923992
923988
923987
923985
923984
923983
923982
923981
923977
923976
923975
923974
923705
923699
923685
923676
923672
923682
923703
923702
923697
923693
923692
923683
923677
923675
923674
923616
923963
923673
923671
923670
923669
923793
923668
923667
923666
923665
923664
923663
924082
924083
923885
923886
923887
923883
923881
923880
923879
923680
923954
923816
923956
923962
924095
924094
924093
924092
924091
924090
924089
924088
924087
924086
924085
924084
924081
924080
924079
924072
924073
924074
924075
924076
924078
924077
924070
924071
924069
924068
924067
924066
924065
924064
924063
924062
924061
924060
924059
924058
924057
924056
924055
924054
924053
924052
924051
924050
924049
924048
924047
924046
924045
924044
924043
924042
924041
924040
924039
924038
924037
924036
924035
924034
924033
924032
924031
924030
924029
924028
924027
924026
924025
924024
924023
924022
924021
924020
924019
924018
924017
924016
924015
924014
924013
924012
924011
924010
924009
924008
924007
924006
924005
924004
924003
924002
924001
923980
923979
923978
923997
923994
923991
923989
923986
923973
923972
923971
923970
923969
923968
923967
923966
923965
923964
923959
923958
923957
923955
923953
923952
923951
923950
923949
923948
923947
923946
923945
923944
923943
923942
923941
923940
923937
923935
923934
923932
923931
923929
923928
923926
923925
923924
923923
923922
923921
923920
923919
923918
923917
923916
923915
923914
923913
923912
923909
923908
923907
923904
923903
923898
923893
923889
923615
923612
923888
923884
923882
923873
923872
923871
923870
923869
923868
923867
923866
923865
923864
923863
923862
923861
923860
923859
923858
923857
923855
923854
923853
923852
923851
923850
923849
923848
923847
923846
923844
923843
923842
923841
923840
923839
923837
923836
923835
923834
923833
923832
923831
923830
923829
923828
923827
923826
923825
923824
923823
923822
923821
923820
923819
923818
923817
923815
923814
923811
923810
923809
923808
923807
923805
923804
923802
923798
923797
923796
923795
923794
923790
923787
923785
923784
923782
923781
923780
923779
923778
923777
923776
923775
923774
923773
923772
923771
923770
923769
923768
923767
923765
923764
923763
923762
923761
923760
923759
923758
923757
923756
923755
923754
923753
923752
923751
923745
923744
923743
923742
923741
923740
923739
923738
923737
923736
923735
923734
923733
923732
923731
923730
923729
923728
923727
923726
923725
923724
923723
923722
923721
923720
923719
923717
923716
923715
923710
923709
923708
923707
923706
923704
923701
923698
923696
923695
923691
923690
923689
923686
923684
923662
923660
923659
923658
923657
923656
923655
923654
923653
923652
923650
923649
923648
923647
923646
923645
923644
923642
923636
923635
923634
923632
923631
923630
923629
923628
923627
923626
923625
923624
923623
923622
923621
923620
923618
923611
923610
923609
923606
923605
923604
