746840
746831
746964
746973
746970
747008
747010
746979
746972
746962
746978
746880
746833
747076
747016
746969
746967
747075
747023
747005
747009
746974
746838
746836
746832
746829
746806
746821
746803
746797
746802
746793
746795
746877
746852
746830
746966
746968
746792
747069
746805
746798
746796
746791
746828
746638
746712
746855
746944
746983
747013
747021
747108
747078
746933
746932
746930
746929
746928
746927
746926
746923
746919
746917
747095
747096
747097
747098
747099
747100
747101
747102
747103
747104
747105
746975
746977
746976
747122
747121
747120
747119
747118
747117
747116
747115
747114
747113
747111
747110
747109
747107
747106
747025
747026
747027
747028
747029
747030
747031
747032
747033
747035
747036
747037
747038
747039
747040
747041
747042
747044
747045
747047
747048
747049
747050
747051
747052
747053
747054
747055
747056
747057
747059
747061
747062
747063
747094
747093
747092
747091
747090
747089
747088
747087
747086
747085
747084
747083
747082
747081
747080
747077
747073
747074
747072
747071
747070
747068
747067
747066
747065
747064
747060
747058
747046
747043
747034
747024
747022
747020
747019
747018
747017
747015
747014
747012
747011
747007
747006
747004
747003
747002
747001
747000
746999
746998
746997
746996
746995
746994
746993
746991
746990
746989
746988
746987
746986
746985
746984
746982
746981
746980
746971
746965
746963
746961
746960
746959
746957
746956
746954
746953
746952
746951
746950
746949
746948
746947
746946
746945
746943
746942
746941
746940
746938
746937
746936
746934
746931
746925
746924
746922
746920
746918
746916
746914
746913
746912
746911
746910
746909
746908
746907
746906
746905
746904
746903
746902
746901
746900
746899
746898
746897
746896
746895
746894
746893
746892
746891
746890
746889
746888
746887
746886
746885
746884
746883
746882
746881
746879
746878
746876
746875
746874
746873
746872
746871
746870
746868
746867
746866
746865
746864
746863
746862
746861
746860
746859
746858
746857
746856
746854
746853
746851
746850
746849
746848
746847
746846
746845
746844
746843
746842
746841
746839
746837
746835
746827
746826
746825
746824
746823
746822
746820
746817
746819
746816
746815
746814
746813
746812
746810
746809
746808
746714
746716
746717
746718
746720
746721
746722
746723
746724
746725
746726
746728
746729
746730
746732
746734
746742
746743
746744
746745
746748
746749
746750
746751
746752
746754
746755
746756
746757
746758
746759
746767
746768
746769
746770
746772
746773
746774
746776
746777
746778
746779
746780
746804
746801
746800
746799
746794
746790
746789
746788
746787
746786
746785
746784
746783
746782
746781
746775
746771
746766
746765
746764
746763
746762
746761
746760
746753
746747
746746
746741
746740
746739
746738
746737
746736
746735
746733
746731
746727
746719
746715
746713
746711
746709
746708
746707
746706
746705
746704
746703
746702
746701
746700
746699
746698
746697
746696
746695
746694
746693
746692
746691
746690
746689
746688
746687
746686
746685
746684
746683
746682
746681
746680
746679
746678
746677
746676
746675
746673
746672
746668
746670
746669
746667
746666
746665
746663
746662
746661
746660
746659
746658
746657
746656
746655
746654
746653
746652
746651
746650
746649
746648
746647
746646
746645
746644
746643
746642
746641
746640
746639
746637
746636
746635
746634
746633
746632
746631
746630
746629
746628
746627
746626
746625
746624
746623
746622
746621
