866558
866544
866314
866313
866312
866555
866542
866569
866574
866573
866971
866549
866233
866232
866216
866220
866222
866225
866519
866520
866515
866447
866543
866305
866303
866251
866260
866267
866274
866276
866293
866298
866391
866392
866471
866462
866538
866411
866413
866414
866470
866463
866282
866289
866300
866292
866275
866273
866269
866257
866249
866541
866307
866900
866899
866897
866895
866893
866888
866886
866885
866880
866878
866876
866872
866871
866870
866869
866867
866868
866866
866865
866862
866860
866858
866856
866853
866851
866847
866844
866843
866842
866841
866840
866839
866837
866835
866833
866831
866829
866827
866825
866824
866823
866822
866820
866818
866816
866814
866810
866806
866804
866802
866801
866799
866797
866469
866386
866539
866283
866261
866536
866468
866464
866409
866301
866288
866281
866272
866270
866385
866294
866979
866976
866966
866968
866956
866952
866930
866906
866796
866795
866794
866793
866791
866788
866786
866784
866781
866779
866778
866777
866776
866772
866771
866769
866766
866764
866761
866759
866758
866757
866756
866754
866751
866748
866746
866743
866741
866738
866736
866308
866533
866467
866285
866388
866387
866295
866291
866466
866461
866279
866256
866266
866290
866296
866497
866496
866949
866959
866958
866951
866942
866934
866278
866264
866255
866734
866732
866731
866730
866728
866727
866726
866725
866723
866722
866720
866716
866718
866715
866713
866711
866710
866708
866707
866706
866704
866702
866701
866699
866697
866695
866693
866910
866913
866918
866927
866920
866938
866933
866915
866955
866691
866689
866688
866687
866686
866685
866684
866683
866682
866680
866678
866676
866674
866673
866671
866669
866666
866664
866663
866662
866660
866658
866656
866653
866651
866650
866648
866939
866929
866961
866954
866970
866907
866963
866962
866947
866946
866945
866941
866935
866931
866925
866924
866917
866916
866903
866902
866904
866905
866909
866944
866980
866919
866912
866646
866645
866643
866642
866641
866640
866639
866638
866636
866635
866622
866620
866618
866616
866615
866614
866613
866612
866610
866608
866605
866602
866600
866598
866597
866595
866594
866981
866977
866882
866850
866849
866846
866790
866783
866782
866780
866775
866774
866768
866763
866855
866969
866978
866936
866593
866591
866589
866588
866586
866585
866584
866583
866581
866580
866568
866566
866565
866564
866563
866561
866559
866556
866553
866551
866548
866540
866534
866218
866217
866215
866219
866223
866224
866745
866750
866753
866967
866957
866953
866950
866943
866932
866928
866911
866914
866908
866212
866211
866210
866209
866207
866197
866196
866205
866206
866201
866194
866195
866421
866418
866191
866189
866192
866190
866202
866226
866208
866227
866221
866200
866579
866578
866892
866891
866890
866884
866883
866975
866974
866973
866972
866965
866964
866960
866948
866940
866937
866926
866923
866922
866921
866873
866864
866813
866812
866809
866808
866740
866668
866655
866634
866633
866632
866631
866630
866629
866628
866627
866626
866625
866624
866607
866606
866604
866596
866472
866577
866576
866575
866572
866571
866570
866537
866535
866532
866530
866529
866528
866527
866526
866525
866524
866523
866522
866521
866518
866517
866516
866514
866513
866512
866511
866510
866509
866508
866507
866506
866505
866504
866503
866502
866501
866500
866499
866495
866494
866492
866489
866488
866487
866486
866485
866484
866483
866482
866481
866480
866478
866476
866475
866474
866473
866465
866460
866459
866458
866457
866456
866455
866454
866453
866452
866451
866450
866449
866448
866446
866445
866444
866443
866442
866441
866440
866439
866438
866437
866436
866435
866434
866433
866432
866431
866430
866429
866428
866427
866426
866425
866424
866423
866422
866420
866419
866417
866416
866415
866253
866412
866410
866408
866407
866406
866405
866404
866403
866402
866401
866400
866399
866398
866397
866396
866395
866394
866393
866340
866345
866350
866360
866390
866389
866383
866382
866381
866380
866379
866378
866377
866376
866375
866374
866373
866372
866371
866370
866369
866368
866367
866366
866365
866364
866363
866362
866361
866359
866358
866357
866356
866355
866354
866353
866352
866351
866349
866348
866347
866346
866344
866343
866342
866341
866339
866338
866336
866335
866334
866333
866332
866331
866330
866329
866328
866327
866326
866325
866324
866323
866322
866321
866320
866319
866318
866311
866310
866309
866306
866304
866302
866299
866297
866287
866286
866284
866280
866277
866268
866263
866262
866258
866252
866250
866248
866247
866246
866245
866244
866243
866242
866241
866240
866239
866238
866237
866236
866235
866234
866231
866230
866229
866228
866213
866214
866204
866203
866199
866198
866193
866188
866187
866186
866185
866184
866183
866182
866181
866180
866179
866178
