734340
734345
734586
734580
734577
734762
734587
734583
734556
734553
734549
734525
734585
734582
734548
734579
734761
734524
734763
734584
734581
734578
734357
734552
734557
734755
734754
734753
734752
734751
734750
734749
734748
734747
734746
734745
734744
734743
734742
734741
734740
734739
734738
734737
734736
734735
734734
734733
734732
734731
734730
734729
734728
734726
734725
734722
734721
734720
734719
734718
734717
734716
734715
734714
734713
734712
734711
734709
734708
734707
734706
734705
734704
734703
734702
734701
734700
734699
734698
734697
734696
734695
734694
734693
734692
734691
734690
734689
734688
734687
734686
734685
734684
734545
734544
734543
734542
734541
734540
734539
734538
734537
734536
734535
734534
734533
734532
734531
734530
734529
734528
734523
734520
734519
734518
734517
734516
734515
734514
734513
734512
734511
734510
734509
734508
734507
734506
734505
734504
734503
734502
734500
734499
734498
734497
734496
734495
734494
734493
734492
734491
734489
734487
734485
734484
734482
734481
734478
734477
734476
734475
734474
734472
734469
734467
734466
734465
734462
734458
734457
734456
734455
734454
734453
734451
734450
734449
734448
734447
734446
734444
734442
734440
734439
734438
734436
734435
734434
734433
734431
734429
734428
734426
734425
734424
734423
734422
734421
734420
734419
734418
734417
734416
734415
734414
734413
734412
734411
734410
734409
734408
734407
734406
734405
734404
734403
734402
734401
734400
734399
734398
734397
734396
734395
734394
734393
734392
734391
734390
734389
734388
734387
734386
734385
734384
734383
734382
734381
734380
734379
734378
734377
734376
734375
734374
734373
734372
734371
734370
734369
734368
734367
734366
734365
734364
734363
734362
734361
734360
734359
734358
734356
734355
734354
734353
734352
734351
734350
734349
734348
734347
734346
734344
734343
734342
734341
734339
734338
734337
734336
734335
734334
734333
734332
734331
734330
734329
734328
734327
734326
734325
734324
734323
734322
734321
734320
734319
734318
734303
734292
734297
734464
734522
734526
734594
734647
734648
734649
734654
734662
734769
734783
734782
734781
734780
734779
734778
734777
734776
734775
734773
734774
734772
734770
734768
734771
734767
734766
734765
734764
734760
734759
734758
734757
734756
734724
734723
734710
734683
734681
734680
734679
734677
734676
734675
734674
734672
734671
734670
734669
734668
734667
734666
734665
734664
734663
734661
734660
734659
734658
734657
734656
734655
734653
734652
734651
734650
734646
734645
734644
734643
734642
734641
734640
734639
734638
734637
734636
734635
734634
734633
734632
734631
734630
734629
734628
734627
734626
734625
734624
734623
734622
734621
734620
734619
734618
734617
734616
734615
734614
734613
734612
734611
734610
734609
734608
734607
734606
734605
734604
734602
734601
734600
734599
734598
734597
734596
734595
734593
734592
734591
734590
734589
734588
734576
734575
734574
734573
734572
734571
734570
734569
734568
734567
734566
734565
734564
734563
734562
734561
734560
734559
734558
734555
734551
734550
734546
734527
734521
734501
734490
734488
734486
734483
734480
734479
734473
734471
734470
734468
734463
734461
734460
734459
734452
734445
734443
734441
734437
734432
734430
734427
734317
734316
734315
734314
734313
734310
734309
734308
734307
734306
734305
734304
734302
734301
734300
734299
734298
734296
734295
734294
734293
734291
734290
734289
734288
734287
734286
734285
734284
