751223
751264
751252
751204
751209
751256
751253
751200
751196
751206
751216
751221
751203
751191
751173
751210
751255
751268
751217
751201
751193
751214
751169
751174
751208
751205
751215
751202
751199
751195
751183
751181
751178
751172
751123
751121
750959
751083
751081
751207
751189
751197
751089
751108
751192
751177
751171
751094
751102
751082
751080
751078
751098
751198
751194
750958
751176
751175
751107
751101
751091
751077
751096
751095
750965
750969
750971
751006
751137
751141
751160
751162
751179
751287
751184
751182
751166
750945
750954
751002
751010
751003
750947
750950
750946
750949
750952
750948
750951
750953
750981
750980
750979
750978
751076
751079
751084
751086
751088
751090
751306
751304
751303
751302
751301
751300
751299
751298
751297
751296
751295
751294
751293
751292
751291
751290
751289
751288
751286
751285
751284
751283
751282
751281
751280
751279
751278
751277
751276
751275
751274
751273
751272
751271
751270
751219
751220
751222
751224
751225
751228
751230
751237
751240
751244
751245
751246
751247
751248
751250
751254
751257
751259
751262
751266
751267
751269
751265
751263
751261
751260
751258
751251
751249
751243
751242
751241
751239
751238
751236
751235
751234
751233
751232
751231
751229
751227
751226
751218
751213
751212
751211
751190
751188
751187
751186
751185
751180
751170
751168
751167
751164
751163
751161
751159
751158
751157
751156
751155
751154
751153
751152
751151
751150
751149
751148
751147
751146
751145
751144
751143
751142
751140
751139
751138
751136
751135
751134
751133
751132
751131
751130
751129
751128
751127
751126
751125
751124
751122
751120
751119
751118
751117
751116
751115
751114
751113
751112
751111
751110
751109
751106
751105
751104
751103
751099
751097
751093
751092
751087
751085
751075
751074
751073
751072
751071
751070
751069
751068
751067
751066
751065
751064
751063
751061
751060
751059
751058
751057
751056
751055
751054
751053
751052
751051
751050
751049
751048
751047
751046
751045
751044
751041
751036
751035
751034
751032
751031
751030
751029
751028
751027
751026
751025
751024
751022
751021
751020
751019
751018
751017
751016
751015
751014
751013
751012
751011
751005
751004
751001
751000
750999
750998
750997
750996
750995
750994
750993
750992
750991
750990
750989
750988
750987
750986
750985
750984
750983
750982
750977
750976
750975
750974
750973
750972
750970
750968
750967
750966
750964
750963
750962
750961
750960
750957
750956
750955
750944
750943
750942
750941
750940
750939
750938
750936
