897085
897088
897087
897086
897121
897061
897059
896890
897126
897124
897198
897197
897193
897189
897196
897195
897192
897191
897188
897187
896795
897200
897199
897194
897190
897186
896866
896867
896868
896869
896870
896871
896910
896918
896920
896922
897037
897212
897288
896962
896965
897118
897117
897116
897120
897067
897069
897064
897231
897216
897150
897142
897140
897255
897251
897260
897259
897253
897209
897218
897228
897249
897229
897217
897230
897223
897210
897151
897143
896945
897220
897227
897208
897256
897232
897224
897244
897155
897147
897226
897214
896944
897207
896942
897225
897213
897148
897141
896940
897278
897149
897146
896809
897180
897154
897156
897153
897172
897136
897176
897131
897275
897132
897177
897178
897139
897175
897145
897179
897171
897169
897274
897272
897276
897161
897160
897166
897167
897165
897163
897125
897273
897028
897027
897026
897025
897023
897024
897022
897021
897020
897019
897018
897007
897123
897102
897174
897110
897017
897016
897015
897013
897012
897011
897009
897008
897006
897004
897128
897185
897135
897236
897238
897240
897241
897242
897245
897247
897248
897250
897252
897294
897293
897292
897291
896855
897290
897289
897287
897286
897285
897271
897269
897268
897267
897266
897265
897264
897263
897262
897258
897257
897254
897246
897243
897239
897237
897235
897234
897233
897222
897221
897219
897215
897211
897206
897205
897204
897203
897201
897202
897184
897183
897182
897181
897173
897170
897168
897164
897162
897158
897159
897003
897002
897001
896988
896987
896986
896984
896983
896982
896981
896980
896979
896977
896976
897157
897152
897144
897138
897137
897134
897133
897130
897129
897127
897122
897119
897115
897114
897113
897112
897111
897109
897108
897107
897106
897105
897104
897103
897101
897100
897099
897098
897097
897096
897095
897094
897093
897092
897091
897090
897089
897084
897083
897082
897081
897080
897079
897078
897077
897076
897075
897074
897071
897070
897068
897066
897063
897062
897058
897057
897056
897055
897054
897053
897052
897051
897050
897049
897048
897047
897046
897045
897044
897043
897042
897041
897040
897039
897036
897035
897034
897033
897032
897031
897030
897029
897014
897010
897005
897000
896999
896998
896997
896996
896995
896994
896993
896992
896991
896990
896989
896985
896978
896975
896974
896973
896972
896971
896970
896969
896968
896967
896966
896964
896963
896961
896960
896959
896958
896957
896956
896955
896954
896953
896952
896951
896950
896949
896948
896947
896946
896943
896941
896939
896938
896937
896936
896934
896932
896931
896930
896929
896928
896926
896925
896924
896923
896921
896917
896916
896915
896914
896913
896912
896911
896909
896908
896907
896906
896904
896903
896902
896900
896899
896898
896897
896896
896895
896894
896893
896892
896891
896889
896888
896886
896885
896884
896883
896882
896881
896880
896879
896878
896877
896876
896875
896874
896873
896765
896766
896767
896768
896769
896770
896771
896772
896773
896774
896775
896776
896777
896778
896779
896780
896781
896782
896783
896784
896785
896786
896788
896789
896790
896791
896792
896793
896872
896862
896861
896860
896859
896857
896856
896854
896853
896852
896851
896850
896849
896848
896847
896846
896845
896844
896843
896842
896841
896840
896839
896838
896837
896836
896835
896834
896833
896832
896831
896830
896829
896828
896827
896826
896825
896824
896823
896822
896821
896820
896819
896818
896817
896816
896815
896814
896813
896812
896811
896810
896808
896807
896805
896804
896803
896802
896800
896799
896794
896764
