773622
773621
773673
773543
773536
773537
773652
773659
773661
773562
773558
773555
773551
773657
773584
773583
773582
773579
773654
773660
773553
773653
773651
773581
773557
773552
773427
773580
773578
773554
773550
773442
773443
773444
773686
773685
773684
773683
773682
773681
773680
773679
773678
773677
773676
773675
773670
773669
773667
773666
773665
773664
773663
773662
773658
773655
773650
773649
773648
773647
773646
773645
773644
773643
773642
773641
773640
773639
773638
773637
773636
773635
773634
773633
773632
773631
773630
773629
773628
773627
773626
773625
773624
773623
773620
773619
773618
773617
773616
773615
773614
773613
773612
773611
773609
773608
773607
773606
773605
773604
773603
773602
773601
773600
773599
773598
773597
773596
773595
773594
773593
773592
773591
773590
773589
773588
773587
773586
773585
773576
773575
773573
773572
773571
773570
773569
773568
773567
773566
773565
773564
773563
773561
773560
773559
773556
773549
773548
773547
773546
773544
773541
773540
773539
773538
773535
773534
773533
773532
773531
773530
773529
773528
773527
773526
773525
773524
773523
773522
773521
773520
773519
773518
773517
773516
773515
773514
773513
773512
773511
773510
773509
773507
773506
773505
773504
773503
773502
773500
773499
773498
773497
773496
773495
773494
773493
773492
773491
773489
773488
773487
773486
773485
773483
773482
773481
773480
773479
773478
773477
773476
773475
773473
773472
773471
773470
773469
773468
773467
773466
773465
773464
773463
773462
773461
773460
773459
773458
773457
773456
773454
773453
773452
773450
773449
773448
773447
773446
773445
773441
773440
773439
773438
773437
773436
773435
773434
773433
773432
773431
773430
773429
773428
773426
773425
773424
773423
773422
773421
773420
773419
773418
773417
773416
773415
773414
773413
773411
