937974
937909
937899
937900
937947
937897
937975
937908
937898
937973
937903
937896
937972
937902
937895
937818
937814
937774
937773
937770
938012
937797
937843
937841
937821
937778
937779
937780
937781
937782
937783
937666
937667
937668
937669
937670
937671
937672
937673
937674
937675
937676
937677
937678
937679
937680
937681
937682
937683
937684
937685
937686
937694
937698
937699
937700
937701
937702
937703
937704
937705
937706
937707
937708
937711
937712
937713
937714
937715
937716
937717
937718
937719
937720
937721
937722
937723
938023
938022
938021
938020
938019
938018
938017
938016
938015
938014
938013
938011
938010
938009
938008
938007
938006
938005
938004
938003
938002
938001
938000
937999
937998
937997
937996
937995
937994
937993
937992
937991
937990
937989
937988
937987
937986
937985
937984
937982
937981
937980
937978
937977
937976
937979
937971
937969
937968
937819
937967
937965
937964
937963
937961
937959
937958
937956
937955
937954
937953
937952
937951
937950
937949
937946
937945
937942
937938
937937
937936
937935
937934
937932
937931
937930
937921
937920
937919
937917
937916
937915
937914
937913
937912
937868
937867
937910
937907
937901
937906
937905
937904
937894
937893
937879
937878
937877
937875
937872
937870
937882
937881
937880
937876
937874
937873
937892
937891
937890
937889
937888
937887
937886
937885
937884
937883
937871
937869
937865
937864
937862
937861
937860
937859
937858
937857
937856
937855
937854
937853
937851
937850
937849
937848
937847
937846
937845
937844
937840
937839
937838
937837
937836
937835
937834
937833
937832
937831
937830
937829
937828
937827
937826
937825
937824
937823
937822
937812
937811
937815
937813
937820
937810
937809
937808
937807
937806
937805
937804
937803
937802
937801
937800
937799
937798
937796
937795
937794
937793
937791
937790
937789
937788
937787
937786
937785
937784
937777
937776
937775
937772
937771
937769
937768
937767
937766
937765
937764
937763
937762
937761
937760
937759
937758
937757
937756
937755
937754
937753
937752
937751
937750
937749
937748
937747
937746
937745
937744
937743
937742
937741
937739
937738
937737
937736
937734
937733
937732
937731
937730
937729
937728
937727
937726
937725
937724
937710
937709
937695
937693
937692
937691
937690
937689
937688
937687
937665
937664
