899290
899000
898990
898989
898986
898981
899210
899178
899166
899292
899174
899161
899287
899284
899213
899184
899196
899157
899288
899285
899194
899183
899180
899173
899162
899158
899197
899282
899179
899167
899175
899182
899214
899176
899169
899172
899163
899263
899262
899279
899042
899044
899071
899078
898995
899034
899070
899156
898996
899281
899289
898994
899032
899170
899168
899043
899160
899155
898993
899177
899165
899171
899159
899278
899074
899153
899181
899190
898964
898967
898966
898968
898910
898909
898908
899293
899294
899295
899296
899297
899298
899299
899300
899301
899302
899303
899304
899305
899306
899307
899308
899309
899310
899311
899331
899330
899329
899328
899327
899326
899325
899324
899323
899322
899321
899320
899319
899318
899317
899316
899315
899314
899313
899312
899241
899240
899238
899233
899232
899230
899229
899227
899226
899222
899332
899286
899283
899280
899277
899275
899274
899273
899272
899270
899145
899144
899143
899142
899207
899206
899205
899204
899192
899189
899188
899268
899267
899266
899265
899264
899261
899260
899259
899258
899257
899256
899255
899254
899253
899252
899251
899250
899248
899247
899246
899245
899244
899243
899242
899224
899223
899218
899221
899219
899216
899215
899239
899237
899236
899235
899234
899231
899228
899225
899220
899217
899212
899211
899209
899208
899203
899202
899201
899200
899199
899198
899195
899193
899191
899187
899186
899185
899164
899154
899152
899151
899150
899149
899148
899147
899146
899141
899139
899138
899137
899136
899135
899132
899130
899128
899127
899125
899124
899083
899085
899084
899082
899079
899077
899123
899122
899120
899119
899118
899117
899116
899115
899114
899111
899110
899109
899107
899106
899105
899102
899101
899099
899098
899097
899096
899095
899094
899093
899092
899091
899090
899089
899087
899086
899075
899073
899072
899069
899066
899065
899063
899062
899061
899060
899081
899080
899068
899067
899064
899059
899058
899056
899055
899054
899053
899052
899051
899050
899049
899048
899047
899046
899045
899041
899040
899039
899038
899037
899036
899035
899033
899031
899030
899029
899028
899027
899026
899025
899024
899023
899022
899021
899020
899018
899017
899016
899015
899014
899013
899012
899011
899010
899009
899008
899007
899006
899005
899004
899003
899001
898999
898998
898997
898992
898991
898988
898987
898985
898984
898983
898980
898978
898977
898976
898975
898974
898973
898972
898971
898970
898969
898963
898962
898961
898960
898959
898958
898957
898956
898955
898954
898953
898952
898951
898950
898949
898948
898947
898946
898945
898944
898943
898942
898941
898940
898939
898937
898936
898935
898934
898933
898932
898931
898930
898929
898928
898927
898926
898924
898923
898922
898921
898920
898919
898918
898917
898916
898915
898914
898913
898912
898911
898907
898906
898905
898904
898903
898902
898893
898894
898895
898896
898897
898898
898899
898900
898901
898892
