820352
820354
820359
820356
820353
820361
820355
820358
820443
820308
820346
820367
820321
820320
820306
820307
820556
820555
820554
820552
820551
820550
820549
820548
820547
820543
820527
820526
820546
820544
820542
820541
820540
820532
820531
820530
820529
820524
820523
820520
820518
820507
820505
820500
820528
820525
820522
820521
820517
820516
820510
820506
820503
820499
820447
820509
820508
820504
820502
820501
820498
820491
820446
820639
820638
820636
820635
820634
820633
820631
820630
820629
820627
820626
820624
820623
820622
820621
820620
820619
820618
820617
820616
820615
820613
820612
820611
820610
820609
820608
820607
820606
820605
820604
820603
820602
820601
820600
820599
820598
820597
820596
820595
820594
820593
820592
820591
820590
820589
820588
820587
820586
820585
820584
820583
820582
820581
820580
820579
820578
820577
820576
820575
820574
820573
820572
820571
820570
820569
820568
820567
820566
820565
820564
820563
820562
820561
820560
820559
820558
820557
820553
820545
820539
820538
820537
820536
820534
820533
820519
820515
820514
820513
820512
820511
820497
820496
820495
820494
820493
820492
820490
820489
820488
820487
820486
820485
820484
820482
820481
820480
820479
820478
820477
820476
820475
820474
820473
820472
820471
820470
820469
820468
820467
820466
820465
820464
820463
820462
820461
820460
820459
820458
820457
820456
820455
820454
820452
820451
820450
820449
820448
820445
820444
820442
820440
820436
820435
820434
820433
820432
820431
820430
820429
820428
820427
820426
820425
820424
820423
820422
820421
820420
820419
820418
820417
820416
820415
820414
820413
820412
820411
820410
820409
820408
820405
820404
820403
820402
820401
820400
820399
820398
820397
820396
820395
820394
820393
820392
820391
820390
820389
820388
820387
820386
820385
820384
820383
820382
820380
820381
820379
820378
820377
820376
820375
820374
820373
820372
820371
820370
820368
820366
820365
820364
820363
820362
820360
820357
820351
820344
820343
820342
820350
820349
820348
820347
820345
820341
820340
820339
820338
820336
820335
820334
820333
820332
820331
820330
820329
820328
820327
820326
820325
820324
820323
820322
820319
820316
820315
820314
820313
820312
820311
820310
820309
820305
820304
820303
820302
820301
820300
820299
820298
820297
820296
820295
820294
820293
