831146
831131
831145
831447
831448
831452
831456
831459
831460
831461
831462
831467
831468
831556
831557
831096
831111
831112
831113
831114
831398
831404
831433
831256
831500
831503
831536
831514
831537
831539
831501
831473
831458
831349
831168
831182
831471
831311
831270
831263
831259
831506
831540
831538
831516
831515
831346
831342
831167
831192
831194
831190
831517
831470
831453
831310
831271
831257
831535
831513
831502
831240
831193
831174
831466
831451
831465
831450
831309
831269
831185
831179
831464
831348
831344
831307
831268
831267
831262
831260
831191
831189
831188
831169
831261
831258
831239
831187
831176
831186
831172
831266
831265
831217
831173
831122
831130
831106
831120
831509
831336
831325
831322
831108
831109
831127
831123
831118
831117
831115
831170
831510
831508
831504
831366
831365
831364
831362
831360
831358
831357
831356
831355
831352
831351
831338
831334
831331
831329
831324
831321
831559
831558
831555
831553
831552
831551
831550
831549
831548
831547
831546
831545
831544
831543
831542
831541
831534
831533
831532
831531
831530
831529
831528
831527
831526
831525
831524
831523
831522
831521
831520
831519
831512
831511
831507
831505
831499
831498
831497
831496
831495
831494
831493
831492
831491
831490
831488
831487
831486
831485
831484
831483
831482
831481
831480
831479
831478
831477
831475
831474
831472
831469
831463
831457
831455
831454
831449
831446
831445
831444
831443
831442
831441
831440
831439
831438
831437
831436
831435
831434
831432
831431
831430
831429
831428
831427
831426
831425
831424
831423
831422
831421
831420
831419
831417
831416
831415
831414
831413
831412
831410
831409
831408
831407
831406
831405
831403
831402
831399
831397
831396
831395
831394
831393
831392
831391
831390
831389
831388
831386
831385
831384
831383
831382
831381
831379
831378
831377
831376
831375
831374
831373
831372
831371
831370
831369
831368
831367
831363
831361
831359
831354
831353
831350
831337
831332
831330
831326
831323
831320
831160
831159
831158
831347
831341
831343
831345
831340
831339
831335
831333
831328
831327
831319
831318
831317
831316
831315
831314
831313
831312
831308
831306
831305
831304
831303
831302
831301
831300
831299
831298
831297
831296
831295
831294
831293
831292
831291
831290
831288
831287
831286
831285
831284
831283
831282
831281
831280
831279
831278
831277
831276
831275
831274
831273
831272
831264
831255
831254
831253
831252
831251
831250
831249
831248
831247
831246
831245
831244
831243
831242
831241
831238
831237
831236
831235
831234
831233
831232
831231
831230
831229
831228
831227
831226
831225
831224
831223
831222
831221
831220
831219
831218
831216
831215
831214
831213
831212
831211
831209
831206
831199
831198
831196
831195
831184
831183
831181
831180
831178
831177
831175
831165
831164
831163
831162
831161
831157
831156
831155
831154
831153
831152
831151
831150
831149
831144
831143
831142
831141
831140
831139
831138
831137
831136
831134
831133
831132
831128
831126
831125
831124
831121
831119
831116
831110
831107
831105
831104
831103
831102
831099
831098
831097
831094
831092
831091
831090
831089
831088
831087
831086
831085
831084
831083
831082
831081
831080
831078
831077
831076
831075
831074
831073
831072
831071
831070
831069
