937650
937649
937645
937647
937639
937638
937216
937214
937454
937444
937438
937487
937626
937637
937658
937657
937656
937654
937642
937632
937631
937370
937366
937655
937611
937602
937589
937571
937548
937617
937627
937491
937485
937461
937471
937459
937455
937428
937615
937547
937620
937374
937643
937641
937640
937646
937624
937619
937601
937493
937614
937588
937569
937367
937618
937474
937473
937460
937451
937450
937449
937424
937636
937621
937616
937610
937587
937586
937570
937556
937373
937369
937372
937609
937585
937567
937448
937439
937437
937429
937422
937421
937417
937395
937392
937389
937607
937584
937551
937492
937488
937486
937412
937386
937405
937396
937390
937384
937371
937368
937419
937418
937410
937398
937376
937375
937446
937445
937442
937264
937257
937256
937255
937254
937481
937480
937479
937378
937377
937365
937364
937363
937362
937212
937085
937076
937074
937073
937072
937071
937070
937069
937218
937196
937195
937194
937068
937067
937227
937226
937225
937166
937156
937155
937154
937153
937152
937151
937150
937149
937145
937134
937132
937125
937663
937245
937243
937224
937223
937222
937210
937122
937121
937113
937112
937108
937107
937106
937105
937104
937103
937109
937110
937111
937114
937115
937116
937117
937118
937119
937120
937124
937126
937128
937137
937140
937142
937143
937144
937146
937147
937148
937159
937160
937172
937174
937176
937177
937178
937179
937180
937181
937182
937183
937184
937213
937228
937229
937231
937233
937234
937235
937236
937237
937238
937239
937242
937248
937250
937381
937382
937385
937623
937625
937629
937634
937075
937086
937087
937088
937089
937090
937092
937093
937094
937095
937096
937097
937098
937099
937100
937101
937662
937661
937660
937659
937633
937630
937628
937622
937613
937612
937608
937606
937604
937603
937599
937598
937591
937596
937590
937595
937594
937583
937582
937581
937580
937579
937578
937577
937576
937575
937574
937573
937572
937568
937566
937565
937564
937563
937562
937561
937560
937559
937558
937557
937555
937554
937553
937552
937550
937549
937546
937544
937543
937542
937540
937539
937538
937537
937536
937535
937534
937533
937532
937531
937530
937529
937528
937526
937525
937524
937521
937519
937523
937522
937520
937517
937515
937513
937512
937511
937510
937509
937508
937507
937506
937505
937504
937503
937502
937501
937500
937499
937498
937497
937496
937494
937490
937489
937484
937483
937482
937478
937476
937475
937472
937470
937469
937468
937467
937466
937465
937464
937463
937462
937458
937457
937456
937453
937452
937447
937441
937440
937436
937435
937432
937431
937416
937415
937414
937413
937411
937434
937433
937430
937427
937426
937425
937423
937420
937409
937408
937407
937406
937404
937403
937402
937401
937400
937399
937397
937394
937393
937391
937388
937387
937383
937380
937379
937335
937340
937341
937342
937353
937360
937357
937351
937350
937349
937345
937346
937347
937355
937356
937352
937343
937361
937359
937358
937348
937344
937338
937336
937334
937333
937332
937331
937330
937329
937328
937327
937326
937325
937324
937323
937322
937321
937320
937319
937318
937317
937316
937315
937314
937313
937312
937311
937310
937309
937308
937307
937306
937305
937304
937301
937300
937298
937297
937296
937295
937294
937293
937292
937291
937289
937288
937287
937284
937286
937269
937285
937283
937281
937279
937274
937277
937276
937275
937273
937272
937271
937270
937268
937267
937266
937265
937263
937262
937261
937260
937259
937258
937249
937247
937246
937241
937240
937230
937232
937220
937217
937209
937208
937207
937206
937204
937203
937202
937201
937200
937199
937198
937193
937192
937191
937190
937189
937188
937187
937186
937185
937175
937173
937170
937169
937168
937167
937165
937164
937163
937162
937161
937158
937157
937141
937139
937138
937135
937133
937131
937130
937129
937127
937123
937102
937084
937083
937082
937081
937080
937079
