920828
920861
920771
921018
921105
920769
920875
921021
920949
921093
921084
921078
921061
920995
920937
920931
921087
921059
921073
921112
920953
920963
921108
921005
921107
921002
921110
921099
921088
920938
920932
921109
921096
921095
921094
921086
920996
920994
920993
920992
920991
920990
921092
920947
920936
920930
920926
920921
920918
920913
920884
920878
920897
920892
920881
920887
920997
921072
920960
920945
921080
921077
920872
920812
920777
920999
921103
920939
920935
920929
920896
920882
920922
920917
920910
920890
920877
920895
920883
920873
921106
921090
921079
921075
921070
921060
921058
920961
920952
920943
920933
920919
920916
920912
920928
920927
920894
920880
920920
920915
920909
920871
920889
920886
920888
920879
920778
920733
920732
920674
920998
921012
921013
921014
921015
921048
921146
921147
921148
921149
921150
921151
920757
920721
920720
921161
921159
921162
921160
920687
920688
920689
920690
920691
920692
920693
920694
920695
920696
920697
920698
920699
920700
920701
920702
920675
920676
920677
920678
920679
920680
920681
920682
920683
920684
920685
920686
920827
920802
920801
920983
921003
920770
921004
920985
921010
921009
921008
921007
921185
921184
921183
921182
921181
921180
921179
921178
921177
921176
921175
921174
921173
921172
921171
921170
921169
921168
921167
921166
921165
921163
921158
921157
921156
921155
921154
921153
921152
921145
921144
921143
921142
921141
921140
921139
921138
921137
921136
921135
921134
921133
921132
921131
921130
921129
921128
921127
921126
921125
921124
921123
921122
921121
921120
921119
921118
921117
921116
921115
921114
921113
921111
921102
921101
921100
921098
921097
921091
921089
921085
921083
921082
921081
921076
921074
921071
921069
921068
921067
921066
921065
921064
921063
921057
921056
921055
921054
921053
921052
921051
921049
921047
921045
921044
921043
921042
921041
921040
921039
921038
921037
921034
921033
921032
921031
921030
921028
921027
921026
921025
921024
921022
921020
921019
921016
921011
921006
920986
920982
920981
920980
920979
920978
920977
920976
920975
920974
920973
920972
920971
920970
920969
920968
920967
920966
920965
920964
920962
920959
920958
920957
920956
920955
920954
920951
920950
920948
920946
920944
920942
920941
920940
920934
920925
920924
920923
920914
920911
920908
920906
920905
920904
920903
920902
920900
920899
920891
920876
920874
920870
920867
920865
920864
920863
920859
920858
920857
920856
920855
920854
920853
920852
920851
920850
920849
920848
920847
920846
920845
920844
920843
920842
920841
920840
920839
920838
920837
920836
920835
920834
920833
920832
920831
920829
920803
920826
920825
920824
920823
920822
920821
920820
920818
920817
920816
920815
920814
920813
920811
920810
920809
920808
920807
920806
920805
920804
920800
920799
920798
920797
920768
920796
920795
920794
920793
920792
920791
920790
920789
920788
920787
920786
920785
920784
920783
920782
920781
920780
920779
920776
920775
920774
920773
920772
920767
920766
920765
920764
920763
920762
920761
920760
920759
920758
920756
920755
920754
920753
920752
920751
920750
920749
920748
920747
920746
920745
920744
920743
920742
920741
920740
920739
920737
920736
920735
920734
920731
920730
920729
920728
920727
920726
920725
920724
920722
920719
920718
920717
920716
920715
920714
920713
920712
920711
920710
920709
920708
920706
920705
920704
920703
920673
920672
