793445
793451
793099
793098
793097
793328
793326
793325
793333
793332
793331
793314
793313
793312
793310
793309
793308
793307
793306
793305
793301
793303
793300
793299
793327
793130
793100
793095
793094
793129
793064
793113
793108
793104
793071
793068
793111
793128
793060
793110
793109
793102
793057
793323
793319
793290
793293
793373
793372
792944
792945
793085
793246
793405
793409
793410
793411
793447
793131
793187
793336
793371
793370
793287
793554
793553
793552
793551
793550
793549
793548
793547
793546
793545
793544
793543
793542
793541
793540
793539
793538
793537
793536
793535
793534
793533
793532
793531
793530
793529
793528
793527
793526
793525
793524
793523
793522
793521
793520
793519
793518
793517
793516
793515
793514
793513
793512
793511
793509
793508
793507
793506
793505
793504
793503
793501
793500
793499
793498
793496
793495
793494
793493
793502
793497
793492
793491
793490
793489
793488
793487
793486
793485
793484
793483
793482
793481
793480
793479
793478
793477
793476
793475
793474
793473
793472
793471
793470
793469
793468
793467
793466
793465
793464
793463
793462
793461
793460
793459
793458
793457
793455
793454
793453
793450
793449
793444
793443
793442
793441
793440
793438
793437
793436
793435
793434
793433
793432
793431
793430
793429
793428
793427
793426
793425
793424
793423
793422
793421
793420
793419
793418
793417
793416
793415
793414
793413
793408
793407
793406
793404
793403
793402
793401
793400
793399
793398
793397
793396
793395
793394
793393
793392
793391
793390
793389
793388
793387
793368
793367
793366
793386
793385
793384
793383
793382
793381
793380
793379
793378
793377
793376
793375
793374
793369
793365
793364
793363
793362
793361
793360
793359
793358
793357
793356
793355
793354
793353
793352
793351
793350
793349
793348
793347
793346
793345
793344
793343
793342
793341
793340
793339
793337
793335
793334
793330
793329
793324
793322
793321
793320
793318
793317
793316
793315
793311
793304
793302
793298
793297
793296
793295
793294
793292
793291
793289
793288
793286
793285
793284
793282
793281
793280
793279
793278
793277
793276
793275
793274
793273
793272
793270
793269
793268
793267
793266
793265
793264
793263
793262
793261
793260
793259
793258
793257
793256
793255
793254
793253
793252
793251
793250
793249
793248
793247
793245
793244
793243
793242
793241
793240
793239
793238
793237
793236
793235
793234
793233
793232
793231
793230
793229
793228
793227
793226
793225
793224
793223
793222
793221
793220
793219
793218
793217
793216
793215
793214
793213
793212
793211
793210
793209
793208
793207
793206
793205
793204
793203
793202
793201
793200
793199
793198
793197
793196
793193
793192
793191
793190
793189
793188
793186
793185
793184
793183
793182
793181
793180
793179
793178
793177
793176
793175
793174
793173
793172
793171
793170
793169
793168
793167
793165
793164
793163
793162
793161
793160
793159
793158
793157
793156
793155
793154
793153
793152
793151
793150
793149
793148
793144
793132
793119
793118
793107
793073
793074
793075
793076
793077
793078
793079
793080
793081
793082
793083
793084
793088
793089
793090
793092
793093
793106
793105
793103
793101
793096
793091
793086
793072
793070
793069
793067
793066
793065
793063
793062
793061
793059
793058
793056
793055
793054
793053
793052
793051
793050
793049
793048
793047
793046
793045
793044
793043
793042
793041
793040
793039
793038
793037
793036
793035
793034
793033
793032
793031
793030
793029
793028
793027
793026
793025
793024
793023
793022
793021
793020
793019
793018
793017
793016
793015
793014
793013
793012
793011
793010
793009
793008
793007
793006
793005
793004
793003
793002
793001
793000
792999
792998
792997
792996
792995
792994
792993
792992
792991
792990
792989
792988
792987
792986
792985
792984
792983
792982
792981
792980
792978
792977
792976
792975
792974
792973
792972
792971
792970
792968
792967
792966
792961
792948
792947
792946
792943
792942
792941
792940
792939
792938
792937
792936
792935
792933
792932
792931
792930
792929
792928
792927
792924
792923
792922
792921
792920
