930769
930768
930767
930765
930762
930764
931082
930946
930902
930907
930920
930900
931079
930944
930943
930919
930918
930906
930899
930891
930890
930888
930873
931077
931076
930889
930886
930869
931074
930945
930917
930884
930880
930871
930866
930864
931073
930942
930914
930885
930879
930878
930870
931081
931080
930941
930912
930898
930883
930876
930872
930865
931078
930861
930911
930940
930875
930882
930868
930972
930781
930981
930983
930992
931072
931071
931129
931013
931024
931083
931114
931117
931120
931133
931132
931131
931130
931128
931127
931126
931125
931124
931123
931122
931121
931119
931118
931116
931115
931113
931112
931111
931110
931109
931108
931107
931106
931105
931103
931102
931101
931100
931099
931098
931097
931096
931095
931094
931093
931091
931089
931088
931087
931086
931085
931084
931075
931070
931069
931068
931067
931066
931065
930855
931064
931063
931062
931061
931060
931059
931058
931057
931056
931055
931054
931053
931052
931051
931050
931049
931048
931047
931046
931045
931044
931043
931042
931040
931039
931038
931037
931036
931035
931034
931033
931032
931031
931030
931029
931028
931027
931026
931025
931023
931022
931020
931019
931018
931017
931016
931015
931014
931012
931011
931009
931008
931007
931006
931005
931004
931003
931002
931001
931000
930999
930998
930997
930996
930995
930994
930993
930991
930990
930989
930988
930987
930986
930985
930984
930982
930980
930979
930978
930977
930976
930975
930974
930973
930971
930970
930969
930968
930967
930966
930965
930964
930963
930962
930961
930959
930958
930957
930956
930955
930954
930953
930952
930951
930949
930948
930947
930939
930937
930936
930935
930934
930933
930932
930931
930930
930929
930928
930927
930926
930925
930924
930923
930922
930921
930916
930915
930913
930910
930909
930908
930905
930904
930903
930901
930897
930896
930895
930894
930893
930892
930887
930881
930877
930867
930863
930862
930860
930835
930858
930859
930857
930843
930845
930849
930848
930839
930834
930836
930853
930852
930851
930847
930846
930842
930844
930833
930831
930856
930854
930850
930841
930840
930838
930837
930830
930829
930828
930826
930825
930824
930814
930815
930818
930820
930823
930822
930821
930819
930817
930816
930813
930812
930810
930809
930807
930806
930805
930804
930803
930802
930801
930800
930799
930798
930797
930796
930795
930794
930793
930792
930791
930790
930789
930788
930787
930784
930783
930782
930780
930779
930777
930776
930775
930774
930771
930761
930760
930759
930758
930757
930756
930755
930754
930753
930752
