912829
912845
912859
912545
912546
912860
912464
912663
912664
912665
912751
912935
912888
912914
912870
912912
912868
912926
912923
912917
912905
912903
912898
912911
912679
912681
912907
912904
912899
912900
912902
912906
912913
912851
912732
912720
912700
912688
912919
912918
912915
912908
912852
912731
912722
912698
912687
912631
912699
912692
912910
912633
912691
912927
912925
912922
912916
912909
912901
912897
912869
912682
912695
912850
912729
912723
912685
912630
912728
912693
912683
912730
912721
912694
912686
912690
912628
912680
912849
912727
912719
912689
912684
912626
912490
912483
912481
912479
912472
912471
912469
912489
912488
912486
912485
912482
912478
912477
912475
912474
912473
912470
912468
912525
912446
912447
912448
912467
912952
912951
912950
912948
912946
912942
912941
912936
912932
912931
912930
912924
912921
912920
912896
912895
912894
912893
912892
912891
912890
912889
912887
912886
912885
912884
912883
912882
912881
912880
912879
912878
912877
912876
912875
912874
912872
912871
912867
912865
912864
912863
912862
912858
912857
912855
912854
912853
912846
912844
912843
912842
912841
912840
912839
912838
912837
912836
912835
912834
912833
912832
912831
912830
912828
912827
912826
912825
912824
912823
912822
912821
912820
912819
912818
912817
912816
912815
912814
912813
912812
912811
912810
912809
912808
912807
912806
912805
912804
912803
912802
912801
912800
912799
912797
912796
912795
912794
912793
912792
912791
912790
912789
912788
912786
912785
912784
912783
912782
912781
912780
912779
912778
912777
912776
912775
912774
912773
912772
912771
912769
912768
912767
912766
912765
912764
912763
912761
912760
912759
912758
912757
912756
912755
912754
912753
912752
912750
912749
912748
912747
912746
912745
912744
912743
912742
912741
912739
912737
912736
912735
912734
912733
912726
912725
912724
912636
912635
912718
912716
912714
912713
912712
912711
912710
912709
912708
912706
912703
912702
912701
912697
912678
912677
912676
912675
912674
912673
912672
912668
912662
912661
912660
912659
912658
912657
912656
912655
912654
912653
912652
912651
912650
912649
912648
912647
912646
912644
912643
912642
912641
912640
912639
912638
912637
912634
912632
912629
912627
912625
912624
912623
912622
912621
912620
912619
912618
912617
912616
912614
912613
912612
912611
912610
912609
912608
912607
912606
912605
912604
912603
912602
912601
912600
912599
912598
912597
912596
912595
912594
912593
912592
912591
912590
912589
912588
912587
912586
912585
912584
912583
912582
912581
912580
912579
912578
912577
912576
912575
912574
912573
912572
912571
912570
912569
912568
912567
912566
912565
912564
912563
912562
912561
912560
912559
912558
912557
912556
912555
912554
912553
912552
912551
912550
912549
912548
912547
912544
912543
912542
912541
912539
912538
912537
912536
912535
912534
912533
912531
912530
912528
912524
912523
912522
912521
912520
912519
912518
912517
912516
912515
912514
912513
912512
912511
912510
912509
912508
912507
912506
912505
912504
912503
912502
912501
912500
912499
912498
912496
912497
912495
912494
912493
912492
912491
912487
912484
912480
912476
912466
912465
912463
912462
912461
912459
912458
912457
912456
912455
912454
912453
912451
912450
912449
912445
912444
912442
912443
912441
912440
912439
