886121
886099
886123
886122
886120
886119
886096
886098
886094
885967
886095
886091
886089
885825
885824
885946
885948
886081
886075
886001
885980
886111
885941
885949
885971
885928
885938
885966
885981
885930
885926
885925
886117
886148
886145
886144
885918
885916
886112
886082
886076
886151
886000
885933
885965
886110
885950
886074
885943
885939
885979
885932
885927
885924
885917
885915
886109
886149
885970
885931
886084
886073
886147
885998
885947
885964
885914
886105
885944
885937
885923
886071
886107
885940
885935
886150
885871
886158
886092
886125
886127
886128
886129
886130
886083
885929
886146
886104
886070
885969
886041
886037
885822
885865
885828
886040
886034
886036
886030
885819
885841
886035
886033
885801
885809
885814
886160
886161
886162
886163
886164
886165
886166
886167
886159
886157
886156
886155
886154
886153
886152
886142
886038
886032
886029
886141
886140
886139
886138
886136
886135
886134
886133
886132
886131
886126
886124
886118
886115
886113
886114
886103
886106
886108
886101
886102
886100
886097
886093
886088
886087
886086
886085
886079
886072
886067
886066
886065
886064
886063
886062
886061
886060
886059
886057
886056
886055
886054
886053
886052
886051
886050
886049
886048
886047
886046
886045
886044
886043
886042
886031
886025
886028
886026
886027
886024
886023
886022
886020
885811
886019
886018
886017
886016
886014
886013
886012
886011
886010
886009
886008
886007
886006
886005
885797
886004
886003
886002
885999
885997
885996
885995
885994
885993
885992
885991
885990
885989
885988
885987
885986
885985
885984
885813
885983
885982
885978
885977
885976
885975
885974
885973
885968
885963
885962
885961
885959
885958
885957
885956
885955
885954
885953
885952
885951
885945
885942
885936
885922
885921
885920
885919
885913
885912
885911
885910
885909
885908
885907
885906
885905
885904
885903
885902
885901
885900
885899
885898
885897
885895
885894
885893
885892
885889
885888
885887
885886
885885
885884
885883
885882
885881
885880
885879
885878
885877
885876
885875
885874
885873
885872
885870
885869
885868
885867
885866
885864
885863
885861
885860
885859
885858
885857
885856
885855
885853
885854
885852
885851
885850
885849
885848
885847
885846
885845
885842
885840
885839
885838
885837
885836
885835
885834
885833
885832
885831
885830
885829
885827
885826
885821
885820
885818
885817
885816
885815
885812
885810
885808
885807
885806
885805
885804
885803
885802
885800
885799
885798
885796
885795
885794
885793
885792
885791
885790
885789
885788
885787
885786
885785
885784
