883663
883647
883649
883661
883635
883633
883636
883623
883604
883602
883619
883601
883634
883632
883611
883660
883485
883662
883648
883646
883645
883644
883702
883701
883643
883652
883605
883603
883600
883659
883658
883630
883694
883541
883539
883642
883640
883612
883613
883614
883615
883616
883618
883621
883622
883624
883625
883626
883690
883691
883631
883483
883696
883542
883689
883574
883567
883491
883484
883692
883693
883695
883682
883302
883285
883284
883328
883320
883313
883332
883330
883291
883323
883318
883316
883311
883308
883299
883296
883326
883314
883304
883307
883309
883294
883288
883300
883283
883293
883290
883287
883295
883325
883331
883322
883329
883327
883317
883281
883319
883315
883298
883312
883301
883324
883321
883292
883297
883289
883286
883282
883268
883583
883667
883664
883266
883267
883681
883680
883679
883678
883610
883609
883608
883607
883606
883579
883666
883573
883571
883577
883595
883591
883589
883592
883576
883683
883518
883510
883509
883639
883629
883481
883370
883174
883697
883572
883570
883506
883417
883376
883173
883148
883149
883569
883717
883716
883715
883714
883713
883712
883711
883710
883709
883708
883707
883706
883705
883704
883703
883700
883699
883698
883599
883594
883593
883688
883687
883686
883685
883684
883677
883676
883675
883674
883673
883672
883671
883670
883669
883665
883657
883656
883655
883654
883653
883651
883650
883641
883638
883637
883628
883627
883620
883617
883598
883597
883588
883586
883585
883584
883582
883581
883587
883580
883566
883564
883563
883562
883561
883560
883559
883558
883557
883556
883555
883554
883553
883552
883551
883550
883549
883548
883547
883546
883545
883544
883538
883537
883536
883535
883534
883533
883532
883531
883530
883529
883528
883527
883526
883525
883524
883523
883522
883521
883520
883519
883517
883516
883515
883514
883513
883512
883511
883508
883507
883505
883504
883503
883502
883501
883500
883499
883498
883497
883496
883495
883493
883490
883489
883488
883487
883486
883482
883480
883479
883478
883477
883476
883475
883474
883473
883472
883471
883470
883469
883468
883467
883466
883465
883464
883463
883462
883461
883460
883459
883458
883457
883456
883455
883454
883453
883452
883451
883449
883448
883447
883446
883445
883444
883443
883442
883441
883440
883439
883438
883437
883436
883435
883434
883433
883432
883431
883430
883429
883428
883427
883426
883425
883424
883423
883422
883421
883420
883419
883418
883416
883415
883414
883413
883412
883411
883410
883409
883408
883407
883406
883405
883404
883403
883402
883401
883400
883399
883398
883397
883396
883395
883394
883393
883392
883391
883390
883389
883388
883387
883386
883384
883383
883382
883381
883380
883379
883378
883377
883375
883374
883373
883372
883371
883369
883368
883367
883366
883365
883364
883363
883362
883361
883360
883359
883358
883357
883356
883355
883354
883353
883352
883350
883349
883348
883347
883346
883344
883343
883342
883341
883340
883339
883338
883337
883336
883335
883334
883333
883310
883306
883305
883303
883280
883279
883278
883277
883275
883274
883272
883271
883270
883269
883265
883264
883263
883262
883261
883260
883259
883258
883257
883256
883255
883254
883253
883252
883251
883250
883249
883248
883247
883246
883244
883242
883240
883239
883238
883237
883236
883235
883234
883233
883232
883231
883230
883229
883228
883227
883226
883225
883224
883223
883222
883221
883220
883219
883218
883217
883215
883213
883212
883211
883210
883209
883208
883207
883206
883205
883204
883203
883202
883201
883200
883199
883198
883197
883196
883195
883194
883193
883192
883191
883190
883189
883188
883187
883186
883184
883183
883182
883181
883180
883179
883177
883176
883175
883172
883171
883170
883169
883166
883165
883164
883163
883162
883161
883160
883159
883158
883157
883156
883155
883153
883152
883151
883150
883147
883146
883145
883144
883143
