737768
737781
737771
737748
737746
737745
737747
737737
737557
737550
737547
737541
737766
737765
737761
737738
737537
737545
737532
737744
737558
737542
737539
737535
737549
737534
737530
737739
737543
737551
737546
737544
737536
737548
737531
737529
737540
737533
737725
737750
737760
737759
737786
737785
737784
737783
737782
737780
737779
737778
737777
737776
737775
737774
737773
737772
737770
737769
737767
737764
737763
737762
737758
737757
737756
737755
737754
737753
737752
737751
737749
737660
737653
737657
737743
737742
737741
737740
737736
737735
737656
737655
737734
737733
737732
737731
737730
737729
737728
737727
737726
737724
737723
737722
737721
737720
737424
737450
737595
737601
737605
737618
737636
737645
737664
737704
737719
737718
737717
737716
737715
737714
737713
737712
737710
737709
737708
737707
737706
737705
737703
737702
737701
737699
737665
737666
737667
737669
737670
737671
737672
737673
737674
737676
737677
737678
737679
737680
737681
737682
737683
737684
737685
737686
737687
737688
737689
737690
737691
737692
737693
737694
737695
737696
737697
737675
737658
737668
737663
737662
737661
737659
737652
737651
737650
737649
737648
737647
737646
737644
737643
737642
737641
737640
737639
737638
737637
737635
737634
737633
737632
737631
737630
737629
737628
737627
737624
737623
737622
737621
737620
737619
737617
737616
737615
737614
737613
737612
737611
737610
737609
737608
737607
737606
737604
737603
737602
737599
737598
737597
737596
737594
737593
737591
737590
737589
737588
737587
737586
737585
737584
737583
737582
737581
737580
737579
737578
737577
737576
737575
737574
737573
737572
737571
737570
737569
737568
737567
737566
737565
737564
737563
737562
737561
737560
737559
737556
737555
737554
737553
737552
737538
737528
737527
737526
737525
737524
737523
737522
737521
737520
737519
737518
737517
737516
737515
737514
737513
737512
737511
737510
737509
737508
737507
737506
737505
737504
737503
737502
737501
737500
737499
737498
737497
737496
737495
737494
737493
737492
737491
737490
737489
737488
737487
737486
737485
737484
737483
737482
737481
737480
737479
737478
737477
737476
737475
737474
737473
737472
737471
737470
737469
737468
737467
737466
737465
737464
737463
737462
737461
737460
737459
737458
737457
737456
737455
737454
737453
737452
737451
737449
737448
737447
737446
737445
737444
737443
737442
737441
737440
737439
737438
737437
737436
737435
737434
737432
737431
737430
737429
737428
737427
737426
737425
737423
737422
737421
737420
737419
737418
737417
737416
737415
737414
737413
