944116
944115
944114
944113
944187
944186
944185
944184
944183
944182
944181
944180
944179
944178
944177
944176
943784
943778
943777
943776
944112
944111
944138
944107
944106
944105
944103
944102
944101
944100
944099
943926
944197
944196
944195
944194
944193
944192
944191
944190
944189
944188
944098
944097
944096
944095
944093
944167
944166
944164
944161
944160
944159
944158
944157
944152
944151
944148
944145
944144
944143
944142
944140
943927
944092
944091
944090
944123
944122
944121
944120
944119
944104
944088
944087
944086
944085
944084
944082
944080
944079
944078
944077
944076
944075
944074
944072
944071
944069
944068
944066
944062
944061
944060
944059
944058
944057
944056
944055
944054
944053
944052
944051
944050
944049
944048
944047
944046
944045
944044
944043
944041
944040
944039
944037
944036
944034
944033
944032
944031
944030
944029
944028
944027
944024
943864
944023
944022
944020
944019
944018
944017
944016
944015
944014
944013
944012
944011
944009
944008
944007
944006
943928
943937
943938
943939
943940
943942
943931
943941
943944
943943
943945
943994
943992
943988
943977
943971
943970
943969
943968
943967
943966
943965
943964
943963
943962
943961
943960
943959
943958
943957
943956
943955
943954
943953
943952
943951
943950
943949
943936
943946
943930
943929
943932
943933
943935
943934
943925
943924
943923
943922
943921
943920
943919
943917
943916
943913
943912
943911
943909
943907
943906
943905
943904
943903
943902
943901
943900
943899
943898
943897
943896
943895
943894
943893
943892
943891
943890
943889
943888
943887
943886
943885
943884
943883
943882
943881
943880
943879
943878
943877
943870
943860
943859
943857
943856
943843
943835
943831
943830
943829
943828
943827
943826
943825
943824
943823
943822
943821
943820
943818
943817
943816
943815
943814
943813
943812
943811
943810
943809
943808
943807
943806
943805
943804
943803
943802
943801
943800
943799
943798
943797
943796
943795
943794
943793
943792
943791
943790
943789
943788
943787
943786
943785
943783
943782
943781
943779
943780
943773
943772
943771
943770
943769
943768
943767
943766
943765
943764
943763
943762
943761
943760
943759
943758
