753017
752915
752914
752978
752977
753241
753240
753213
753155
753104
753058
753050
753242
753237
753232
753205
753062
753069
753200
753056
753051
753238
753204
753154
753065
753059
753068
753045
753020
753039
753037
753027
753022
753057
753054
753052
753018
753016
753013
753239
753202
753236
753231
753153
753203
753201
753105
753064
753061
753067
753042
753044
753038
753025
753021
753055
753053
753041
753023
753066
753060
753036
753043
753040
753026
753015
752935
752934
752939
752918
753082
753081
752923
752929
752920
752899
752946
752969
752970
752988
753086
753093
753098
753100
753114
753137
753180
753189
753192
752937
752927
752922
752943
752944
752974
752941
752936
752921
752919
752917
753160
753161
753162
753163
753164
753165
753166
753167
753168
753169
753171
753172
753173
753174
753175
753176
753177
753178
753179
753181
753182
753183
753184
753185
753186
753187
753188
753190
753191
753209
753208
753207
753206
753011
753010
753014
752952
752951
752942
752940
752958
752960
752956
753246
753248
753255
753256
753257
753258
753261
753263
753281
753282
753289
753290
753291
753299
753298
753297
753296
753295
753294
753293
753292
753254
753277
753276
753274
753273
753270
753269
753259
753283
753284
753285
753265
753266
753264
753280
753253
753252
753251
753250
753287
753268
753267
753272
753271
753286
753288
753278
753279
753260
753249
753262
753244
753243
753235
753234
753233
753230
753229
753228
753227
753226
753225
753224
753223
753222
753221
753220
753219
753218
753217
753216
753215
753214
753212
753211
753210
753197
753195
753194
753193
753170
753159
753158
753157
753156
753152
753151
753150
753149
753148
753147
753146
753145
753144
753143
753142
753141
753140
753139
753138
753136
753135
753134
753133
753132
753131
753130
753129
753127
753126
753125
753124
753123
753122
753121
753120
753119
753118
753117
753116
753115
753113
753112
753111
753110
753109
753108
753107
753106
753103
753102
753101
753099
753097
753096
753095
753094
753092
753091
753090
753089
753088
753087
753085
753084
753083
753080
753079
753078
753077
753076
753075
753074
753073
753072
753071
752954
752950
752947
752945
752879
752877
752876
753070
753063
752892
752889
752890
752893
753047
753046
753035
753034
753033
753032
753031
753030
753029
753028
753024
753019
753012
753009
753008
753007
753006
753005
753004
753003
753002
753001
753000
752999
752998
752997
752996
752995
752994
752993
752992
752991
752990
752989
752987
752986
752985
752984
752983
752982
752981
752980
752979
752976
752975
752973
752972
752971
752968
752967
752966
752965
752964
752963
752962
752961
752959
752957
752955
752953
752949
752948
752938
752933
752932
752931
752930
752928
752926
752925
752924
752916
752913
752912
752911
752910
752909
752908
752907
752906
752905
752904
752902
752901
752900
752898
752897
752896
752895
752891
752888
752887
752886
752885
752884
752883
752882
752880
752878
752875
752874
752873
752872
752871
752870
752869
752868
752867
752866
752865
752864
752863
752862
