901322
901321
901319
901318
901274
901271
901272
901270
901316
901312
901309
901304
901313
901306
901311
901314
901268
901486
901485
901541
901616
901604
901613
901605
901614
901602
901612
901611
901603
901581
901576
901456
901455
901358
901610
901598
901463
901454
901354
901609
901596
901579
901577
901462
901355
901608
901601
901580
901575
901465
901453
901353
901607
901600
901578
901574
901464
901357
901457
901523
901508
901507
901505
901504
901503
901518
901517
901381
901382
901384
901387
901388
901389
901390
901391
901393
901395
901396
901398
901399
901400
901401
901402
901403
901404
901405
901406
901407
901408
901626
901625
901624
901623
901622
901621
901619
901618
901606
901597
901595
901599
901594
901593
901592
901591
901590
901589
901588
901587
901586
901585
901584
901583
901582
901573
901572
901571
901569
901567
901566
901565
901564
901562
901561
901559
901558
901556
901555
901554
901553
901552
901551
901550
901549
901548
901547
901546
901543
901542
901539
901538
901537
901536
901535
901534
901533
901532
901531
901530
901529
901528
901527
901526
901524
901522
901519
901521
901520
901515
901514
901513
901511
901501
901500
901499
901498
901497
901496
901495
901494
901493
901492
901491
901490
901489
901488
901487
901484
901483
901482
901480
901478
901476
901475
901474
901473
901472
901470
901469
901468
901461
901460
901459
901458
901452
901451
901450
901449
901448
901447
901446
901445
901444
901443
901442
901441
901440
901439
901438
901436
901435
901434
901433
901432
901431
901430
901429
901428
901426
901425
901424
901423
901422
901421
901420
901419
901418
901417
901416
901415
901414
901413
901412
901397
901394
901392
901386
901385
901383
901380
901379
901378
901377
901376
901375
901374
901373
901372
901371
901370
901369
901368
901367
901366
901365
901364
901363
901362
901361
901360
901359
901356
901352
901351
901350
901349
901348
901347
901346
901345
901344
901343
901342
901341
901317
901315
901310
901308
901307
901305
901303
901302
901301
901300
901299
901297
901296
901295
901294
901293
901292
901291
901290
901289
901288
901287
901286
901285
901284
901283
901282
901281
901280
901279
901278
901277
901276
901275
901273
901269
901267
901265
901264
901263
