923499
923594
923592
923591
923590
923589
923588
923587
923586
923585
923584
923583
923582
923581
923580
923579
923578
923577
923576
923575
923574
923573
923572
923571
923570
923567
923566
923500
923407
923260
923305
923306
923307
923312
923429
923425
923417
923525
923523
923309
923538
923537
923531
923518
923508
923507
923423
923422
923419
923413
923374
923368
923365
923359
923310
923369
923361
923536
923511
923506
923427
923424
923420
923311
923375
923370
923364
923360
923373
923367
923363
923358
923304
923530
923505
923414
923416
923418
923372
923366
923362
923357
923510
923519
923539
923540
923557
923558
923560
923535
923534
923533
923532
923529
923502
923565
923564
923563
923561
923562
923528
923527
923526
923524
923556
923555
923554
923553
923552
923551
923550
923549
923548
923547
923546
923545
923544
923543
923542
923541
923603
923602
923601
923599
923598
923597
923596
923595
923569
923568
923559
923441
923440
923445
923444
923448
923447
923503
923512
923513
923515
923516
923517
923520
923522
923509
923501
923498
923497
923496
923495
923494
923493
923492
923491
923490
923489
923487
923486
923485
923484
923483
923482
923479
923478
923477
923476
923475
923474
923473
923472
923471
923470
923481
923480
923469
923468
923467
923466
923465
923464
923463
923462
923461
923460
923459
923458
923456
923455
923452
923451
923457
923435
923434
923442
923443
923436
923439
923433
923430
923454
923453
923450
923449
923446
923438
923437
923432
923431
923428
923426
923415
923411
923410
923409
923408
923406
923405
923404
923403
923402
923401
923400
923399
923398
923397
923396
923395
923394
923393
923392
923390
923389
923388
923387
923386
923385
923384
923383
923382
923380
923379
923378
923377
923371
923355
923354
923353
923352
923351
923350
923349
923348
923347
923346
923345
923344
923343
923342
923341
923340
923339
923338
923337
923336
923335
923334
923333
923332
923331
923330
923329
923328
923327
923326
923325
923324
923322
923321
923320
923319
923318
923317
923316
923315
923314
923313
923308
923303
923302
923301
923298
923297
923296
923295
923294
923293
923292
923291
923290
923289
923288
923287
923286
923285
923284
923283
923282
923281
923280
923279
923278
923277
923276
923275
923274
923273
923272
923271
923270
923269
923268
923267
923266
923265
923264
923263
923262
923261
923259
923258
923257
923256
923255
923254
923253
923252
923251
923250
923249
923248
923247
923245
923246
923244
923243
923242
923241
923240
923239
923237
923236
923235
923234
923232
923231
923230
923229
923228
923227
923226
923225
923224
923223
923222
923221
