747496
747504
747503
747514
747510
747507
747505
747499
747780
747755
747730
747753
747757
747756
747752
747779
747751
747754
747725
747684
747497
747495
747625
747630
747633
747638
747639
747640
747734
747517
747515
747650
747647
747646
747854
747855
747856
747857
747858
747859
747860
747861
747862
747863
747864
747865
747866
747867
747868
747869
747870
747871
747872
747873
747874
747875
747876
747877
747878
747879
747880
747881
747882
747883
747884
747885
747886
747887
747888
747889
747890
747891
747892
747893
747894
747895
747781
747782
747783
747784
747785
747786
747787
747788
747789
747790
747792
747793
747794
747795
747796
747797
747798
747799
747800
747801
747802
747803
747805
747807
747808
747809
747810
747811
747812
747813
747814
747816
747818
747819
747820
747821
747822
747823
747824
747825
747826
747828
747829
747830
747831
747832
747833
747835
747836
747837
747853
747852
747851
747850
747849
747848
747847
747846
747845
747844
747842
747841
747840
747839
747838
747834
747827
747817
747815
747806
747804
747791
747778
747777
747776
747774
747773
747772
747771
747770
747768
747767
747766
747765
747764
747763
747762
747761
747760
747759
747758
747750
747749
747748
747747
747746
747745
747744
747743
747742
747741
747740
747739
747738
747737
747736
747735
747733
747732
747731
747728
747727
747726
747724
747723
747722
747721
747720
747719
747718
747717
747716
747715
747714
747713
747712
747711
747710
747709
747708
747706
747705
747704
747703
747702
747701
747700
747699
747698
747697
747696
747695
747694
747693
747692
747691
747690
747689
747688
747687
747686
747685
747683
747682
747681
747680
747679
747678
747677
747676
747675
747674
747673
747672
747671
747670
747669
747668
747667
747666
747665
747664
747663
747662
747661
747660
747659
747658
747657
747656
747655
747654
747653
747652
747651
747649
747648
747645
747644
747643
747637
747636
747635
747634
747632
747631
747628
747627
747626
747624
747623
747542
747543
747544
747545
747546
747547
747548
747549
747550
747551
747552
747553
747554
747555
747556
747557
747558
747559
747561
747562
747563
747565
747566
747567
747568
747569
747570
747571
747572
747573
747574
747575
747576
747577
747578
747579
747580
747581
747582
747583
747584
747585
747586
747587
747588
747589
747590
747591
747592
747593
747594
747595
747596
747622
747621
747620
747619
747618
747617
747616
747615
747614
747613
747612
747611
747610
747609
747608
747607
747606
747605
747604
747603
747602
747601
747600
747599
747598
747597
747564
747560
747541
747540
747539
747538
747537
747536
747535
747534
747533
747532
747531
747530
747529
747528
747527
747526
747525
747524
747523
747522
747521
747520
747519
747518
747516
747513
747512
747511
747509
747508
747506
747502
747501
747500
747498
747494
747493
747492
747491
747490
747489
747488
