931184
931183
931187
931186
931185
931482
931574
931572
931571
931578
931573
931570
931523
931306
931303
931302
931301
931569
931567
931526
931575
931579
931524
931531
931520
931248
931242
931251
931530
931522
931516
931494
931491
931304
931568
931566
931252
931247
931245
931521
931511
931489
931355
931298
931250
931519
931244
931528
931518
931515
931295
931488
931527
931517
931513
931354
931292
931493
931249
931246
931243
931492
931291
931458
931457
931456
931455
931454
931453
931452
931451
931450
931449
931391
931393
931389
931388
931496
931430
931410
931409
931479
931565
931287
931415
931495
931592
931591
931590
931588
931587
931582
931581
931580
931577
931576
931562
931561
931560
931559
931558
931557
931556
931555
931554
931553
931551
931550
931547
931546
931545
931542
931539
931537
931536
931512
931507
931504
931503
931502
931501
931500
931499
931498
931497
931490
931487
931486
931484
931483
931481
931480
931478
931477
931476
931475
931474
931470
931448
931447
931446
931445
931444
931443
931442
931441
931438
931436
931435
931428
931427
931426
931425
931424
931423
931422
931421
931420
931419
931418
931417
931416
931414
931413
931412
931411
931406
931405
931404
931402
931401
931400
931399
931398
931397
931396
931395
931394
931392
931387
931386
931384
931383
931382
931381
931380
931379
931378
931377
931376
931375
931374
931373
931372
931371
931370
931369
931368
931367
931366
931365
931364
931363
931362
931361
931360
931359
931358
931357
931356
931353
931352
931351
931350
931349
931348
931347
931346
931345
931344
931343
931342
931341
931340
931339
931338
931337
931336
931335
931334
931333
931332
931331
931330
931329
931328
931327
931326
931325
931324
931323
931322
931321
931320
931319
931318
931296
931297
931300
931299
931293
931317
931316
931315
931314
931313
931312
931311
931310
931309
931308
931307
931305
931279
931281
931283
931284
931288
931290
931289
931273
931277
931278
931286
931276
931272
931271
931268
931262
931267
931264
931274
931269
931270
931285
931275
931266
931265
931263
931261
931260
931259
931258
931257
931256
931255
931254
931253
931241
931240
931239
931238
931237
931236
931235
931234
931233
931232
931231
931230
931229
931228
931227
931226
931225
931224
931223
931222
931221
931220
931219
931218
931217
931216
931215
931214
931213
931212
931211
931210
931209
931208
931206
931204
931203
931202
931201
931199
931200
931198
931196
931195
931194
931193
931192
931191
931190
931189
931188
931182
931180
931172
931171
931170
931169
931168
931167
931166
931165
931164
931163
931162
931161
931160
931159
931158
931157
931156
931155
931154
931153
931152
931151
931150
931149
931148
931147
931146
931145
931143
931142
931141
931140
931139
931138
931137
931136
931135
931134
