756923
756885
756884
756883
756882
756881
756880
756879
756878
756974
756968
757052
756970
756965
756948
756986
756967
756961
757053
756990
756984
756944
757247
757047
757037
757048
756977
756954
756988
757000
757013
757038
756985
756981
756976
756947
756973
756964
756969
757230
757233
757232
757228
756971
756950
756987
756957
756955
756941
757051
757045
757036
757006
756991
756989
756978
756975
756983
756960
756945
757070
756972
756966
756963
756956
756951
756949
756943
756959
756940
756946
756958
757050
756962
756942
756891
756893
756895
756896
756897
757068
757127
757128
757142
757147
757148
757187
757205
757245
757255
757261
757260
757257
757256
757253
757252
757251
757250
757249
757246
757244
757243
757242
757241
757240
757239
757238
757237
757236
757235
757234
757231
757229
757227
757226
757225
757224
757223
757222
757221
757220
757219
757218
757217
757216
757215
757213
757214
757212
757211
757210
757209
757208
757207
757206
757204
757203
757202
757201
757200
757199
757198
757197
757196
757195
757194
757193
757192
757191
757190
757189
757188
757186
757185
757184
757183
757182
757181
757180
757179
757178
757177
757176
757175
757174
757173
757172
757171
757170
757169
757168
757167
757166
757165
757164
757163
757162
757161
757160
757159
757158
757157
757156
757155
757154
757153
757152
757151
757150
757149
757146
757145
757144
757143
757141
757140
757139
757138
757137
757136
757134
757133
757132
757131
757130
757129
757126
757125
757124
757122
757121
757120
757119
757118
757117
757116
757115
757114
757113
757111
757110
757109
757108
757107
757106
757105
757104
757103
757102
757101
757100
757099
757098
757097
757096
757095
757094
757093
757092
757091
757090
757089
757088
757087
757086
757085
757084
757083
757082
757081
757080
757079
757078
757077
757076
757075
757074
757073
757072
757069
757067
757066
757065
757064
757063
757062
757061
757060
757059
757058
757057
757056
757055
757054
757049
757046
757044
757043
757042
757041
757040
756992
756993
756994
756995
756996
756997
756998
756999
757001
757002
757003
757004
757005
757007
757008
757009
757010
757012
757014
757016
757017
757018
757019
757020
757021
757022
757024
757025
757027
757028
757029
757030
757031
757032
757033
757034
757035
757026
757023
757015
757011
756982
756980
756979
756953
756952
756939
756938
756937
756936
756935
756934
756933
756932
756931
756930
756929
756928
756927
756926
756925
756924
756922
756921
756920
756919
756918
756917
756916
756915
756914
756913
756912
756911
756910
756908
756906
756905
756904
756903
756902
756901
756900
756899
756898
756890
756889
756888
756887
756886
756877
756876
756875
756874
756873
756872
756871
