911976
911973
912059
911827
911944
911923
911906
911847
911837
911817
911701
911603
911602
911601
911604
911606
911612
911600
911597
911942
911915
911903
911611
911599
911845
911838
911941
911913
911900
911613
911610
911596
911818
911703
911938
911910
911901
911846
911836
911940
911909
911902
911541
911542
911543
911545
911550
911795
911824
911931
911908
911898
911819
911700
911843
911834
911683
911679
911685
911684
911622
911478
911937
911935
911934
911933
911932
911930
911929
911927
911926
911925
911922
911921
911919
911918
911916
911914
911911
911861
911859
912038
912084
912083
912082
912081
912080
912079
912078
912077
912076
912075
912074
912073
912072
912071
912070
912069
912068
912067
912066
912065
912064
912063
912062
912061
912060
912058
912057
912056
912055
912052
912051
912050
912049
912048
912047
912046
912045
912044
912043
912042
912040
912037
912036
912034
912033
912032
912031
912030
912029
912028
912027
912026
912025
912024
912023
912022
912020
912019
912018
912017
912016
912015
912014
912013
912012
912011
912010
912009
912008
912007
912006
912005
912004
912003
912002
912001
912000
911999
911998
911997
911996
911995
911994
911993
911992
911991
911990
911989
911988
911987
911986
911985
911984
911983
911982
911981
911977
911975
911974
911972
911971
911970
911969
911968
911967
911966
911965
911964
911963
911962
911961
911960
911959
911958
911957
911956
911955
911954
911953
911952
911951
911950
911946
911945
911943
911939
911936
911928
911924
911920
911917
911907
911905
911904
911899
911895
911894
911893
911892
911891
911890
911889
911888
911887
911885
911884
911883
911882
911881
911880
911879
911878
911877
911872
911871
911870
911869
911868
911867
911866
911864
911863
911862
911858
911856
911855
911854
911853
911852
911851
911850
911849
911848
911844
911842
911841
911840
911839
911835
911833
911832
911831
911830
911829
911828
911826
911825
911823
911822
911821
911820
911816
911815
911813
911812
911811
911809
911808
911807
911806
911805
911804
911803
911799
911797
911796
911794
911792
911791
911790
911789
911788
911787
911786
911785
911784
911783
911782
911781
911780
911779
911778
911777
911776
911775
911774
911773
911772
911771
911770
911769
911768
911767
911766
911765
911764
911763
911762
911761
911760
911759
911758
911757
911756
911755
911754
911753
911752
911751
911750
911749
911747
911746
911745
911744
911743
911742
911741
911740
911739
911738
911737
911735
911734
911733
911732
911731
911730
911729
911728
911727
911726
911725
911724
911723
911722
911721
911720
911719
911718
911717
911716
911715
911714
911713
911712
911711
911710
911709
911708
911707
911706
911705
911704
911702
911699
911698
911697
911696
911695
911694
911693
911691
911690
911689
911688
911687
911686
911682
911681
911680
911677
911676
911675
911674
911673
911672
911671
911670
911669
911668
911667
911666
911665
911664
911663
911661
911660
911659
911658
911656
911655
911654
911653
911652
911651
911650
911649
911648
911647
911646
911644
911643
911642
911640
911639
911637
911635
911634
911633
911632
911630
911629
911628
911627
911626
911625
911624
911623
911621
911620
911619
911618
911617
911616
911615
911614
911609
911608
911607
911605
911595
911593
911592
911590
911589
911588
911587
911586
911585
911584
911583
911582
911581
911580
911579
911578
911577
911576
911575
911574
911573
911572
911571
911570
911569
911568
911567
911566
911565
911564
911563
911562
911561
911560
911559
911558
911557
911556
911555
911554
911553
911552
911548
911547
911546
911540
911539
911538
911537
911536
911534
911533
911532
911531
911530
911529
911528
911527
911526
911525
911524
911523
911522
911521
911520
911519
911518
911517
911516
911515
911514
911513
911512
911511
911510
911509
911508
911507
911506
911505
911504
911503
911502
911501
911500
911499
911498
911497
911496
911493
911492
911479
911477
911476
911475
911474
