889102
889101
889091
889090
889073
889070
889089
889088
889087
889069
889067
889052
889051
889081
889084
889065
889064
889063
889062
889058
889050
889049
889061
889060
889416
889412
889057
889059
889046
889045
889096
889083
889082
889080
889079
889056
889415
889411
889201
889200
889076
889414
889410
888999
889000
888996
888987
888991
889413
889409
889100
889095
889098
889438
889426
889437
889431
889348
889338
889334
889302
889310
889436
889428
889425
889184
889393
889388
889400
889358
889361
889406
889192
889401
889435
889433
889191
889469
889465
889458
889455
889446
889444
889429
889354
889188
889468
889464
889460
889452
889450
889442
889459
889453
889472
889471
889462
889449
889443
889434
889432
889405
889402
889398
889392
889359
889356
889187
889107
889111
889470
889109
889467
889463
889457
889454
889447
889445
889430
889403
889353
889186
889110
889108
889461
889466
889456
889451
889448
889427
889145
889271
889269
889159
889292
889332
889331
889330
889328
889272
889265
889257
889255
889254
889251
889208
889206
889250
889248
889267
889266
889249
889247
889320
889314
889259
889258
889245
889244
889220
889219
889218
889217
889216
889205
888964
889337
889399
888951
889316
889313
889260
889243
889242
889238
889221
889214
889213
889212
889211
889210
889209
889204
888957
888960
888965
889364
888961
888969
888956
888963
889423
889479
889478
889477
888959
889476
889475
889474
889473
888966
889441
889440
889439
888962
888968
889424
889422
889421
889420
889419
889418
889417
888970
889336
888955
889407
889404
889397
889396
889395
889394
889391
889390
889389
889387
889386
889385
889384
889383
889382
889381
889380
889379
889378
889377
889376
889375
889374
889373
889372
889371
889370
889369
889368
889367
889366
889365
889363
889362
889360
889357
889355
889352
889351
889349
889347
889346
889345
889344
889343
889341
889340
889339
889333
889327
889326
889325
889324
889322
889321
889319
889317
889315
889311
889309
889308
889307
889306
889304
889303
889301
889300
889215
889263
889323
889318
889312
889305
889299
889298
889297
889296
889295
889294
889291
889290
889289
889288
889287
889286
889285
889284
889283
889281
889279
889278
889277
889275
889274
889268
889264
889262
889261
889253
889252
889246
889241
889240
889239
889237
889236
889235
889234
889233
888958
889231
889230
889229
889228
889227
889226
889225
889224
889223
889222
889207
889199
889198
889197
889196
889195
889194
889193
889190
889189
889185
889183
889182
889181
889180
889179
889178
889177
889176
889175
889174
889173
889172
889171
889170
889169
889168
889167
889166
889164
889163
889162
889161
889160
889158
889157
889156
889155
889154
889153
889152
889151
889150
889149
889146
889144
889143
889142
889140
889138
889137
889136
889135
889134
889133
889132
889131
889130
888948
889129
888947
888949
889128
889127
889126
889125
889124
889123
889122
889121
889120
889119
889116
889117
889118
889115
889113
889114
889112
889105
889104
889103
889097
889093
889092
889078
889077
889075
889074
889072
889071
889068
889066
889055
889054
889053
889048
889047
889044
889043
889042
889041
889039
889038
889037
889036
889035
889034
889033
889032
889031
889030
889029
889028
889027
889025
889024
889023
889022
889021
889020
889019
889018
889017
889016
889015
889014
889013
889012
889011
889010
889009
889008
889007
889006
889005
889004
889003
889002
889001
888998
888997
888995
888994
888993
888992
888990
888989
888986
888985
888984
888983
888982
888981
888980
888979
888978
888977
888976
888974
888973
888972
888971
888967
888954
888953
888952
888950
