794469
794468
794583
794734
794733
794732
794737
794736
794735
794731
794730
794506
794505
794504
794502
794501
794738
794499
794498
794497
794581
794800
794801
794803
794747
794745
794645
794799
794656
794651
794649
794647
794646
794746
794798
794654
794477
794639
794466
794818
794817
794816
794815
794814
794539
794494
794811
794812
794813
794461
794460
794459
794845
794844
794843
794842
794522
794588
794620
794642
794643
794744
794860
794865
794864
794863
794862
794861
794859
794858
794857
794856
794855
794854
794853
794852
794851
794850
794849
794848
794847
794846
794841
794840
794839
794838
794837
794836
794835
794834
794833
794832
794831
794830
794829
794828
794826
794825
794824
794823
794822
794810
794809
794808
794807
794806
794821
794820
794819
794805
794804
794802
794797
794795
794794
794792
794791
794790
794789
794788
794787
794786
794785
794784
794783
794782
794781
794780
794779
794778
794777
794776
794775
794774
794773
794772
794771
794770
794769
794768
794767
794766
794765
794764
794763
794762
794761
794760
794759
794757
794756
794755
794754
794753
794752
794751
794750
794749
794748
794742
794741
794740
794739
794729
794728
794727
794726
794725
794724
794723
794722
794720
794718
794717
794716
794715
794714
794713
794712
794711
794710
794709
794708
794706
794705
794704
794703
794702
794701
794700
794699
794698
794697
794696
794695
794693
794692
794691
794690
794689
794688
794687
794686
794685
794684
794683
794681
794680
794679
794678
794677
794676
794674
794673
794672
794671
794670
794669
794668
794667
794666
794665
794664
794663
794662
794661
794660
794659
794658
794657
794655
794653
794650
794648
794641
794640
794638
794637
794636
794635
794634
794633
794632
794631
794630
794629
794628
794617
794616
794612
794611
794627
794626
794625
794624
794623
794622
794621
794619
794618
794615
794614
794613
794609
794608
794606
794605
794604
794603
794602
794601
794600
794599
794598
794597
794596
794595
794594
794593
794592
794591
794590
794589
794587
794578
794574
794567
794557
794556
794555
794554
794553
794552
794551
794550
794549
794548
794547
794546
794545
794543
794542
794541
794540
794538
794537
794536
794535
794534
794533
794532
794531
794530
794529
794528
794527
794526
794525
794524
794523
794521
794520
794519
794518
794517
794516
794515
794514
794513
794512
794511
794510
794509
794508
794507
794496
794495
794493
794492
794491
794490
794489
794488
794487
794486
794485
794484
794483
794482
794481
794480
794479
794478
794476
794475
794474
794473
794472
794471
794470
794464
794463
794462
794467
794465
794458
794457
794456
794455
794453
