843039
843057
843088
843112
843118
843105
843011
843099
843101
843009
843116
843115
843097
843078
843064
843060
843046
843100
843005
842924
842928
842930
843096
843059
843058
843056
843055
842922
842920
842917
843061
843063
843042
843040
843034
843095
843038
842931
842925
842919
842926
842916
843062
843033
842927
842921
843007
842913
842918
842923
842929
843000
842831
842830
842731
843207
843206
843205
843204
843203
843202
843201
843200
843199
843198
843197
843196
843195
843194
843193
843191
843189
843188
843187
843186
843185
843184
843183
843182
843181
843180
843179
843178
843177
843176
843174
843173
843172
843171
843170
843169
843168
843167
843164
843160
843159
843157
843155
843152
843151
843150
843148
843147
843146
843145
843144
843143
843141
843140
843139
843138
842769
842765
842763
842761
842760
843190
843175
842756
843166
842754
842753
842751
842745
842741
842737
842735
842732
842729
842727
842723
842722
842719
842716
842714
842711
842709
842706
842703
842696
842693
842690
842686
842656
842654
842651
842648
842646
842645
842641
842639
842634
842632
842620
842618
842612
842608
843165
843163
843162
843161
843158
843156
843154
843153
843149
843142
843137
843136
843135
843134
843133
843132
843131
843130
843129
843128
843127
843126
843125
843124
843123
843122
843121
843120
843119
843117
843114
843113
843111
843110
843108
843107
843106
843104
843103
843102
843094
843093
843092
843091
843090
843089
843087
843086
843085
843084
843083
843081
843080
843079
843077
843076
843075
843074
843073
843072
843071
843070
843069
843068
843067
843054
843018
843017
843016
843014
843012
843051
843050
843049
843048
843047
843045
843044
843043
843041
843037
843036
843035
843032
843031
843030
843029
843028
843027
843026
843025
843024
843023
843022
843021
843020
843019
843015
843013
843010
843008
843006
843004
843003
843002
843001
842999
842998
842997
842995
842994
842993
842992
842991
842990
842989
842988
842987
842986
842985
842984
842983
842982
842980
842979
842978
842977
842976
842975
842974
842973
842972
842971
842970
842969
842968
842967
842966
842965
842964
842963
842962
842961
842960
842959
842958
842957
842956
842955
842954
842953
842952
842951
842950
842949
842947
842860
842946
842945
842944
842943
842942
842941
842940
842939
842938
842937
842936
842935
842915
842914
842912
842911
842910
842908
842903
842900
842899
842898
842897
842896
842895
842894
842893
842892
842890
842889
842888
842887
842886
842885
842884
842883
842882
842881
842880
842879
842878
842877
842876
842875
842874
842873
842871
842870
842869
842868
842867
842866
842865
842864
842863
842862
842858
842856
842855
842854
842853
842852
842851
842850
842849
842848
842846
842845
842844
842843
842842
842841
842840
842839
842838
842837
842836
842835
842834
842833
842832
842829
842828
842827
842826
842577
842584
842599
842825
842824
842823
842822
842821
842820
842819
842818
842817
842816
842815
842814
842813
842812
842811
842810
842809
842808
842807
842806
842805
842804
842803
842802
842801
842800
842799
842798
842797
842796
842795
842793
842791
842790
842789
842788
842787
842786
842605
842602
842601
842600
842587
842785
842583
842581
842580
842578
842576
842574
842784
842783
842782
842781
842780
842779
842778
842777
842776
842775
842774
842773
842772
842771
842770
842768
842767
842766
842764
842762
842759
842758
842757
842755
842752
842750
842749
842748
842747
842746
842744
842743
842742
842740
842739
842738
842736
842734
842733
842730
842728
842726
842725
842724
842721
842720
842718
842717
842715
842712
842710
842708
842707
842705
842704
842702
842701
842700
842699
842698
842697
842695
842694
842692
842691
842689
842688
842687
842685
842684
842682
842681
842677
842676
842673
842672
842669
842668
842666
842665
842660
842659
842658
842657
842655
842653
842649
842647
842644
842643
842642
842640
842638
842636
842635
842633
842631
842630
842629
842628
842627
842626
842625
842624
842623
842622
842621
842619
842617
842616
842615
842614
842613
842611
842610
842609
842607
842606
842604
842603
842598
842597
842596
842595
842594
842593
842592
842591
842590
842589
842588
842586
842585
842582
