859833
859835
859834
859832
859831
859828
860063
860079
860074
860072
860071
860070
860062
859912
859899
859806
859808
859906
859902
859896
859894
859911
860068
860065
859801
859803
859968
859929
859923
860060
860057
860089
860088
860086
860085
860082
860076
860066
859967
859928
859922
859910
859805
859799
859901
859905
859809
859807
859964
859927
859921
859904
859900
859871
859800
859963
859926
859920
859897
859802
859798
860345
860348
860339
860344
859877
859874
859869
860340
860338
860316
860343
860351
860350
860349
860347
860346
860342
860341
860337
860336
860335
860334
860333
860332
860331
860320
860319
860317
860313
860217
860298
859872
859870
860296
860312
860311
860309
860308
860306
860305
860303
860302
860301
860294
860293
860215
860214
860211
860300
860275
860218
860216
860213
860212
860210
860081
860080
860078
860077
860352
860209
860203
859880
859878
860430
860429
860426
860425
860424
860423
860421
860420
860419
860418
860416
860414
860412
860411
860409
860410
860408
860407
860406
860405
860404
860403
860402
860401
860397
860396
860395
860394
860393
860392
860391
860390
860389
860388
860387
860385
860384
860383
860381
860380
860379
860378
860377
860376
860375
860374
860373
860372
860370
860369
860368
860367
860366
860290
860288
860285
860283
859908
859909
860130
860183
860417
859890
859892
859903
860280
860281
860278
860277
860273
860272
860428
860427
860422
860415
860413
860400
860399
860398
860386
860382
860371
859960
860365
860364
860362
860361
860360
860359
860358
860357
860356
860355
860354
860353
860329
860328
860327
860326
860325
860324
860323
860322
860321
860318
860314
860310
860307
860304
860299
860297
860295
860292
860291
860289
860287
860286
860284
860282
860279
860276
860271
860270
860274
860267
860266
860250
860247
860240
860269
860268
860265
860264
860263
860262
860261
860260
860259
860258
860257
860256
860255
860254
860253
860252
860251
860249
860248
860246
860245
860244
860243
860242
860241
860239
860238
860237
860236
860235
860234
860233
860232
860231
860230
860228
860227
860226
860225
860224
860223
860222
860221
860220
860219
860208
860207
860206
860205
860204
860202
860201
860200
860199
860198
860197
860196
860195
860194
860193
860192
860191
860190
860189
860188
860187
860186
860185
860182
860181
860180
860179
860178
860177
860176
860175
860174
860173
860172
860171
860170
860169
860168
860167
860166
860165
860164
860163
860162
860160
860159
860158
860157
860156
860155
860154
860153
860152
860151
860150
860148
860147
860146
860145
860142
860141
860140
860139
860137
860136
860135
860134
860133
860131
860129
860128
860127
860126
860125
860124
860123
860122
860121
860120
860119
860118
860117
860116
860115
860114
860113
860112
860111
860110
860109
860108
860107
860106
860105
860104
860103
860102
860101
860099
860098
860096
860095
860094
860093
860092
860091
860090
860087
860056
860052
860083
860073
860084
860075
860069
860067
860064
860061
860059
860058
860055
860054
860053
860051
860050
860049
860048
860047
860046
860045
860044
860043
860042
860041
860040
860039
860038
860037
860035
860034
860033
860032
860031
860030
860029
860028
860027
860026
860025
860024
860022
860021
860020
860019
860018
860017
860016
860015
860014
860013
860012
860011
860009
860008
860007
860006
860005
860004
860003
860002
860001
860000
859999
859998
859997
859996
859995
859994
859993
859992
859991
859990
859989
859988
859987
859986
859985
859984
859983
859982
859980
859979
859978
859977
859976
859975
859974
859973
859972
859971
859970
859969
859966
859965
859962
859961
859958
859957
859956
859955
859954
859953
859952
859951
859950
859949
859948
859947
859946
859945
859944
859943
859942
859941
859940
859939
859938
859937
859936
859934
859931
859930
859925
859924
859919
859918
859917
859916
859915
859914
859913
859907
859898
859895
859893
859891
859889
859888
859887
859886
859885
859884
859883
859882
859881
859879
859876
859875
859873
859868
859867
859866
859865
859864
859863
859862
859861
859860
859859
859858
859857
859856
859855
859854
859853
859852
859851
859850
859847
859846
859845
859844
859843
859842
859841
859840
859839
859838
859837
859836
859829
859827
859826
859824
859823
859822
859821
859820
859819
859818
859817
859816
859815
859814
859813
859812
859811
859810
859804
859797
859796
859795
859794
859793
859792
859791
859790
859789
859787
859786
859785
859784
859783
859782
859781
859780
859779
859778
859777
859776
859775
859774
859773
859772
859771
859770
859769
859768
859767
