942687
942947
942946
942725
942724
942723
942711
942703
942697
942696
942720
942691
942690
942686
942684
942975
942974
942973
942972
942971
942970
942969
942968
942967
942966
942965
942964
942963
942962
942961
942960
942958
942956
942955
942954
942953
942952
942950
942949
942942
942941
942940
942939
942938
942937
942936
942935
942934
942933
942932
942931
942930
942929
942928
942926
942925
942924
942916
942915
942914
942913
942912
942911
942910
942908
942907
942905
942904
942903
942902
942901
942900
942899
942898
942897
942895
942894
942893
942892
942891
942890
942889
942888
942887
942886
942885
942884
942883
942882
942881
942880
942879
942878
942877
942876
942875
942874
942873
942872
942871
942853
942852
942851
942850
942849
942848
942847
942846
942845
942844
942843
942842
942841
942840
942839
942838
942837
942835
942834
942833
942831
942825
942824
942823
942822
942821
942820
942819
942818
942817
942816
942815
942813
942792
942812
942811
942788
942789
942810
942783
942787
942786
942785
942791
942781
942782
942808
942806
942804
942799
942793
942790
942784
942780
942779
942778
942777
942776
942775
942774
942773
942772
942771
942770
942769
942768
942767
942766
942765
942764
942763
942762
942761
942760
942759
942758
942757
942754
942753
942752
942751
942750
942749
942745
942744
942743
942737
942736
942735
942734
942733
942732
942731
942730
942729
942728
942727
942726
942722
942719
942718
942717
942716
942715
942714
942713
942712
942710
942709
942708
942707
942706
942705
942704
942702
942701
942700
942699
942698
942695
942694
942693
942692
942688
942685
942683
942682
942681
942680
942679
942678
942677
942676
942675
942674
942672
942671
942670
942669
942668
942667
942666
942665
942664
942663
942662
942661
942660
942673
942659
942658
942656
