923180
923179
922921
923071
923070
923211
923209
923000
923008
923017
922997
923013
923001
923016
923011
923003
923010
923018
923007
923015
923002
923066
922990
923075
923074
923055
922995
923009
923004
923012
922989
923154
923065
923206
923131
923212
923146
923143
923142
923141
923198
923218
922915
923217
923220
923216
923215
923214
923210
923208
923207
923205
923204
923203
923202
923201
923200
923199
923197
923196
923195
923194
923193
923192
923191
923189
923190
923188
923187
923186
923185
923184
923183
923181
923178
923177
923176
923175
923174
923173
923172
923171
923170
923169
923168
923167
923166
923165
923164
923163
923162
923161
923160
923159
923158
923157
923067
923156
923155
923152
923150
923148
923147
923145
923144
923140
923139
923138
923137
923136
923135
923133
923132
923130
923129
923128
923127
923126
923125
923124
923123
923122
923121
923120
923119
923118
923117
923116
923114
923113
923112
923111
923110
923109
923108
923107
923106
923105
923104
923103
923102
923101
923100
923099
923098
923097
923096
923095
923094
923093
923092
923091
923090
923089
923088
923087
923086
923085
923084
923083
923082
923081
923080
923079
923078
923077
923076
923073
923072
923069
923068
923064
923063
923062
923061
923060
923059
923058
923057
923056
923054
923053
923052
923051
923050
923049
923048
923047
923046
923045
923044
923043
923041
923040
923039
923038
923037
923036
923035
923034
923033
923032
923030
923029
923028
923027
923026
923025
923024
923023
923022
923021
923020
923019
923014
923006
923005
922999
922998
922996
922993
922992
922994
922991
922988
922987
922986
922985
922984
922983
922982
922981
922980
922979
922978
922977
922976
922975
922974
922973
922971
922970
922969
922968
922967
922966
922965
922964
922962
922961
922960
922959
922958
922957
922956
922955
922954
922953
922952
922951
922950
922949
922948
922947
922946
922945
922944
922943
922942
922941
922940
922939
922936
922935
922934
922933
922932
922931
922930
922929
922928
922927
922926
922925
922924
922923
922922
922920
922919
922918
922917
922916
