761144
761146
761147
761148
761149
761150
761151
761152
761153
761154
761155
761156
761157
761158
761159
761160
761161
761162
761163
761164
761165
761166
761167
761207
761206
761425
761415
761418
761284
761282
761299
761424
761381
761298
761280
761279
761272
761416
761417
761268
761266
761263
761259
761287
761283
761277
761273
761419
761296
761295
761265
761264
761281
761271
761276
761274
761082
761405
761406
761407
761408
761409
761257
761352
761412
761379
761380
761387
761386
761376
761377
761293
761292
761304
761457
761455
761454
761453
761451
761450
761449
761448
761447
761446
761444
761443
761442
761441
761440
761439
761438
761437
761436
761435
761434
761126
761433
761127
761128
761129
761431
761130
761430
761429
761428
761427
761426
761423
761422
761421
761420
761414
761413
761411
761410
761404
761403
761402
761400
761399
761398
761397
761396
761395
761394
761393
761392
761391
761390
761389
761388
761384
761383
761382
761378
761375
761374
761373
761372
761371
761370
761369
761368
761367
761365
761364
761363
761362
761361
761360
761359
761358
761357
761356
761355
761354
761353
761351
761350
761349
761348
761347
761346
761345
761344
761342
761341
761340
761339
761338
761337
761336
761335
761334
761333
761332
761331
761330
761328
761326
761325
761324
761323
761322
761321
761320
761319
761318
761317
761316
761315
761314
761313
761312
761311
761310
761309
761308
761307
761306
761305
761303
761302
761301
761300
761297
761291
761290
761289
761288
761285
761278
761275
761270
761269
761262
761261
761260
761258
761256
761255
761254
761253
761252
761251
761250
761249
761248
761247
761246
761245
761244
761243
761242
761241
761240
761239
761238
761237
761236
761235
761234
761233
761232
761231
761230
761229
761228
761227
761226
761225
761224
761223
761222
761174
761175
761176
761177
761178
761179
761180
761181
761182
761183
761184
761185
761186
761187
761193
761194
761195
761196
761197
761198
761199
761200
761201
761202
761203
761204
761205
761220
761219
761218
761217
761216
761215
761214
761213
761212
761211
761210
761209
761208
761192
761191
761190
761189
761188
761173
761172
761171
761170
761169
761168
761143
761142
761141
761140
761139
761138
761137
761136
761135
761134
761133
761132
761131
761125
761124
761123
761122
761121
761120
761119
761118
761117
761116
761115
761114
761113
761112
761111
761110
761109
761108
761107
761106
761105
761104
761103
761102
761101
761100
761099
761098
761097
761096
761095
761094
761093
761092
761091
761090
761089
761088
761087
761086
761078
761074
761073
761072
761071
761070
