755517
755516
755479
755477
755472
755474
755488
755512
755499
755526
755533
755528
755914
755913
755912
755911
755910
755908
755907
755906
755904
755903
755624
755609
755602
755595
755591
755581
755613
755617
755578
755905
755902
755901
755899
755897
755626
755625
755616
755593
755586
755584
755582
755590
755610
755603
755623
755579
755615
755607
755600
755583
755918
755917
755916
755896
755894
755588
755892
755890
755888
755886
755587
755606
755599
755884
755883
755881
755880
755878
755877
755875
755470
755652
755654
755689
755825
755829
755832
755833
755507
755506
755505
755504
755503
755948
755947
755946
755945
755944
755943
755942
755941
755939
755940
755937
755936
755935
755934
755933
755932
755931
755930
755929
755928
755927
755926
755925
755924
755923
755922
755921
755920
755919
755859
755860
755861
755862
755863
755865
755866
755867
755868
755869
755870
755872
755874
755876
755879
755882
755885
755887
755889
755891
755893
755895
755898
755900
755915
755873
755871
755864
755858
755857
755856
755855
755854
755853
755852
755851
755850
755849
755848
755847
755846
755845
755844
755843
755842
755841
755840
755839
755838
755836
755835
755834
755831
755830
755828
755826
755824
755823
755822
755821
755820
755819
755818
755817
755816
755815
755814
755813
755812
755811
755810
755809
755808
755807
755806
755805
755804
755803
755802
755801
755800
755799
755798
755797
755796
755795
755794
755793
755792
755791
755790
755789
755788
755787
755786
755785
755784
755783
755781
755780
755779
755778
755777
755776
755775
755774
755773
755772
755771
755770
755769
755768
755767
755766
755765
755764
755763
755762
755761
755760
755759
755758
755757
755756
755755
755754
755753
755752
755751
755750
755749
755748
755747
755746
755745
755744
755743
755742
755741
755740
755739
755738
755737
755736
755735
755734
755733
755732
755731
755730
755729
755728
755727
755726
755725
755724
755723
755722
755721
755720
755719
755718
755717
755716
755715
755714
755713
755712
755711
755710
755709
755708
755707
755706
755705
755704
755703
755702
755701
755700
755699
755698
755697
755696
755695
755694
755693
755692
755691
755690
755688
755687
755686
755685
755684
755683
755682
755681
755680
755679
755678
755677
755676
755675
755674
755673
755672
755671
755670
755669
755668
755667
755666
755665
755664
755663
755662
755661
755660
755659
755658
755657
755656
755655
755651
755650
755649
755648
755647
755646
755645
755643
755642
755641
755640
755639
755638
755637
755644
755633
755632
755631
755630
755629
755628
755627
755622
755618
755619
755620
755621
755614
755612
755611
755605
755604
755598
755597
755596
755594
755592
755589
755585
755580
755577
755576
755575
755574
755573
755572
755571
755570
755569
755568
755567
755566
755565
755564
755563
755562
755561
755560
755559
755558
755557
755556
755555
755554
755553
755552
755551
755550
755547
755546
755544
755542
755541
755540
755539
755538
755536
755532
755531
755529
755525
755524
755522
755521
755520
755519
755518
755514
755510
755509
755508
755502
755500
755498
755497
755496
755495
755494
755493
755492
755491
755490
755489
755487
755486
755485
755484
755483
755482
755481
755480
755478
755476
755471
755469
