867068
867047
867048
867049
867050
867051
867052
867053
867057
867058
867059
867061
867062
867063
867064
867065
867066
867067
867069
867075
867076
867077
867041
867044
867045
867082
867070
867071
867072
867073
867074
867293
867206
867198
867241
867239
867134
867133
867390
867407
867099
867121
867391
867244
867240
867211
867130
867098
867097
867123
867229
867230
867202
867413
867406
867094
867100
867111
867114
867116
867120
867127
867128
867245
867342
867350
867397
867103
867110
867112
867113
867115
867132
867412
867207
867210
867235
867205
867197
867236
867237
867122
867125
867107
867108
867105
867104
867102
867101
867096
867106
867117
867119
867129
867200
867109
867093
867095
867118
867126
867131
867405
867003
866989
867024
867000
867028
867030
867021
866997
866992
866987
867331
867277
866991
867025
867005
866994
866988
867520
867519
867517
867515
867451
867450
867449
867448
867006
867026
867032
867002
866993
867436
867434
867433
867432
867424
867418
867417
867416
867415
867009
866996
866995
867001
867004
866983
866982
867423
867566
867568
867422
867421
867060
867458
867029
866999
866998
867467
867457
867471
867470
867469
867468
867466
867464
867463
867462
867454
867031
867022
866990
867465
867461
867459
867456
867455
867453
867452
867395
867394
867388
867382
867381
867379
867376
867374
867372
867370
867368
867359
867355
867340
867337
867344
867335
867328
867326
867325
867324
867323
867321
867320
867319
867317
867316
867315
867314
867460
867313
867312
867310
867309
867307
867306
867304
867303
867302
867301
867297
867296
867589
867588
867587
867586
867585
867584
867583
867582
867581
867580
867579
867578
867577
867576
867575
867574
867573
867572
867571
867570
867569
867567
867565
867564
867563
867562
867561
867560
867559
867558
867557
867556
867555
867554
867553
867552
867551
867550
867549
867548
867547
867546
867545
867544
867543
867542
867541
867540
867539
867538
867537
867536
867535
867534
867533
867532
867531
867530
867529
867528
867527
867526
867525
867524
867523
867522
867521
867518
867516
867514
867513
867512
867511
867510
867509
867508
867507
867506
867505
867504
867503
867502
867501
867500
867499
867497
867496
867495
867493
867492
867491
867490
867489
867488
867487
867486
867485
867484
867483
867482
867481
867480
867479
867478
867477
867476
867475
867474
867473
867472
867447
867446
867445
867444
867443
867442
867441
867440
867439
867438
867437
867435
867431
867430
867429
867428
867427
867426
867425
867420
867419
867414
867411
867410
867409
867408
867403
867402
867401
867400
867399
867398
867396
867393
867392
867389
867387
867386
867385
867384
867383
867380
867378
867375
867373
867371
867369
867367
867366
867365
867364
867363
867362
867361
867360
867358
867357
867356
867354
867353
867352
867351
867349
867348
867346
867343
867341
867339
867338
867336
867334
867333
867332
867330
867329
867327
867322
867318
867311
867308
867305
867300
867299
867298
867295
867294
867284
867292
867291
867290
867289
867288
867287
867286
867285
867283
867282
867281
867280
867279
867278
867276
867275
867274
867273
867272
867271
867270
867269
867268
867267
867266
867265
867264
867263
867261
867260
867259
867258
867257
867256
867255
867254
867253
867252
867251
867250
867249
867248
867246
867243
867242
867238
867234
867233
867232
867231
867228
867226
867225
867223
867222
867221
867220
867219
867218
867217
867216
867215
867214
867213
867212
867209
867208
867204
867203
867201
867199
867196
867195
867194
867192
867191
867190
867189
867188
867187
867186
867185
867184
867183
867182
867181
867180
867179
867178
867177
867176
867175
867174
867173
867172
867171
867170
867169
867168
867167
867166
867165
867164
867163
867162
867161
867159
867158
867157
867156
867155
867154
867153
867151
867150
867149
867148
867147
867146
867145
867144
867143
867142
867141
867140
867139
867138
867137
867136
867135
867124
867092
867091
867090
867088
867087
867086
867085
867084
867083
867080
867079
867056
867054
867042
867040
867039
867038
867036
867035
867034
867033
867019
867018
867016
867015
867014
867027
867023
867020
867017
867013
867012
867011
867010
867008
867007
866985
866984
