740989
740985
740983
741169
741164
741160
741158
741156
740974
740991
740994
740988
741165
741168
740993
740975
740982
740990
740973
740971
740968
740956
741161
741167
740960
740948
740947
740944
741159
741157
741131
740995
740986
740972
740977
740970
740969
740957
740942
740943
741153
741152
741151
741150
741149
741148
741145
741144
741142
740992
740984
740959
740945
740958
740996
741089
741040
741039
741037
740858
740859
741033
741032
741027
741025
741030
741028
741062
741059
741019
741018
741016
741015
740839
740840
740842
740857
741026
741057
741064
741075
741077
741092
741111
741113
741137
741138
741210
740898
740897
741023
741022
740895
740894
740893
740892
740891
740890
740889
741011
741009
740887
740886
741211
741209
741208
741207
741206
741205
741204
741203
741202
741201
741200
741199
741214
741213
741212
741198
741197
741196
741195
741194
741193
741192
741191
741190
741189
741188
741187
741186
741185
741184
741183
741182
741181
741180
741179
741178
741177
741175
741174
741173
741172
741171
741170
741176
741163
741162
741155
741154
741146
741147
741143
741141
741140
741139
741136
741135
741134
741133
741132
741130
741129
741128
741127
741126
741125
741124
741123
741122
741121
741120
741119
741118
741117
741114
741112
741110
741109
741108
741107
741106
741105
741104
741103
741102
741101
741100
741099
741098
741097
741096
741095
741094
741093
741091
741090
741088
741087
741086
741085
741084
741083
741082
741081
741080
741079
741076
741074
741073
741072
741071
741070
741069
741068
741067
741066
741065
741063
741061
741060
741056
741055
741054
741053
741052
741051
741050
741049
741048
741047
741046
741045
741044
741041
741042
741043
741038
741036
741035
741034
741031
741024
741021
741020
741014
741013
741012
741010
741008
741007
741006
741005
741004
741003
741002
741001
741000
740999
740998
740997
740987
740981
740980
740979
740978
740976
740967
740966
740965
740964
740963
740962
740961
740955
740954
740953
740952
740951
740950
740949
740946
740941
740940
740939
740938
740937
740936
740935
740934
740933
740932
740931
740930
740929
740928
740926
740925
740924
740923
740922
740921
740920
740919
740918
740916
740915
740914
740913
740912
740911
740910
740909
740908
740907
740906
740905
740904
740903
740902
740901
740899
740888
740885
740884
740883
740882
740881
740880
740879
740878
740877
740876
740875
740874
740873
740872
740871
740870
740869
740867
740866
740865
740864
740863
740862
740861
740860
740856
740854
740853
740852
740851
740850
740849
740848
740847
740846
740845
740844
740843
740841
740838
740837
740836
740835
740834
740833
740832
740831
740830
740829
740828
740827
740826
740825
740824
740823
740822
740821
740820
740819
740818
740817
740816
740815
740814
740813
740812
740810
740809
740808
740807
740806
740805
740803
