849367
849346
849344
849343
849342
849362
849345
848948
848977
849348
849354
849435
849434
849433
849349
849350
849351
849358
849086
849094
849156
849174
849051
849274
849273
849272
849283
849276
849269
849081
849078
849149
849175
849041
849052
849105
849103
849281
849270
849360
849151
849034
849031
849284
849271
849050
849042
849275
849108
849147
849364
849091
849083
849079
849075
849048
849036
849353
849104
849144
849047
849035
849032
849046
849323
849312
849322
849311
849309
849340
849339
849338
849337
849336
849335
849334
849333
849331
849321
849320
849319
849318
849317
849316
849315
849314
849313
849310
849308
849305
849304
849303
849302
849301
849300
849299
849298
849291
849007
848946
848947
849384
849385
849386
849388
849297
849296
849294
849293
849292
849290
849280
849278
849011
849010
849005
849002
849001
849000
849256
849255
849101
849106
849107
849236
849383
849056
849093
848925
848928
849067
849069
849390
849265
849341
848963
849009
848998
849443
849442
849441
849440
849439
849437
849436
849432
849431
849430
849429
849428
849427
849426
849425
849424
849423
849422
849332
849330
849329
849328
849421
849420
849419
849418
849417
849416
849415
849414
849413
849412
849411
849410
849409
849408
849407
849406
849405
849403
849402
849401
849400
849399
849398
849397
849396
849395
849394
849393
849392
849391
849382
849381
849380
849379
849378
849377
849376
849375
849374
849373
849372
849371
849370
849369
849368
849366
849365
849363
849361
849359
849357
849356
849355
849352
849347
849327
849326
849325
849324
849307
849306
849295
849289
849288
849287
849286
849285
849267
849268
849266
849264
849263
849262
849261
849260
849259
849258
849257
849254
849253
849252
849251
849250
849249
849248
849247
849246
849244
849243
849242
849241
849240
849239
849238
849237
849235
849233
849232
849231
849230
849229
849228
849227
849226
849225
849224
849223
849222
849221
849220
849219
849218
849217
849216
849215
849214
849213
849212
849211
849210
849209
849208
849207
849206
849205
849204
849203
849202
849201
849200
849199
849198
849197
849196
849195
849194
849193
849192
849191
849190
849189
849187
849170
849169
849186
849185
849188
849184
849183
849182
849181
849180
849179
849178
849177
849176
849173
849172
849171
849168
849167
849166
849165
849164
849163
849162
849161
849160
849159
849158
849157
849155
849154
849153
849152
849150
849148
849146
849145
849143
849142
849141
849140
849139
849138
849137
849136
849135
849134
849133
849132
849131
849130
849129
849128
849127
849126
849125
849124
849123
849122
849121
849120
849119
849117
849116
849115
849114
849113
849112
849111
849110
849109
849102
849100
849099
849098
849097
849096
849095
849092
849090
849089
849088
849087
849085
849084
849082
849080
849077
849076
849074
849073
849072
849071
849070
849068
849066
849065
849064
849063
849062
849061
849060
849059
849058
849057
849055
849054
849053
849049
849045
849044
849043
849040
849039
849038
849037
849033
849030
849029
849028
849027
849026
849025
849024
849023
849022
849021
849020
849019
849018
849017
849016
849015
849013
849012
849008
849006
849004
849003
848999
848997
848996
848995
848994
848993
848992
848991
848990
848989
848988
848987
848986
848985
848984
848983
848982
848981
848980
848976
848975
848974
848973
848972
848971
848970
848969
848968
848967
848966
848965
848964
848962
848961
848960
848959
848958
848957
848956
848955
848954
848953
848952
848951
848950
848945
848944
848943
848942
848941
848940
848939
848938
848937
848936
848935
848934
848932
848930
848929
848927
848926
848924
848923
848922
848921
848920
848919
848918
848917
848916
848915
848914
848913
848912
848911
848910
