769870
769880
769892
769540
769785
769786
769702
769686
769687
769688
769689
769847
769846
769607
769586
769577
769814
769807
769579
769584
769815
769806
769576
769844
769580
769598
769585
769813
769808
769578
769591
769581
769589
769583
769582
769575
769840
769843
769842
769841
769511
769839
769837
769513
769512
769917
769916
769915
769914
769913
769912
769911
769910
769909
769908
769907
769906
769905
769904
769903
769902
769901
769900
769899
769898
769897
769896
769895
769893
769890
769889
769888
769886
769885
769884
769883
769882
769881
769879
769878
769877
769876
769875
769874
769873
769872
769871
769868
769867
769866
769865
769864
769863
769862
769861
769860
769859
769858
769857
769855
769854
769853
769852
769851
769850
769849
769848
769845
769836
769835
769834
769833
769832
769838
769831
769830
769829
769828
769827
769826
769825
769824
769823
769822
769821
769819
769818
769817
769816
769811
769812
769810
769809
769805
769804
769803
769802
769801
769800
769799
769797
769796
769795
769794
769793
769792
769791
769790
769789
769788
769787
769784
769783
769782
769781
769780
769779
769778
769777
769776
769775
769774
769773
769772
769771
769770
769769
769768
769767
769765
769764
769763
769762
769760
769759
769758
769757
769756
769755
769754
769753
769752
769751
769750
769749
769748
769747
769746
769745
769744
769743
769742
769741
769740
769739
769738
769737
769736
769735
769734
769733
769732
769731
769730
769729
769728
769727
769726
769725
769723
769722
769721
769720
769719
769718
769717
769716
769715
769712
769711
769710
769709
769708
769707
769706
769705
769701
769700
769699
769698
769695
769694
769693
769692
769691
769690
769685
769684
769683
769682
769681
769680
769679
769678
769677
769676
769675
769674
769673
769672
769671
769670
769669
769667
769666
769665
769664
769663
769662
769661
769660
769659
769658
769657
769656
769655
769654
769653
769652
769651
769650
769649
769648
769646
769645
769644
769643
769587
769624
769625
769626
769627
769628
769629
769630
769631
769632
769633
769634
769635
769636
769637
769638
769639
769641
769642
769640
769609
769610
769611
769612
769613
769614
769615
769616
769617
769618
769619
769620
769621
769622
769623
769590
769592
769593
769594
769595
769596
769597
769599
769600
769601
769602
769603
769604
769605
769606
769608
769588
769574
769573
769572
769571
769570
769569
769568
769567
769566
769565
769564
769562
769561
769560
769559
769558
769557
769556
769555
769554
769553
769552
769550
769549
769548
769547
769545
769544
769543
769542
769541
769533
769532
769531
769530
769528
769527
769526
769525
769524
769523
769522
769521
769520
769519
769518
769517
769516
769514
