771787
771673
772122
772116
771950
771949
771944
771941
771963
771986
772080
772031
772026
772022
772012
772017
772016
772004
772000
771997
771993
771991
771822
771728
772021
772011
771996
772034
772023
772014
772019
772005
771830
772030
772029
772009
772002
772001
772032
772028
772003
771994
771990
772027
772110
772109
771840
771837
771832
771838
771835
771834
772020
772015
771999
771992
771989
771863
771842
771841
771836
771839
772120
771888
771897
771890
771857
771876
772102
772097
772119
772118
772115
772114
772113
772112
772111
772108
772107
772106
772105
772104
772103
772101
772100
772099
772098
772096
772095
772093
772092
772088
772084
772091
772085
772077
772076
772073
772072
772071
772094
772090
772089
772083
772082
772081
772079
772078
772075
772074
772070
772069
772067
772066
772065
772064
772063
772086
772068
772062
772061
772060
772059
772054
772053
772052
772051
772050
772049
772048
772047
772046
772045
772044
772043
772042
772041
772040
772039
772038
772036
772035
772033
772025
772024
772013
772010
772008
772007
772006
771998
771988
771987
771985
771984
771983
771982
771981
771980
771979
771978
771977
771976
771975
771974
771973
771972
771971
771970
771969
771968
771967
771966
771965
771964
771961
771747
771748
771749
771960
771959
771958
771957
771956
771955
771954
771953
771952
771951
771947
771945
771939
771933
771946
771943
771942
771940
771938
771937
771936
771935
771934
771932
771931
771930
771929
771928
771927
771926
771925
771924
771923
771922
771921
771920
771919
771918
771917
771916
771915
771914
771913
771912
771911
771910
771909
771908
771907
771906
771905
771904
771903
771902
771901
771900
771899
771898
771896
771895
771894
771893
771892
771891
771887
771886
771885
771884
771883
771882
771881
771880
771879
771878
771875
771874
771873
771872
771871
771870
771869
771868
771867
771866
771864
771862
771861
771860
771859
771856
771855
771854
771853
771851
771850
771849
771848
771847
771844
771843
771833
771829
771828
771827
771826
771825
771824
771823
771821
771820
771819
771818
771817
771816
771815
771814
771813
771812
771811
771810
771809
771808
771807
771806
771805
771804
771803
771801
771799
771798
771795
771794
771793
771792
771791
771790
771789
771788
771786
771785
771784
771783
771781
771780
771774
771773
771772
771771
771770
771769
771768
771766
771765
771764
771763
771762
771760
771759
771758
771757
771756
771755
771754
771751
771750
771746
771744
771738
771737
771736
771735
771734
771733
771732
771731
771730
771729
771727
771726
771725
771724
771723
771722
771721
771720
771719
771718
771717
771706
771705
771704
771703
771702
771701
771700
771699
771698
771697
771696
771695
771694
771693
771692
771691
771690
771689
771688
771687
771686
771685
771684
771683
771682
771681
771680
771679
771678
771677
771676
771675
771672
771671
771670
771669
771668
771667
771665
771664
