803078
803077
803063
803062
803061
803060
803057
803056
803055
803280
803228
803211
803206
803203
803161
803137
803196
803192
803188
803139
803163
803159
803205
803194
803141
803154
803158
803119
803226
803210
803208
803199
803195
803189
803225
803209
803202
803200
803193
803157
802959
802958
803176
803187
802970
803242
803243
803244
803245
803246
803261
803263
803266
803155
803156
803104
803106
803107
803110
803114
803115
803118
803120
803150
803122
803111
803117
803109
803108
803105
803140
803151
803013
803142
803145
803153
803015
803152
803149
803148
803375
803465
803464
803463
803462
803461
803460
803459
803458
803457
803456
803455
803454
803452
803451
803450
803449
803448
803447
803446
803445
803444
803443
803442
803441
803440
803439
803438
803437
803436
803435
803434
803433
803432
803431
803430
803429
803428
803427
803426
803425
803424
803423
803422
803421
803420
803419
803418
803417
803416
803415
803414
803413
803412
803411
803410
803409
803408
803407
803406
803405
803404
803403
803402
803401
803400
803399
803398
803397
803396
803395
803394
803393
803392
803391
803390
803389
803388
803387
803386
803385
803384
803383
803382
803381
803380
803379
803378
803377
803374
803373
803372
803371
803370
803369
803368
803367
803366
803365
803364
803363
803362
803361
803359
803358
803357
803356
803355
803354
803353
803352
803351
803350
803349
803348
803347
803346
803344
803343
803342
803341
803338
803337
803335
803334
803333
803332
803331
803330
803329
803328
803327
803326
803325
803324
803322
803320
803319
803318
803316
803315
803314
803313
803312
803311
803310
803309
803308
803307
803306
803305
803304
803303
803302
803301
803300
803299
803298
803297
803296
803295
803294
803293
803292
803291
803290
803289
803288
803287
803286
803285
803284
803283
803282
803281
803279
803278
803277
803275
803274
803273
803272
803271
803270
803269
803268
803267
803265
803264
803262
803260
803259
803258
803257
803256
803255
803254
803253
803252
803251
803250
803249
803248
803247
803241
803240
803239
803238
803237
803236
803235
803234
803232
803231
803230
803229
803227
803224
803223
803222
803221
803220
803219
803218
803217
803216
803215
803214
803213
803207
803204
803201
803198
803197
803191
803190
803186
803185
803183
803182
803181
803180
803179
803178
803177
803175
803174
803173
803172
803171
803170
803169
803168
803167
803166
803165
803164
803162
803160
803147
803146
803144
803143
803138
803136
803135
803134
803133
803132
803131
803130
803129
803128
803127
803126
803125
803124
803123
803121
803116
803113
803112
803103
803102
803101
803100
803099
803098
803097
803096
803095
803094
803093
803092
803091
803090
803089
803088
803087
803086
803085
803084
803083
803082
803081
803080
803079
803076
803075
803074
803073
803072
803071
803070
803069
803068
803067
803066
803065
803064
803059
803058
803054
803053
803052
803051
803050
803049
803048
803047
803046
803045
803044
803043
803042
803041
803040
803039
803038
803037
803036
803035
803034
803033
803032
803031
803030
803029
803028
803027
803026
803025
803024
803023
803022
803021
803020
803019
803018
803017
803016
803012
803011
803010
803009
803008
803007
803006
803005
803004
803003
803002
803001
803000
802999
802998
802997
802996
802995
802994
802986
802987
802988
802989
802990
802991
802992
802993
802985
802984
802983
802982
802981
802980
802979
802978
802977
802976
802975
802974
802973
802972
802971
802969
802968
802967
802966
802965
802964
802963
802962
802961
802960
802957
802956
802955
