798576
798575
798574
798573
798572
798558
798560
798563
798566
798569
798359
798303
798321
798245
798403
798419
798339
798338
798451
798533
798518
798526
798509
798534
798517
798510
798531
798536
798527
798520
798514
798539
798535
798529
798525
798522
798538
798528
798511
798537
798203
798201
798532
798524
798521
798515
798545
798544
798285
798523
798516
798506
798505
798504
798503
798502
798501
798500
798499
798498
798496
798495
798494
798493
798492
798491
798490
798489
798276
798274
798283
798280
798330
798571
798557
798562
798565
798568
798301
798300
798351
798556
798559
798561
798564
798567
798615
798614
798612
798611
798610
798609
798608
798607
798606
798605
798604
798603
798602
798601
798600
798599
798598
798597
798595
798594
798593
798592
798591
798590
798589
798588
798586
798585
798546
798584
798583
798582
798581
798580
798579
798578
798577
798555
798554
798553
798552
798551
798550
798549
798548
798547
798543
798542
798541
798540
798530
798519
798513
798512
798508
798507
798488
798487
798486
798485
798484
798483
798482
798481
798480
798479
798478
798477
798476
798475
798474
798473
798472
798471
798470
798468
798467
798466
798465
798464
798463
798462
798461
798460
798459
798458
798455
798453
798450
798449
798448
798447
798446
798445
798444
798443
798442
798441
798440
798439
798438
798437
798436
798435
798434
798433
798432
798431
798430
798429
798428
798427
798426
798425
798424
798423
798422
798421
798420
798418
798417
798416
798415
798414
798413
798411
798410
798409
798408
798407
798406
798405
798404
798402
798401
798400
798399
798398
798397
798396
798395
798394
798393
798392
798391
798388
798387
798386
798384
798383
798382
798381
798380
798379
798378
798377
798376
798375
798374
798373
798372
798371
798370
798369
798368
798367
798366
798365
798364
798363
798362
798361
798360
798358
798357
798356
798355
798354
798353
798352
798350
798349
798348
798347
798346
798345
798344
798343
798342
798341
798340
798337
798335
798334
798333
798331
798329
798328
798327
798326
798325
798324
798323
798322
798320
798319
798318
798317
798316
798315
798314
798313
798312
798311
798310
798309
798308
798307
798306
798305
798304
798302
798299
798298
798297
798296
798295
798294
798293
798292
798291
798290
798289
798288
798287
798286
798284
798282
798281
798279
798278
798277
798275
798273
798272
798271
798270
798269
798268
798267
798266
798265
798264
798263
798262
798261
798260
798259
798258
798257
798256
798255
798254
798253
798252
798251
798250
798249
798248
798247
798246
798244
798243
798242
798241
798240
798239
798238
798237
798236
798235
798234
798233
798232
798231
798230
798229
798228
798227
798226
798225
798224
798223
798222
798221
798220
798219
798218
798217
798216
798215
798214
798213
798212
798211
798210
798209
798208
798207
798206
798205
798204
798202
798200
798199
798197
798196
798195
798194
798193
798192
798191
798190
