816616
816654
816721
816891
816921
816920
816686
816697
816729
816737
816707
816696
816627
816714
816695
816615
816628
816966
816712
816704
816699
816692
816626
816620
816611
816623
816618
816609
816685
816711
816690
816625
816709
816705
816689
816621
816606
816698
816687
816624
816622
816617
816605
816924
816923
816922
816773
816774
816776
816777
816778
816779
816780
816781
816782
816783
816785
816786
816787
816788
816789
816790
816791
816792
816793
816794
816795
816796
816797
816798
816799
816800
816801
816803
816804
816805
816806
816807
816808
816809
816810
816811
816812
816813
816814
816815
816816
816817
816818
816819
816823
816824
816825
816826
816827
816828
816829
816830
816831
816832
816833
816834
816835
816836
816837
816838
816839
816840
816841
816842
816843
816844
816845
816847
816848
816849
816850
816851
816852
816853
816854
816855
816856
816857
816858
816859
816860
816861
816862
816863
816864
816865
816866
816868
816869
816870
816871
816872
816873
816874
816875
816876
816877
816878
816879
816880
816881
816882
816883
816885
816886
816887
816888
816889
816742
816741
816739
816740
816688
816691
816693
816694
816999
816677
816768
816767
816766
816769
816771
816770
816764
816763
816762
816761
816760
816759
816758
816757
816756
816755
816754
816753
816752
816751
816750
816749
816748
816747
816746
816745
816744
816743
816701
816700
816717
816651
816541
816540
816542
816539
817050
817049
817048
817047
817044
817043
817042
817041
817040
817037
817036
817035
817034
817033
817032
817031
817030
817029
817028
817027
817026
817025
817024
817023
817022
817021
817020
817019
817018
817017
817016
817015
817014
817013
817012
817011
817010
817009
817008
817007
817006
817005
817004
817003
817002
817001
817000
816998
816997
816996
816994
816993
816992
816991
816989
816988
816986
816985
816984
816983
816538
816982
816981
816980
816978
816977
816976
816975
816974
816973
816972
816971
816970
816969
816968
816967
816965
816962
816960
816959
816954
816955
816952
816950
816948
816957
816956
816953
816951
816949
816947
816946
816945
816944
816943
816941
816940
816937
816936
816935
816934
816933
816932
816931
816930
816929
816926
816925
816919
816917
816916
816915
816914
816912
816911
816909
816908
816907
816913
816910
816905
816904
816903
816902
816901
816900
816668
816676
816680
816675
816673
816671
816713
816716
816718
816719
816720
816723
816725
816726
816727
816728
816732
816735
816898
816897
816896
816895
816894
816893
816892
816890
816884
816867
816846
816822
816821
816820
816802
816784
816775
816772
816765
816738
816681
816678
816672
816674
816736
816734
816733
816731
816730
816724
816722
816715
816710
816708
816706
816703
816702
816684
816683
816682
816679
816669
816667
816666
816665
816664
816661
816660
816659
816658
816657
816656
816655
816653
816652
816650
816649
816648
816647
816646
816642
816645
816644
816643
816641
816640
816639
816638
816637
816636
816635
816634
816633
816632
816631
816630
816629
816619
816614
816613
816612
816610
816608
816607
816604
816603
816602
816601
816600
816599
816598
816597
816596
816595
816594
816593
816592
816591
816590
816589
816588
816587
816586
816585
816584
816582
816581
816580
816574
816575
816576
816577
816578
816579
816573
816572
816571
816570
816569
816568
816567
816566
816565
816564
816560
816559
816558
816557
816553
816552
816550
816555
816554
816549
816548
816547
816551
816546
816545
816544
816543
816537
816536
816535
816534
816533
816532
816531
816530
816529
816528
816527
816526
816525
816524
816523
