908541
908824
908823
908556
908553
908537
908817
908530
908533
908532
908529
908521
908535
908847
908848
908851
908884
908827
908588
908582
908579
908869
908853
908850
908849
908852
908871
908877
908574
908573
908568
908565
908870
908828
908587
908583
908578
908571
908567
908525
908518
908509
908505
908511
908500
908497
908499
908498
908572
908561
908826
908586
908581
908577
908526
908570
908563
908508
908825
908522
908585
908580
908575
908517
908510
908507
908504
908569
908566
908520
908506
908503
908422
908496
908501
908524
908519
908895
908801
908802
908803
908805
908806
908809
908811
908812
908813
908814
908894
908893
908892
908891
908890
908335
908861
908863
908867
908800
908799
908798
908797
908796
908795
908793
908791
908790
908789
908788
908787
908786
908785
908784
908783
908781
908780
908777
908776
908889
908888
908887
908886
908885
908883
908882
908881
908880
908879
908875
908874
908873
908872
908775
908773
908772
908771
908770
908769
908768
908767
908766
908765
908821
908822
908819
908816
908815
908860
908859
908858
908764
908763
908762
908761
908760
908759
908756
908755
908754
908753
908807
908810
908808
908752
908751
908750
908749
908748
908747
908746
908745
908744
908743
908792
908778
908774
908742
908733
908731
908741
908740
908738
908737
908736
908735
908734
908732
908730
908729
908728
908727
908726
908725
908724
908723
908722
908721
908720
908717
908716
908714
908709
908706
908705
908703
908702
908701
908700
908699
908698
908696
908693
908690
908689
908687
908686
908685
908683
908681
908678
908676
908675
908674
908673
908672
908670
908668
908666
908664
908663
908662
908661
908660
908658
908657
908656
908654
908653
908651
908323
908650
908648
908647
908646
908645
908643
908642
908641
908639
908637
908622
908625
908626
908627
908629
908631
908632
908634
908909
908908
908907
908906
908905
908903
908902
908899
908898
908897
908896
908876
908862
908857
908856
908855
908854
908846
908845
908844
908843
908842
908841
908539
908540
908543
908551
908322
908840
908839
908838
908837
908836
908834
908833
908831
908830
908829
908606
908620
908619
908618
908617
908615
908614
908612
908611
908610
908608
908605
908320
908804
908794
908782
908757
908739
908718
908712
908697
908695
908694
908691
908688
908684
908682
908680
908679
908677
908671
908669
908667
908665
908659
908655
908652
908649
908644
908640
908638
908636
908635
908633
908630
908628
908624
908621
908616
908613
908609
908607
908602
908601
908600
908599
908598
908596
908595
908593
908592
908591
908590
908589
908584
908576
908564
908560
908557
908555
908554
908552
908550
908549
908548
908547
908546
908538
908536
908534
908531
908528
908527
908516
908515
908514
908513
908512
908426
908502
908495
908494
908493
908492
908491
908490
908489
908488
908487
908486
908485
908484
908482
908481
908480
908479
908478
908477
908476
908475
908474
908447
908473
908472
908471
908470
908469
908468
908467
908466
908465
908464
908463
908462
908461
908460
908459
908458
908457
908456
908455
908454
908453
908452
908451
908450
908449
908448
908446
908445
908444
908443
908442
908441
908440
908439
908438
908437
908436
908435
908434
908433
908432
908431
908430
908429
908428
908427
908425
908424
908423
908421
908420
908419
908418
908417
908416
908415
908414
908413
908412
908411
908410
908409
908408
908407
908406
908405
908404
908403
908402
908401
908400
908399
908398
908397
908396
908395
908394
908392
908391
908390
908389
908388
908387
908386
908385
908384
908383
908382
908381
908380
908379
908378
908377
908376
908375
908374
908373
908372
908371
908370
908369
908368
908367
908366
908365
908364
908363
908362
908361
908360
908359
908357
908356
908355
908354
908353
908352
908351
908350
908349
908348
908347
908346
908345
908344
908343
908342
908340
908339
908338
908337
908336
908334
908333
908332
908331
908330
908329
908328
908326
908325
908324
908321
908319
908316
