911198
911196
911194
911114
911192
911188
911184
911203
911201
911191
911173
911170
911179
911186
911183
911181
911177
911207
911205
911202
911200
911187
911178
911180
911176
911185
911182
911393
911394
911342
911331
911321
911315
911392
911462
911454
911447
911361
911332
911317
911314
911340
911334
911322
911311
911360
911330
911324
911313
911343
911333
911319
911432
911424
911419
911415
911339
911329
911323
911275
911273
911265
911258
911255
911280
911279
911359
911328
911320
911426
911341
911327
911318
911312
911267
911266
911263
911245
911244
911423
911425
911418
911414
911338
911326
911316
911310
911268
911262
911260
911264
911261
911240
911241
911206
911204
911190
911172
911174
911169
911239
911242
911243
911459
911458
911102
911457
911456
911455
911453
911452
911451
911450
911449
911448
911442
911441
911440
911439
911438
911437
911436
911435
911434
911433
911431
911430
911429
911428
911407
911406
911405
911403
911105
911104
911101
911473
911472
911471
911470
911469
911367
911422
911468
911467
911466
911465
911464
911463
911461
911460
911411
911410
911409
911408
911402
911413
911446
911445
911444
911443
911427
911421
911420
911417
911416
911412
911401
911400
911399
911398
911397
911396
911395
911390
911389
911388
911387
911386
911385
911384
911383
911382
911381
911380
911379
911378
911377
911375
911374
911373
911372
911371
911370
911369
911368
911366
911365
911364
911363
911362
911358
911357
911356
911355
911354
911353
911352
911351
911350
911349
911348
911347
911346
911345
911344
911337
911336
911335
911325
911309
911308
911307
911306
911305
911304
911303
911302
911301
911300
911299
911298
911297
911296
911295
911294
911293
911292
911291
911290
911289
911288
911287
911286
911285
911284
911283
911282
911281
911278
911274
911272
911271
911270
911269
911259
911257
911256
911254
911253
911252
911251
911250
911249
911248
911247
911246
911236
911234
911233
911232
911231
911230
911229
911228
911227
911226
911225
911224
911223
911222
911220
911219
911218
911217
911215
911214
911213
911212
911211
911168
911167
911166
911165
911164
911163
911162
911161
911160
911159
911158
911157
911156
911155
911154
911153
911152
911151
911150
911149
911148
911147
911146
911145
911144
911143
911142
911141
911140
911139
911138
911137
911136
911135
911134
911133
911132
911131
911130
911129
911128
911127
911126
911125
911124
911123
911122
911121
911120
911119
911118
911117
911116
911115
911113
911112
911111
911110
911109
911107
911106
911103
911100
911099
911098
911097
911096
911095
911093
911092
911091
911090
