812633
812836
813055
813048
813043
812997
812990
812945
812893
812887
812881
812878
812873
812844
812841
812840
812837
813054
813050
813044
812869
812865
812875
812833
812829
813049
812995
812942
812845
812835
812871
812867
813052
813051
813045
812941
812988
813042
812842
812839
812832
812828
812868
812864
812872
812874
812877
812880
812888
812891
812886
812879
812876
812870
812866
812863
812834
812843
812838
812831
812827
812770
812769
812761
813155
813149
813150
813151
813152
813154
813039
813144
813145
813146
813147
813148
813156
813157
813158
813159
813166
813197
813196
813195
813194
813193
813192
813191
813190
813189
813188
813187
813185
813183
813182
813181
813179
813178
813177
813176
813175
813173
813172
813171
813170
813169
813168
813167
813164
813163
813162
813161
813160
813143
813142
813141
813139
813138
813137
813136
813135
813134
812663
813133
813132
813131
813130
812662
813129
812711
812776
812954
812955
812638
812661
812800
812855
813011
813032
813128
813127
813126
813125
813124
813123
813122
813121
813120
813119
813118
813117
813116
813115
813114
813113
813112
813111
813110
813109
813108
813107
813106
813105
813104
813079
813078
813077
813076
813075
813074
813073
813072
813071
813070
813069
813068
813067
813066
813065
813053
813047
813046
813041
813040
813033
813030
813027
813026
813025
813022
813021
813020
813019
813018
813017
813016
813015
813014
813013
813012
813010
813009
813008
813007
813006
813005
812989
812985
812981
812979
812977
812976
812975
812971
812968
812966
812965
812964
812960
812959
812958
812957
812956
812951
812946
812944
812943
812940
812939
812938
812936
812935
812934
812933
812932
812931
812930
812929
812928
812926
812924
812923
812922
812921
812920
812919
812917
812916
812914
812913
812912
812911
812909
812908
812907
812906
812905
812904
812903
812902
812901
812900
812899
812898
812896
812895
812894
812892
812890
812889
812885
812884
812883
812882
812862
812861
812860
812859
812858
812857
812856
812854
812853
812852
812851
812850
812848
812847
812846
812830
812826
812825
812824
812823
812822
812821
812820
812819
812818
812817
812816
812815
812814
812813
812812
812811
812810
812809
812808
812807
812806
812805
812804
812803
812802
812801
812799
812798
812797
812796
812795
812794
812793
812792
812791
812790
812789
812788
812787
812786
812785
812784
812783
812782
812781
812780
812779
812778
812777
812775
812774
812773
812772
812771
812768
812767
812766
812765
812764
812763
812762
812760
812759
812758
812757
812756
812755
812754
812753
812752
812751
812750
812749
812748
812747
812746
812745
812744
812743
812742
812740
812739
812738
812736
812735
812734
812733
812730
812729
812728
812725
812724
812723
812722
812721
812720
812719
812718
812717
812716
812715
812714
812713
812712
812710
812709
812708
812707
812706
812705
812704
812703
812702
812701
812700
812699
812698
812697
812696
812694
812693
812692
812691
812690
812689
812687
812686
812685
812684
812683
812682
812681
812680
812679
812678
812677
812676
812675
812674
812673
812672
812671
812670
812669
812668
812667
812666
812665
812664
812660
812659
812658
812657
812656
812655
812654
812653
812652
812651
812650
812649
812648
812647
812646
812645
812644
812643
812642
812641
812640
812639
812637
812635
812634
812632
812630
812629
812628
812627
812626
812625
812624
812623
812622
812621
812620
812619
812618
812617
812616
812615
