772687
772685
772683
772701
772699
772593
772594
772597
772579
772580
772581
772590
772591
772632
772461
772458
772457
772643
772641
772555
772630
772640
772634
772459
772456
772455
772638
772479
772527
772528
772664
772665
772425
772426
772427
772428
772702
772707
772706
772705
772704
772700
772698
772697
772696
772695
772694
772693
772692
772691
772690
772689
772686
772682
772681
772680
772679
772678
772677
772676
772675
772674
772673
772672
772671
772670
772669
772668
772667
772666
772663
772662
772661
772660
772659
772658
772657
772656
772655
772654
772653
772652
772651
772650
772649
772648
772647
772646
772645
772644
772642
772639
772637
772636
772635
772633
772631
772629
772628
772627
772626
772625
772624
772623
772621
772620
772618
772617
772616
772614
772613
772612
772611
772610
772609
772608
772607
772606
772605
772603
772602
772601
772600
772599
772598
772596
772595
772592
772589
772587
772586
772585
772584
772582
772583
772578
772577
772576
772575
772574
772573
772572
772571
772570
772569
772568
772567
772566
772565
772564
772563
772562
772561
772560
772559
772557
772554
772539
772538
772537
772536
772535
772534
772533
772531
772530
772529
772526
772525
772524
772523
772522
772521
772520
772519
772518
772517
772516
772515
772514
772513
772512
772511
772510
772509
772508
772507
772506
772505
772504
772503
772502
772501
772500
772499
772498
772497
772496
772495
772494
772493
772492
772491
772490
772489
772488
772487
772486
772485
772484
772483
772482
772481
772480
772478
772477
772476
772475
772474
772473
772472
772471
772470
772469
772468
772467
772466
772465
772464
772462
772460
772454
772453
772452
772449
772448
772447
772446
772445
772444
772443
772442
772441
772440
772439
772438
772437
772436
772435
772434
772433
772432
772431
772430
772429
772424
772423
772422
772421
772420
772419
772418
772417
772416
772415
772414
772413
772408
772407
772406
772405
772404
772403
772402
772400
772399
