742524
742621
742557
742552
742617
742572
742616
742575
742583
742578
742573
742569
742567
742634
742625
742574
742612
742570
742623
742571
742619
742610
742601
742580
742587
742633
742581
742579
742624
742635
742591
742460
742421
742615
742611
742586
742584
742590
742417
742462
742443
742274
742588
742576
742422
742585
742582
742577
742568
742463
742461
742442
742418
742536
742530
742681
742680
742679
742678
742677
742676
742675
742674
742559
742597
742445
742450
742451
742447
742446
742644
742643
742176
742177
742234
742235
742407
742432
742449
742465
742478
742516
742622
742554
742555
742673
742672
742671
742670
742669
742668
742667
742666
742663
742662
742661
742660
742659
742658
742647
742646
742645
742642
742657
742656
742655
742654
742653
742652
742651
742650
742649
742648
742665
742664
742641
742636
742637
742638
742639
742640
742632
742631
742630
742629
742628
742627
742620
742618
742614
742613
742605
742604
742602
742609
742608
742607
742606
742603
742600
742599
742598
742596
742595
742594
742593
742592
742589
742556
742563
742565
742411
742409
742562
742561
742560
742558
742553
742550
742548
742547
742546
742545
742544
742543
742542
742541
742540
742539
742538
742537
742535
742534
742410
742408
742533
742532
742531
742529
742528
742527
742525
742526
742523
742522
742521
742520
742519
742518
742517
742515
742514
742513
742511
742510
742507
742506
742505
742504
742502
742501
742500
742499
742498
742496
742495
742494
742492
742491
742490
742489
742488
742487
742486
742485
742483
742482
742481
742480
742479
742477
742476
742475
742474
742473
742472
742470
742469
742468
742467
742466
742464
742459
742458
742457
742456
742455
742454
742453
742452
742444
742441
742440
742439
742438
742437
742436
742435
742434
742433
742431
742430
742429
742428
742427
742426
742425
742424
742423
742420
742419
742414
742416
742415
742413
742412
742405
742404
742403
742402
742283
742284
742285
742286
742287
742288
742289
742290
742291
742292
742293
742294
742295
742296
742297
742298
742299
742300
742301
742302
742303
742304
742305
742306
742307
742308
742309
742310
742311
742312
742313
742314
742315
742316
742318
742319
742320
742322
742323
742324
742325
742326
742327
742328
742329
742330
742331
742332
742333
742334
742335
742336
742337
742338
742339
742340
742341
742342
742343
742344
742345
742346
742347
742348
742349
742350
742351
742352
742353
742354
742355
742356
742357
742358
742359
742360
742361
742362
742363
742364
742366
742367
742368
742369
742370
742371
742372
742373
742374
742375
742376
742377
742379
742380
742381
742382
742384
742385
742386
742387
742388
742389
742390
742391
742392
742393
742394
742395
742396
742397
742398
742399
742400
742401
742378
742383
742365
742321
742317
742282
742281
742280
742279
742278
742277
742276
742275
742273
742272
742271
742270
742269
742268
742267
742266
742265
742264
742263
742262
742261
742260
742259
742258
742257
742256
742255
742254
742253
742252
742251
742250
742249
742248
742247
742246
742245
742244
742243
742241
742240
742239
742238
742237
742236
742233
742232
742231
742230
742229
742227
742226
742225
742224
742223
742222
742221
742220
742219
742217
742216
742214
742213
742202
742201
742203
742211
742212
742210
742209
742206
742207
742208
742205
742204
742199
742215
742196
742195
742194
742193
742190
742189
742200
742197
742191
742188
742187
742186
742184
742182
742181
742180
742179
742178
742175
742174
742172
742171
742170
742169
742168
742167
742166
742165
742164
742163
742162
742161
