851067
851068
851069
851070
851071
851228
851352
851353
851354
851355
851356
851357
851467
851481
851165
851281
851219
851182
851176
851450
851184
851155
851220
851183
851175
851173
851156
851449
851218
851181
851174
851309
851307
851180
851172
851217
851157
851154
851421
851420
851419
851418
851416
851415
851414
851411
851410
851403
851399
851409
851407
851406
851405
851404
851402
851400
851398
851396
851395
851394
851058
851059
851060
851061
851062
851063
851064
851065
851066
851459
851486
851485
851484
851483
851482
851480
851479
851478
851477
851476
851475
851474
851473
851472
851471
851470
851469
851468
851466
851465
851464
851463
851462
851461
851460
851458
851457
851456
851455
851454
851453
851451
851448
851447
851446
851445
851444
851443
851442
851441
851440
851439
851438
851437
851436
851435
851434
851433
851432
851431
851430
851429
851428
851427
851426
851425
851424
851423
851422
851417
851413
851412
851408
851401
851397
851086
851085
851393
851391
851389
851388
851387
851386
851385
851384
851383
851382
851380
851379
851377
851375
851373
851372
851370
851369
851368
851367
851366
851365
851364
851363
851362
851361
851360
851358
851171
851215
851179
851351
851350
851349
851348
851347
851346
851345
851344
851343
851342
851341
851340
851339
851338
851337
851335
851334
851333
851331
851330
851329
851328
851327
851326
851325
851324
851323
851322
851321
851320
851319
851318
851317
851316
851315
851314
851313
851312
851311
851310
851308
851306
851305
851304
851303
851302
851301
851300
851299
851298
851297
851296
851295
851294
851293
851292
851291
851290
851287
851286
851285
851284
851283
851282
851280
851279
851278
851277
851276
851275
851274
851273
851272
851270
851269
851268
851267
851266
851265
851264
851263
851262
851261
851260
851259
851258
851257
851256
851255
851254
851253
851252
851251
851250
851249
851248
851247
851246
851245
851244
851243
851242
851241
851240
851239
851238
851237
851236
851235
851234
851233
851232
851231
851230
851229
851227
851226
851225
851224
851223
851221
851216
851214
851213
851212
851211
851210
851209
851208
851207
851206
851205
851204
851203
851202
851201
851200
851199
851198
851197
851196
851195
851194
851193
851192
851191
851190
851189
851188
851187
851186
851185
851178
851177
851170
851169
851168
851167
851166
851164
851163
851162
851161
851160
851159
851158
851153
851152
851151
851150
851149
851148
851147
851146
851145
851144
851143
851142
851141
851140
851139
851138
851137
851136
851135
851134
851133
851132
851131
851130
851129
851128
851127
851125
851124
851123
851122
851121
851120
851119
851118
851117
851116
851115
851114
851112
851110
851109
851108
851106
851105
851104
851103
851102
851101
851100
851099
851098
851097
851096
851095
851094
851093
851092
851091
851090
851089
851088
851087
851084
851083
851081
851080
851079
851078
851077
851076
851075
851074
851073
851072
851057
851056
851055
851053
851052
851051
851050
851049
851048
851046
851045
851044
851043
851042
851040
851039
851038
851037
