928226
927676
927678
928263
928254
928246
928188
928088
928086
928075
928109
928071
928069
928068
928063
928059
928191
928192
928252
928249
928108
928089
928190
928258
928250
928247
928189
928106
928090
928084
928056
928185
928092
928082
928073
928065
928055
928248
928091
928081
928034
927885
927884
928104
928070
928078
928072
928064
928060
928054
927669
927668
928197
928155
928154
928157
928156
928074
928178
928087
927681
927923
927924
927925
927926
927927
927929
927930
927931
927932
927933
927934
927973
927975
927976
927980
927999
928000
928001
928002
928003
928004
928005
928006
928007
928010
928012
928013
928015
928016
928017
927680
927909
927809
928199
928311
928310
928309
928308
928307
928306
928305
928304
928303
928302
928301
928300
928299
928298
928297
928296
928295
928294
928293
928292
928291
928290
928289
928288
928287
928286
928285
928284
928283
928282
928281
928280
928279
928278
928277
928276
928275
928274
928273
928272
928271
928270
928269
928268
928267
928266
928265
928264
928262
928261
928260
928259
928256
928255
928253
928251
928245
928244
928242
928241
928240
928239
928238
928237
928236
928235
928234
928233
928232
928231
928230
928229
928228
928225
928224
928223
928222
928221
928219
928218
928217
928216
928214
928213
928212
928210
928209
928208
928206
928207
928204
928203
928202
928201
928198
928194
928193
928187
928186
928184
928182
928181
928180
928179
928177
928176
928175
928174
928173
928171
928170
928169
928168
928167
928166
928165
928164
928163
928162
928161
928160
928159
928158
928153
928152
928151
928150
928149
928148
928145
928140
928139
928138
928137
928136
928135
928134
928133
928132
928131
928130
928129
928128
928127
928126
928125
928123
928122
928121
928120
928119
928118
928117
928116
928115
928114
928113
928112
928111
928110
928107
928105
928103
928102
928101
928100
928099
928098
928097
928096
928095
928094
928085
928083
928080
928079
928077
928076
928067
928066
928062
928061
927981
927979
927977
927957
927978
927955
927954
927953
927950
927949
927945
927944
927943
928053
928052
928051
928050
928049
928048
928047
928046
928045
928044
928043
928042
928041
928040
928039
928038
928037
928036
928035
928033
928032
928031
928030
928029
928026
928011
928028
927986
927985
927994
928023
927991
927983
928009
927992
927968
927967
927965
928021
928022
928019
928018
928014
927970
927969
927972
927963
927964
928027
928025
928024
927997
927990
927988
927987
927984
927962
927961
927960
927959
927956
927951
927947
927946
927942
927941
927940
927939
927937
927936
927935
927921
927920
927918
927917
927916
927915
927914
927913
927911
927908
927907
927905
927904
927903
927902
927901
927900
927899
927897
927896
927895
927894
927893
927892
927891
927890
927889
927888
927886
927883
927882
927881
927880
927879
927878
927877
927876
927875
927874
927873
927872
927871
927870
927869
927868
927867
927866
927865
927864
927863
927862
927861
927860
927859
927858
927857
927856
927855
927854
927853
927852
927851
927850
927849
927848
927847
927846
927845
927844
927843
927842
927841
927840
927839
927838
927837
927836
927835
927834
927831
927833
927832
927830
927829
927828
927827
927826
927825
927824
927823
927822
927821
927820
927819
927818
927817
927816
927815
927814
927813
927812
927811
927810
927808
927807
927806
927805
927804
927803
927802
927801
927800
927799
927798
927797
927796
927795
927794
927793
927792
927791
927790
927789
927788
927787
927786
927785
927784
927783
927782
927781
927780
927779
927778
927777
927776
927775
927774
927773
927772
927771
927770
927769
927767
927766
927765
927764
927763
927762
927761
927760
927759
927758
927757
927756
927755
927754
927753
927752
927751
927750
927749
927748
927747
927746
927745
927744
927743
927742
927741
927740
927739
927738
927737
927736
927735
927734
927733
927732
927731
927730
927729
927728
927727
927726
927725
927724
927723
927722
927721
927720
927719
927718
927717
927716
927715
927714
927713
927712
927711
927710
927709
927708
927707
927706
927705
927704
927703
927702
927701
927700
927699
927698
927694
927695
927696
927697
927693
927692
927691
927690
927689
927688
927687
927686
927685
927684
927683
927677
