932002
932354
932353
932352
932351
932350
932213
932300
932296
932211
932303
932299
932297
932298
932212
932202
932161
932104
932105
932106
932107
932108
932109
932110
932111
932112
932113
932118
932103
932102
932101
932100
932099
932098
932097
932096
932060
932078
932079
932081
932009
932063
932005
932003
932095
932094
932093
932092
932091
932090
932089
932088
932087
932086
932085
932084
932083
932082
932361
932228
932386
932385
932384
932383
932382
932381
932379
932378
932377
932376
932374
932373
932372
932371
932370
932369
932363
932357
932356
932349
932348
932347
932346
932345
932344
932343
932342
932341
932340
932339
932338
932337
932336
932335
932334
932333
932332
932331
932330
932329
932328
932327
932326
932325
932323
932322
932321
932320
932319
932318
932317
932316
932315
932314
932313
932312
932311
932310
932309
932308
932307
932306
932305
932304
932302
932301
932295
932294
932293
932292
932291
932290
932289
932288
932287
932286
932285
932283
932282
932280
932279
932278
932277
932276
932275
932273
932272
932271
932270
932269
932268
932267
932265
932263
932262
932261
932259
932257
932255
932254
932253
932252
932251
932250
932249
932248
932247
932246
932245
932244
932243
932242
932241
932240
932239
932238
932237
932236
932235
932234
932233
932232
932231
932230
932229
932227
932226
932225
932224
932222
932221
932220
932219
932217
932216
932215
932214
932210
932209
932208
932207
932206
932205
932204
932203
932196
932195
932193
932200
932199
932197
932194
932192
932191
932190
932189
932188
932198
932187
932186
932185
932184
932183
932182
932181
932179
932180
932178
932177
932156
932176
932154
932172
932165
932164
932155
932171
932151
932150
932149
932148
932158
932159
932160
932175
932174
932169
932162
932153
932152
932166
932163
932147
932146
932145
932144
932143
932142
932141
932140
932139
932138
932137
932136
932135
932134
932133
932132
932131
932130
932129
932128
932127
932126
932125
932123
932121
932120
932119
932117
932115
932114
932080
932077
932076
932075
932074
932073
932072
932071
932070
932069
932068
932067
932066
932065
932064
932062
932059
932058
932057
932056
932054
932053
932052
932051
932050
932049
932048
932047
932046
932045
932044
932043
932042
932041
932040
932039
932038
932037
932036
932035
932034
932033
932032
932031
932030
932029
932028
932026
932025
932024
932023
932022
932021
932020
932019
932018
932017
932016
932015
932014
932013
932012
932011
932010
932008
932001
