862032
862030
862051
862050
862046
862063
862074
861991
861987
861981
862106
862193
862049
862047
862042
862040
862196
862104
862036
862028
862027
862024
862105
862037
862045
862043
862039
861969
861961
861956
861986
862103
862026
862192
862048
862044
862041
862038
862035
862025
861989
861985
861968
861959
861954
861980
861984
861990
861967
861960
861952
862034
861966
862160
862182
861988
861979
861983
861965
861958
861953
861951
861964
861957
861994
862209
861998
862183
862173
862176
862179
862159
862186
862180
862178
862175
862172
862187
862185
862184
862181
862177
862174
862171
862165
862163
862170
862122
862123
862124
862169
862168
862167
862166
862164
862162
862161
862158
862157
862156
862155
862154
862153
862152
862151
862150
862149
862148
862147
862146
862145
862144
862072
862071
862070
862069
862068
862067
862066
862065
862061
862064
862062
862060
862059
862191
862190
862189
862188
862073
862214
862213
862212
862211
862210
862208
862207
862206
862205
862204
862201
862200
862199
862198
862197
862195
862194
862141
862142
862143
862140
862139
862138
862137
862136
862135
862134
862133
862132
862131
862130
862129
862128
862127
862126
862125
862121
862120
862119
862118
862117
862116
862115
862114
862113
862112
862111
862110
862109
862108
862102
862101
862100
862099
862098
862097
862095
862094
862092
862091
862090
862089
862088
862087
862086
862085
862084
862083
862082
862081
862080
862079
862078
862077
862076
862075
862058
862057
862056
862055
862054
862053
862052
862033
862031
862029
862023
862022
862021
862020
862019
862018
862017
862016
862015
862014
862013
862012
862011
862010
862009
862008
862007
862006
862005
862004
862003
862002
862001
862000
861999
861997
861996
861995
861993
861992
861978
861977
861976
861975
861974
861973
861972
861971
861970
861963
861962
861955
861950
861949
861948
861946
861945
861943
861942
861941
861940
861939
861938
861937
861936
861935
861934
861933
861932
861931
861930
861929
861928
861927
861923
861922
861921
861917
861916
861915
861914
861913
861912
861911
861910
861909
861908
861907
861905
861904
861903
861902
861900
861899
861897
861896
861895
861894
861893
861892
861891
861889
861888
861887
861886
861885
861884
861883
861882
861881
861880
861879
861878
861877
861876
861874
861875
861873
861872
861871
861870
