914828
914808
914477
914771
914765
914760
914757
914751
914741
914738
914714
914709
914664
914659
914836
914820
914639
914648
914770
914766
914759
914754
914609
914605
914602
914578
914837
914821
914819
914656
914641
914769
914764
914758
914753
914818
914710
914763
914756
914843
914842
914636
914633
914834
914817
914768
914762
914755
914661
914643
914642
914707
914767
914761
914752
914740
914737
914713
914708
914610
914853
914846
914847
914854
914855
914858
914587
914705
914658
914654
914646
914638
914750
914739
914640
914635
914634
914608
914606
914603
914575
914588
914736
914712
914706
914662
914660
914657
914649
914645
914637
914607
914604
914577
914601
914576
914589
914870
914869
914867
914844
914862
914861
914731
914728
914597
914860
914859
914866
914864
914868
914871
914877
914876
914857
914856
914845
914890
914889
914888
914887
914886
914885
914884
914883
914882
914881
914880
914879
914878
914875
914874
914873
914777
914776
914872
914865
914863
914852
914851
914850
914849
914848
914841
914840
914839
914838
914835
914833
914832
914831
914830
914827
914826
914825
914824
914823
914822
914815
914812
914811
914809
914807
914805
914801
914800
914799
914798
914797
914796
914795
914794
914793
914792
914791
914790
914789
914788
914787
914786
914785
914784
914782
914781
914780
914775
914772
914749
914748
914747
914742
914735
914734
914733
914732
914730
914729
914727
914726
914725
914724
914723
914722
914721
914720
914719
914718
914715
914711
914704
914703
914702
914701
914699
914698
914697
914696
914695
914693
914692
914691
914690
914689
914688
914687
914686
914685
914684
914683
914682
914681
914680
914679
914678
914677
914676
914675
914674
914673
914672
914671
914670
914669
914668
914667
914666
914665
914663
914655
914652
914651
914647
914644
914632
914631
914630
914629
914628
914627
914626
914625
914624
914623
914622
914621
914620
914619
914618
914617
914616
914615
914614
914613
914612
914611
914600
914599
914598
914596
914595
914594
914593
914592
914591
914590
914586
914584
914583
914582
914581
914580
914579
914574
914573
914571
914570
914569
914568
914567
914566
914564
914560
914559
914558
914545
914544
914543
914534
914533
914532
914531
914530
914529
914528
914527
914526
914525
914524
914523
914522
914521
914520
914519
914518
914517
914516
914515
914514
914513
914512
914511
914510
914509
914508
914505
914504
914503
914501
914500
914491
914480
914479
914473
914474
914475
914476
914478
914472
914471
