878284
878282
878349
878348
878352
878351
878340
878339
878292
878347
878354
878353
878338
878337
878333
878331
878330
878336
878335
878334
878307
878345
878344
878343
878342
878319
878316
878313
878312
878309
878308
878310
878294
878293
878300
878305
878302
878327
878326
878325
878299
878296
878288
878285
878303
878525
878218
878222
878301
878304
878444
878318
878341
878483
878223
878555
878550
878548
878558
878447
878399
878391
878385
878383
878381
878534
878478
878475
878556
878379
878376
878371
878446
878394
878557
878393
878378
878374
878372
878476
878401
878448
878390
878386
878382
878552
878380
878375
878370
878559
878384
878388
878392
878377
878373
878369
878405
878410
878560
878562
878563
878564
878565
878566
878567
878568
878570
878571
878573
878574
878577
878579
878581
878582
878583
878585
878587
878588
878589
878591
878594
878606
878595
878596
878597
878599
878600
878601
878605
878608
878609
878610
878611
878612
878613
878615
878616
878617
878621
878622
878623
878624
878631
878632
878665
878663
878661
878533
878668
878652
878658
878662
878537
878603
878592
878541
878532
878230
878257
878530
878259
878252
878643
878231
878256
878667
878666
878664
878660
878659
878657
878656
878655
878654
878653
878651
878650
878649
878648
878647
878646
878645
878644
878642
878640
878639
878637
878636
878635
878634
878633
878630
878629
878628
878627
878626
878625
878620
878619
878618
878614
878607
878604
878602
878598
878590
878586
878584
878580
878578
878576
878575
878572
878569
878561
878554
878553
878551
878549
878547
878546
878545
878544
878543
878542
878540
878539
878538
878536
878535
878531
878528
878527
878524
878523
878522
878521
878520
878519
878518
878517
878516
878515
878514
878513
878512
878511
878510
878509
878508
878507
878506
878505
878504
878503
878502
878501
878499
878498
878497
878496
878495
878494
878493
878492
878491
878489
878488
878487
878486
878485
878484
878482
878481
878480
878479
878477
878474
878473
878472
878471
878470
878469
878468
878467
878466
878464
878463
878462
878461
878460
878457
878456
878455
878454
878453
878452
878451
878450
878449
878445
878443
878442
878441
878440
878439
878438
878437
878436
878435
878434
878433
878432
878431
878430
878428
878426
878425
878424
878423
878422
878421
878420
878419
878418
878417
878416
878415
878414
878413
878412
878411
878409
878408
878407
878406
878404
878402
878400
878398
878397
878396
878395
878389
878387
878368
878366
878365
878364
878363
878362
878361
878360
878357
878356
878355
878350
878332
878329
878328
878324
878323
878321
878320
878317
878315
878314
878311
878306
878298
878297
878291
878290
878289
878287
878286
878283
878281
878280
878279
878278
878277
878276
878275
878274
878273
878272
878271
878270
878269
878268
878267
878266
878264
878263
878262
878261
878260
878258
878255
878253
878251
878250
878249
878248
878247
878246
878245
878244
878243
878242
878241
878240
878239
878238
878237
878236
878235
878234
878233
878232
878229
878228
878227
878226
878225
878224
878221
878220
878219
