906057
906055
905981
905983
905982
906370
906359
906051
906048
906047
906044
906249
906252
906255
906257
905980
906076
906075
906154
906155
906081
906080
906153
906083
905955
906013
906254
906151
906082
905956
905959
906079
906204
906208
906210
906211
906212
906214
906209
906213
906205
906185
906182
905957
905958
905961
905960
905943
905936
905935
905947
905946
905944
905969
905964
905963
905945
905942
905941
905937
905938
905939
906235
906236
906394
906393
906377
906376
906375
906374
906372
905934
905933
905931
906407
906406
906404
906403
906402
906401
906400
906399
906196
906352
906351
906366
906365
906364
906363
906395
906396
906397
906398
905950
905953
905954
905940
905948
905949
906258
906369
906367
906357
906234
906233
906232
906231
905972
905971
905970
905952
905951
906347
906173
906171
906170
906165
906163
906161
906157
906156
906152
906150
906149
906148
906144
906141
906140
906139
906138
906137
906136
906135
906133
906130
906128
906127
906126
906125
906124
906122
906121
906113
906111
906108
906405
906392
906391
906390
906389
906388
906386
906385
906384
906383
906382
906381
906379
906378
906362
906361
906356
906355
906354
906353
906350
906349
906348
906346
906336
906334
906333
906327
906326
906325
906324
906323
906322
906321
906320
906319
906316
906315
906314
906313
906312
906311
906310
906309
906308
906307
906306
906305
906304
906303
906302
906301
906300
906299
906298
906297
906296
906295
906294
906293
906292
906291
906290
906289
906288
906286
906285
906284
906283
906282
906281
906280
906279
906278
906277
906276
906275
906274
906273
906272
906271
906270
906269
906268
906267
906266
906265
906264
906263
906262
906261
906260
906259
906256
906251
906248
906247
906246
906244
906243
906242
906241
906240
906239
906237
906224
906223
906229
906228
906227
906226
906225
906222
906220
906219
906218
906217
906216
906215
906207
906206
906203
906200
906199
906198
906197
906195
906194
906192
906191
906190
906189
906188
906187
906186
906184
906183
906181
906180
906179
906178
906177
906176
906175
906174
906172
906169
906168
906167
906166
906164
906162
906160
906159
906158
906147
906146
906143
906142
906134
906132
906129
906123
906120
906119
906118
906117
906116
906115
906114
906112
906110
906109
906107
906106
906104
906103
906102
906100
906099
906098
906097
906096
906095
906094
906093
906092
906091
906090
906089
906088
906087
906086
906085
906084
906078
906077
906074
906073
906072
906070
906069
906068
906067
906066
906065
906064
906063
906062
906061
906060
906059
906058
906056
906053
906049
906045
906043
906042
906041
906040
906039
906038
906037
906036
906035
906034
906033
906028
906029
906030
906031
906032
906027
906026
906025
906024
906023
906022
906021
906020
906019
906018
906017
906016
906015
906012
906011
906010
906009
906008
906007
906006
906005
906004
906003
906002
906001
906000
905999
905998
905997
905996
905995
905994
905993
905992
905991
905990
905989
905988
905987
905986
905985
905984
905979
905978
905977
905976
905975
905974
905973
905968
905967
905966
905965
905962
905930
905929
905928
905926
905921
905920
