739325
739326
739327
739328
739329
739585
739582
739580
739559
739504
739583
739581
739473
739455
739451
739434
739430
739414
739410
739561
739506
739502
739432
739472
739453
739549
739552
739503
739560
739450
739471
739413
739412
739433
739431
739452
739449
739416
739411
739577
739576
739575
739350
739376
739389
739477
739480
739484
739487
739532
739533
739572
739573
739601
739604
739569
739625
739624
739623
739621
739620
739619
739617
739616
739615
739614
739613
739612
739611
739610
739609
739606
739605
739603
739602
739600
739599
739598
739597
739596
739595
739587
739586
739584
739579
739578
739574
739571
739570
739568
739567
739566
739565
739562
739558
739557
739556
739555
739553
739550
739548
739547
739546
739545
739544
739543
739542
739541
739539
739538
739537
739536
739535
739534
739531
739530
739529
739528
739527
739526
739525
739524
739523
739521
739520
739519
739518
739517
739516
739515
739514
739510
739509
739508
739507
739501
739500
739499
739498
739497
739496
739495
739494
739493
739492
739491
739490
739489
739488
739486
739485
739483
739482
739479
739478
739476
739474
739470
739469
739468
739467
739466
739465
739464
739463
739462
739461
739460
739458
739457
739456
739454
739448
739447
739446
739445
739444
739443
739442
739441
739440
739439
739438
739437
739436
739435
739429
739428
739427
739426
739425
739424
739423
739422
739421
739420
739419
739418
739417
739415
739409
739408
739407
739406
739405
739404
739403
739402
739401
739400
739399
739398
739397
739396
739395
739394
739393
739392
739391
739390
739388
739387
739386
739385
739384
739383
739382
739381
739380
739379
739378
739377
739374
739373
739372
739371
739370
739369
739368
739367
739366
739365
739364
739363
739362
739361
739360
739359
739358
739357
739356
739355
739354
739353
739351
739349
739348
739347
739346
739345
739344
739343
739342
739341
739340
739339
739338
739337
739336
739335
739334
739333
739332
739331
739330
739324
739323
739322
739321
739320
739319
739318
739317
739316
739315
739314
739313
739312
739311
