907874
907875
907784
907780
907769
907742
907618
907737
907611
907600
907731
907786
907779
907744
907771
907604
907783
907778
907736
907607
907589
907603
907591
907734
907770
907616
907781
907777
907740
907730
907597
907592
907587
907572
907482
907729
907727
907738
907827
907890
907893
907888
907886
907471
907533
907646
907804
907885
907881
907863
907860
907856
907892
907891
907847
907846
907836
907834
907614
907612
907859
907858
907857
907855
907854
907835
907825
907820
907622
907601
907599
907588
907584
907570
907569
907889
907823
907610
907609
907608
907595
907594
907593
907568
907414
907882
907894
907879
907613
907598
907596
907586
907585
907583
907578
907574
907567
907872
907869
907853
907852
907849
907832
907826
907822
907821
907606
907577
907576
907575
907862
907861
907621
907617
907615
907605
907602
907878
907877
907582
907581
907580
907579
907573
907571
907884
907883
907620
907619
907829
907978
907977
907976
907975
907974
907973
907972
907501
907500
907499
907498
907497
907496
907495
907494
907493
907492
907491
907490
907489
907488
907470
907469
907468
907467
907466
907465
907464
907463
907462
907461
907460
907459
907458
907457
907456
907455
907454
907453
907452
907451
907450
907449
907448
907447
907446
907445
907444
907443
907442
907441
907440
907439
907438
907437
907436
907435
907434
907433
907432
907431
907430
907429
907428
907427
907426
907425
907424
907423
907420
907419
907418
907417
907416
907971
907970
907969
907966
907965
907964
907963
907962
907961
907960
907959
907958
907957
907956
907955
907954
907953
907952
907951
907950
907949
907948
907947
907946
907945
907944
907943
907942
907941
907940
907939
907938
907937
907936
907935
907934
907933
907932
907931
907930
907929
907928
907927
907926
907925
907924
907923
907922
907921
907920
907919
907918
907917
907916
907915
907914
907913
907912
907911
907910
907909
907908
907907
907906
907905
907904
907903
907902
907901
907900
907899
907898
907887
907880
907864
907851
907848
907833
907831
907830
907828
907819
907897
907896
907895
907876
907873
907870
907868
907867
907866
907865
907850
907845
907844
907843
907842
907841
907840
907839
907838
907837
907818
907817
907816
907814
907813
907812
907811
907810
907809
907808
907807
907806
907805
907803
907802
907801
907800
907799
907798
907797
907796
907795
907794
907793
907792
907791
907790
907789
907788
907787
907785
907782
907776
907775
907774
907773
907772
907768
907767
907766
907765
907764
907763
907762
907761
907760
907759
907758
907698
907701
907702
907757
907756
907755
907754
907752
907751
907750
907749
907748
907747
907746
907745
907743
907741
907739
907735
907733
907732
907728
907726
907725
907724
907723
907722
907720
907719
907718
907717
907716
907715
907714
907713
907712
907711
907710
907709
907708
907707
907705
907704
907703
907700
907699
907697
907696
907695
907694
907693
907692
907691
907690
907689
907688
907687
907686
907685
907684
907683
907682
907681
907680
907679
907678
907677
907676
907675
907674
907673
907672
907671
907669
907668
907667
907666
907665
907664
907663
907661
907660
907659
907658
907657
907656
907655
907654
907653
907652
907651
907650
907649
907648
907647
907645
907644
907643
907642
907641
907640
907639
907638
907637
907636
907635
907634
907633
907632
907631
907630
907629
907628
907627
907626
907625
907623
907590
907566
907565
907564
907563
907562
907559
907558
907557
907556
907555
907554
907553
907552
907551
907550
907549
907548
907547
907546
907545
907543
907542
907541
907540
907539
907538
907537
907536
907535
907534
907532
907531
907530
907529
907528
907527
907526
907525
907524
907523
907522
907521
907520
907519
907518
907517
907516
907515
907514
907513
907512
907511
907510
907509
907508
907507
907506
907505
907504
907503
907502
907487
907486
907485
907484
907483
907481
907480
907479
907478
907477
907476
907475
907474
907473
907472
907421
