888882
888649
888650
888707
888714
888702
888696
888648
888712
888692
888647
888646
888645
888644
888643
888738
888695
888697
888729
888907
888849
888687
888690
888680
888737
888734
888719
888708
888851
888718
888711
888704
888691
888681
888679
888852
888717
888710
888703
888693
888686
888682
888850
888701
888716
888908
888642
888641
888848
888683
888715
888706
888699
888700
888698
888732
888774
888889
888898
888897
888896
888894
888862
888875
888934
888916
888921
888918
888910
888912
888914
888923
888909
888936
888913
888933
888924
888915
888847
888925
888932
888911
888917
888931
888815
888919
888940
888944
888942
888943
888926
888930
888935
888941
888946
888939
888938
888945
888929
888906
888905
888937
888904
888903
888902
888928
888927
888922
888920
888901
888900
888899
888893
888892
888891
888890
888888
888887
888886
888885
888884
888881
888880
888879
888878
888877
888876
888874
888873
888872
888871
888870
888869
888868
888867
888866
888865
888864
888863
888861
888860
888859
888858
888857
888854
888853
888846
888845
888844
888843
888842
888841
888840
888839
888838
888837
888836
888834
888833
888832
888831
888830
888829
888828
888827
888826
888825
888824
888823
888821
888820
888819
888818
888816
888814
888813
888812
888810
888808
888807
888806
888805
888804
888803
888802
888801
888800
888799
888798
888797
888796
888795
888793
888792
888791
888790
888789
888788
888787
888786
888785
888784
888783
888781
888780
888778
888777
888776
888782
888775
888773
888772
888771
888770
888769
888768
888767
888766
888765
888764
888762
888761
888760
888759
888758
888757
888756
888755
888754
888753
888752
888751
888750
888749
888748
888747
888746
888745
888744
888743
888742
888741
888740
888739
888736
888735
888733
888684
888685
888731
888730
888728
888727
888726
888725
888724
888723
888722
888721
888720
888713
888709
888705
888678
888677
888676
888675
888674
888673
888672
888671
888670
888669
888668
888667
888666
888665
888664
888663
888662
888661
888660
888659
888658
888657
888656
888655
888654
888653
888652
888626
888625
888624
888623
888640
888639
888638
888637
888636
888635
888634
888633
888632
888631
888630
888629
888628
888627
888622
888621
888620
888619
888618
