856768
856750
856767
856754
856764
856745
856766
856762
856739
856734
856761
856760
856733
856732
856759
856758
856731
856730
857169
857167
857180
857179
856807
857144
857104
857100
857065
857059
856891
856981
857178
856992
856897
856979
856858
856859
856864
856931
856948
857177
857064
856993
856906
856899
856896
857058
857199
856982
857176
857102
856994
856905
856902
856895
856890
856865
857057
856980
857103
857063
856904
856900
856894
856857
857056
857062
857099
856953
856922
856919
856893
857175
857098
857061
856991
856942
856889
856860
856903
856898
856892
857005
857004
856714
856715
856945
856950
857036
857181
857182
857222
856907
856908
856813
856818
856832
856831
856830
856822
856816
856814
856812
856809
856808
856806
856805
856804
856802
856799
856797
856796
856795
856793
856791
856790
856783
856803
856801
856798
856794
856789
856788
856787
856786
856785
856782
856781
856779
856755
856753
856742
856815
856810
856800
856784
856780
856756
856748
856741
856740
856737
856811
856792
856752
856751
856765
857232
857233
857201
857202
857204
857302
857301
857300
857299
857298
857297
857296
857295
857294
857293
857292
857291
857290
857289
857288
857287
857286
857285
857284
857283
857282
857281
857280
857279
857278
857277
857276
857275
857274
857273
857272
857271
857270
857269
857268
857267
857266
857265
857264
857263
857262
857261
857260
857259
857258
857257
857256
857255
857254
857253
857252
857251
857250
857249
857248
857247
857246
857245
857244
857243
857242
857241
857240
857238
857237
857236
857235
857234
857231
857230
857229
857228
857227
857226
857225
857224
857223
857221
857220
857219
857218
857217
857216
857215
857214
857213
857212
857211
857210
857209
857208
857207
857206
857205
857203
857200
857198
857197
857196
857195
857194
857193
857192
857191
857190
857189
857188
857187
857186
857185
857184
857183
857174
857173
857172
857171
857170
857168
857166
857165
857164
857163
857162
857161
857160
857159
857158
857157
857156
857155
857154
857153
857151
857150
857148
857147
857146
857145
857143
857142
857141
857140
857139
857138
857137
857136
857135
857134
857133
857132
857131
857130
857129
857128
857127
857126
857125
857124
857122
857121
857120
857119
857118
857117
857116
857115
857114
857113
857112
857111
857110
857109
857108
857107
857106
857105
857101
857097
857096
857095
857094
857093
857092
857091
857090
857089
857088
857087
857086
857085
857084
857083
857082
857081
857080
857079
857078
857077
857076
857075
857074
857073
857072
857070
857069
857068
857067
857066
857055
857053
857052
857051
857050
857049
857048
857047
857045
857044
857043
857041
857040
857038
857037
857034
857033
857032
857031
857030
857027
857026
857025
857024
857023
857022
857021
857020
857019
857018
857017
857016
857015
857014
857013
857012
857011
857010
857009
857008
857007
857006
857001
856999
856998
856997
856996
856995
856990
856989
856988
856987
856986
856984
856983
856977
856976
856973
856972
856969
856968
856967
856966
856965
856964
856962
856961
856960
856959
856958
856957
856956
856955
856954
856952
856951
856949
856947
856946
856944
856943
856941
856940
856939
856938
856937
856936
856935
856934
856933
856932
856930
856929
856928
856927
856926
856925
856924
856923
856921
856920
856918
856917
856916
856915
856913
856912
856911
856910
856909
856901
856888
856887
856886
856885
856883
856881
856880
856879
856878
856877
856876
856875
856874
856873
856872
856871
856870
856868
856866
856863
856862
856861
856856
856855
856854
856853
856852
856851
856850
856849
856848
856847
856846
856845
856844
856843
856842
856841
856840
856839
856838
856837
856836
856835
856834
856833
856829
856828
856827
856826
856825
856823
856821
856820
856819
856817
856778
856777
856776
856775
856771
856770
856769
856763
856757
856749
856747
856746
856744
856743
856738
856736
856735
856729
856728
856727
856726
856725
856724
856723
856722
856721
856720
856719
856718
856717
856713
856712
856711
856710
856709
856708
856707
856706
856705
856704
856703
856702
856701
856700
856699
856698
856697
856696
856695
856694
856693
856692
856691
856690
856689
856688
856687
856686
856685
856684
856683
856681
856680
856679
856678
