891879
891874
891865
891885
891881
891891
891856
891855
891876
891880
891890
891870
891868
891861
891859
891578
891577
891576
891575
891574
891573
891572
892062
892063
892056
892058
891570
891568
891893
891886
891567
891566
891565
891564
891851
892052
892055
891563
891562
891561
892012
892011
891841
891839
891902
891905
891894
891899
891896
891860
891692
891690
892019
891710
891706
891704
891709
891659
891654
891691
891660
891652
891708
891703
891688
891662
891655
891729
891732
891735
892017
892020
892027
892064
891651
891658
891687
891707
891689
891661
891653
891767
891762
891759
891617
891705
891702
891686
891650
891521
891528
891523
891520
891527
891526
891525
891522
891519
891518
891517
891516
891515
891626
891625
891624
891832
892069
891935
891934
891933
891630
891629
891640
891601
891627
891972
892047
892026
891838
891812
891995
891778
892040
891994
892043
892044
892045
892046
891807
891769
892042
891787
891992
892024
891645
891644
891643
891642
891641
891639
891638
891637
891636
891635
891634
891633
891628
891623
891622
891621
891741
891751
891755
891761
891998
891776
891991
891959
891806
891802
891784
891796
891798
891750
891820
891791
891663
891780
891827
891813
891814
891823
891805
891786
891783
891785
891620
891619
891618
891611
891610
891609
891608
891607
891606
891604
891603
891600
891795
891797
891775
891768
891754
891756
891760
891764
891752
891757
891758
891765
891790
891810
891801
891804
891815
891803
891771
892071
892070
891833
892068
892067
892066
892065
891825
892061
892057
892054
892053
892051
892050
892049
892048
891777
891779
891781
892041
892039
892038
892037
892036
892035
892034
892033
892032
892031
892030
892029
892028
892025
892023
892022
892021
892018
892016
892015
892014
892013
891794
892010
892009
892008
892007
892006
892005
892004
892003
892002
892001
892000
891999
891997
891996
891993
891753
891749
891990
891989
891782
891988
891987
891986
891985
891984
891983
891980
891979
891977
891976
891975
891974
891971
891970
891968
891967
891966
891965
891964
891963
891962
891961
891958
891957
891800
891956
891954
891953
891952
891951
891950
891949
891948
891947
891946
891945
891944
891943
891942
891941
891940
891939
891938
891937
891936
891932
891931
891816
891930
891929
891928
891927
891926
891925
891924
891923
891922
891921
891920
891919
891918
891917
891808
891916
891657
891915
891913
891914
891912
891911
891910
891909
891908
891907
891906
891904
891903
891901
891900
891898
891897
891895
891892
891889
891888
891887
891884
891883
891882
891878
891877
891875
891763
891748
891742
891873
891872
891871
891869
891867
891866
891864
891863
891862
891858
891857
891854
891853
891852
891849
891848
891846
891845
891844
891843
891842
891840
891828
891830
891837
891836
891835
891834
891831
891829
891826
891824
891822
891821
891819
891818
891817
891809
891799
891793
891792
891789
891788
891743
891747
891746
891774
891773
891772
891770
891766
891745
891744
891740
891739
891738
891737
891736
891734
891733
891731
891730
891726
891725
891724
891723
891722
891721
891720
891719
891718
891717
891716
891715
891714
891711
891712
891713
891701
891700
891699
891698
891697
891696
891695
891694
891693
891685
891684
891683
891682
891681
891680
891679
891678
891677
891676
891675
891674
891673
891669
891668
891667
891666
891665
891664
891656
891649
891648
891647
891646
891632
891631
891616
891605
891602
891615
891614
891613
891612
891599
891597
891598
891596
891595
891594
891592
891591
891590
891589
891588
891586
891585
891584
891583
891582
891581
891580
891579
891571
891569
891560
891559
891558
891557
891556
891555
891554
891553
891552
891551
891550
891549
891548
891547
891546
891545
891544
891543
891542
891540
891539
891538
891536
891534
891532
891530
891529
