885253
885289
885291
885233
885279
885278
885267
885272
885293
885261
885328
885325
885275
885274
885266
885252
885250
885321
885317
885316
885308
885307
885259
885290
885232
885303
885301
885287
885312
885310
885306
885304
885309
885297
885283
885270
885244
885258
885251
885248
885243
885239
885256
885254
885247
885237
885234
884802
884942
885056
884950
884943
884938
885282
885249
885238
885211
885205
885066
885188
884991
884924
884965
885332
885294
885210
885288
885109
885197
885017
885194
885166
884978
885078
884964
884960
884940
884929
885193
884984
884932
885068
884923
884986
884945
884941
884920
885334
885333
885331
885330
885327
885318
885314
885311
885302
885269
885209
885059
885110
885079
884979
884968
885055
885061
884936
884957
884963
884952
884939
884944
884988
885187
885164
884948
885337
885335
885208
885212
885228
885263
885305
885326
885204
885190
885054
885196
885163
885076
885107
884977
884974
884935
884962
884951
884955
885062
884959
885186
885106
884931
884937
884930
884925
885202
885183
885103
885057
885051
884983
884967
884949
884934
884954
884928
884922
885132
884966
884958
884947
884927
885147
884953
884933
884946
884921
884926
885126
884816
885344
885366
885358
885322
885265
885361
885339
884990
884796
885352
885340
885351
885341
885336
885338
885213
885342
885319
884795
885031
885039
885053
885277
885264
884850
885343
885315
885313
885049
885050
885052
885030
885026
884780
884776
885375
885374
885373
885372
885371
885370
885369
885368
885367
885365
885364
885363
885362
885360
885359
885357
885356
885355
885354
885353
885350
885349
885348
885347
885346
885345
885329
885324
885323
885320
885300
885299
885298
885296
885295
885292
885286
885285
885284
885281
885280
885276
885273
885271
885268
885262
885260
885257
885246
885245
885242
885241
885240
885236
885231
885230
885229
885227
885226
885225
885224
885223
885222
885219
885221
885220
885218
885217
885216
885215
885214
885207
885206
885203
885201
885200
885199
885198
885195
885192
885191
885189
885185
885184
885181
885179
885178
885177
885175
885174
885173
885172
885171
885170
885169
885168
885167
885165
885162
885161
885160
885159
885158
885157
885156
885155
885154
885153
885152
885151
885150
885149
885148
885146
885144
885143
885142
885140
885139
885138
885137
885136
885135
885134
885133
885131
885130
885129
885128
885127
885121
885120
885119
885118
885117
885116
885115
885114
885113
885112
885111
885108
885105
885104
885102
885101
885100
885099
885098
885097
885096
885094
885093
885092
885091
885090
885089
885088
885086
885085
885084
885083
885082
885081
885080
885077
885075
885073
885071
885070
885069
885064
885063
885060
885058
885048
885047
885046
885045
885043
885042
885038
885037
885036
885035
885034
885033
885032
885029
885028
885027
885025
885024
885023
885022
885021
885020
885019
885018
885016
885015
885014
885013
885012
885011
885010
885009
885008
885007
885006
885005
885004
885003
885002
885001
884999
884998
884997
884996
884995
884994
884993
884992
884989
884987
884985
884982
884981
884980
884976
884975
884973
884972
884971
884970
884969
884961
884956
884919
884918
884917
884916
884915
884914
884913
884912
884911
884910
884909
884908
884907
884906
884905
884904
884903
884902
884901
884900
884899
884898
884897
884896
884895
884894
884893
884892
884891
884889
884888
884887
884886
884885
884884
884882
884881
884880
884879
884878
884877
884876
884875
884874
884873
884872
884871
884870
884869
884868
884867
884866
884865
884864
884863
884861
884851
884849
884848
884852
884860
884859
884857
884856
884855
884853
884847
884846
884845
884844
884842
884841
884840
884839
884838
884837
884836
884835
884834
884833
884832
884831
884830
884829
884828
884827
884826
884825
884824
884823
884822
884820
884819
884818
884817
884814
884813
884812
884811
884809
884807
884805
884804
884801
884800
884799
884798
884797
884794
884793
884792
884791
884790
884789
884788
884787
884786
884785
884784
884783
884782
884781
884779
884778
884777
884775
884774
884773
884772
884771
884770
884769
884768
