909790
909732
909686
909684
909759
909703
909688
909755
909699
909690
909756
909692
909701
909682
909758
909757
909754
909702
909700
909698
909691
909689
909687
909685
909683
909681
909962
909960
909958
909955
909954
909969
909951
909949
909948
909784
909786
909788
909652
909653
909634
909947
909943
909766
909625
909620
909615
909616
909944
909614
909613
909598
909599
909596
909595
909639
909585
909982
909981
909980
909979
909978
909977
909976
909975
909974
909973
909972
909971
909970
909968
909967
909966
909965
909964
909963
909961
909959
909957
909956
909953
909952
909950
909946
909945
909942
909941
909940
909939
909938
909937
909936
909935
909934
909933
909932
909931
909930
909929
909928
909927
909926
909925
909924
909923
909922
909921
909920
909919
909918
909917
909916
909915
909914
909913
909912
909911
909910
909909
909908
909907
909906
909905
909904
909903
909902
909901
909900
909899
909898
909897
909896
909895
909894
909893
909892
909891
909890
909889
909888
909887
909886
909885
909884
909883
909882
909881
909880
909879
909878
909877
909876
909875
909874
909873
909872
909871
909870
909869
909868
909867
909866
909865
909864
909863
909862
909861
909860
909859
909858
909857
909856
909855
909854
909853
909852
909851
909850
909849
909848
909847
909846
909845
909844
909843
909842
909841
909840
909839
909838
909837
909836
909835
909834
909832
909831
909830
909829
909828
909827
909826
909825
909824
909823
909822
909821
909820
909819
909814
909812
909811
909810
909809
909808
909807
909806
909805
909804
909803
909802
909801
909800
909799
909798
909797
909796
909795
909794
909793
909792
909791
909789
909787
909785
909783
909782
909780
909779
909778
909777
909776
909775
909774
909773
909772
909771
909770
909769
909768
909765
909764
909763
909762
909761
909760
909753
909752
909751
909750
909749
909748
909747
909746
909745
909744
909743
909742
909741
909740
909739
909738
909737
909736
909735
909734
909733
909731
909730
909729
909728
909727
909726
909725
909724
909723
909722
909721
909720
909719
909718
909717
909716
909715
909714
909713
909712
909711
909710
909709
909708
909707
909706
909705
909704
909697
909696
909695
909694
909693
909680
909678
909677
909676
909675
909673
909669
909668
909667
909666
909665
909664
909663
909662
909661
909660
909659
909658
909656
909655
909654
909651
909650
909649
909648
909647
909646
909645
909644
909643
909642
909638
909637
909636
909635
909633
909632
909631
909630
909629
909628
909627
909626
909624
909623
909622
909621
909619
909618
909617
909612
909611
909610
909584
909583
909582
909609
909608
909607
909606
909605
909604
909603
909602
909601
909600
909597
909592
909591
909590
909589
909588
909587
909586
