775779
775798
775786
775776
775775
775770
775769
775794
775791
775768
775767
775931
776171
776012
776005
776125
776016
775999
776002
776004
776149
776001
775997
775812
775805
775802
775800
775818
775806
775993
776170
776163
776035
776008
775804
775811
776025
776146
775814
775803
776157
776153
775799
775808
775810
776169
776144
775813
775807
775801
776009
776034
775877
775876
775727
775724
775722
775777
775720
775721
775926
775927
775928
775929
775937
775938
776003
776006
776030
776111
776175
776203
775796
775778
775797
775781
775782
776037
776038
776039
776040
776041
776042
776043
776044
776045
776046
776047
776048
776050
776052
776053
776054
776056
776057
776058
776059
776060
776061
776062
776063
776064
776065
776066
776067
776068
776069
776070
776071
776072
776073
776074
776076
776077
776078
776079
776081
776082
776083
776084
776085
776086
776087
776089
776090
776091
776092
776093
776094
776095
776096
776097
776098
776099
776100
776101
776102
776103
776104
776105
776106
776107
776108
776109
776110
776112
776113
776114
776115
776116
776117
776118
776119
776120
776121
776122
776123
776127
776128
776129
776130
776131
776132
776246
776245
776243
776242
776241
776240
776239
776238
776237
776236
776235
776234
776233
776232
776228
776227
776226
776225
776224
776223
776221
776219
776218
776217
776216
776215
776214
776213
776212
776211
776210
776209
776208
776207
776206
776205
776204
776202
776201
776200
776199
776198
776197
776196
776195
776194
776193
776192
776191
776190
776189
776188
776187
776186
776185
776184
776183
776182
776181
776180
776179
776178
776177
776176
776173
776172
776168
776167
776166
776165
776164
776162
776161
776160
776159
776158
776156
776155
776154
776152
776151
776150
776148
776147
776145
776143
776141
776140
776139
776138
776137
776136
776135
776134
776133
776126
776124
776088
776080
776075
776055
776051
776049
776033
776032
776031
776029
776028
776027
776021
776020
776026
776024
776023
776022
776019
776018
776017
776015
776014
776013
776011
776010
776007
776000
775998
775996
775995
775994
775992
775991
775990
775989
775988
775987
775986
775983
775982
775980
775979
775977
775976
775975
775974
775973
775972
775971
775970
775969
775968
775967
775965
775964
775963
775962
775961
775959
775958
775956
775955
775954
775953
775952
775951
775950
775949
775947
775946
775945
775944
775943
775942
775941
775940
775936
775935
775934
775933
775932
775930
775925
775924
775923
775922
775921
775920
775919
775918
775917
775916
775915
775914
775913
775912
775911
775910
775909
775908
775907
775906
775905
775904
775903
775902
775901
775900
775899
775898
775897
775896
775895
775894
775893
775892
775891
775890
775889
775888
775887
775886
775885
775884
775883
775882
775881
775880
775875
775874
775873
775870
775869
775868
775864
775865
775866
775867
775835
775840
775845
775848
775851
775854
775857
775859
775862
775863
775861
775860
775858
775856
775855
775853
775852
775850
775849
775847
775846
775844
775843
775842
775841
775839
775838
775837
775836
775834
775833
775832
775831
775830
775829
775828
775827
775826
775825
775824
775823
775822
775821
775820
775819
775817
775816
775815
775809
775795
775793
775792
775788
775787
775785
775784
775783
775780
775774
775773
775771
775766
775765
775764
775763
775762
775761
775760
775759
775758
775757
775756
775750
775749
775747
775746
775745
775744
775742
775741
775740
775739
775738
775737
775736
775735
775734
775733
775732
775731
775730
775729
775728
775726
775725
775723
775719
775718
775717
775716
775715
775714
775713
775712
775711
775710
775709
775708
775707
775706
775705
775704
775703
775702
775701
775700
775699
775698
775697
775696
