848842
848845
848838
848468
848837
848467
848861
848866
848790
848863
848858
848531
848865
848864
848877
848876
848744
848730
848641
848633
848602
848540
848579
848560
848555
848867
848868
848878
848862
848860
848859
848783
848536
848743
848728
848640
848632
848601
848578
848559
848554
848529
848741
848639
848631
848600
848576
848558
848553
848464
848740
848638
848880
848857
848780
848738
848629
848575
848525
848599
848737
848637
848736
848635
848628
848598
848574
848557
848552
848522
848679
848678
848677
848676
848675
848597
848572
848556
848551
848879
848881
848584
848804
848801
848800
848797
848794
848791
848787
848785
848781
848520
848519
848518
848415
848735
848890
848891
848718
848875
848779
848807
848380
848799
848793
848806
848803
848789
848784
848909
848908
848907
848906
848905
848904
848903
848902
848901
848900
848899
848898
848897
848896
848895
848894
848892
848889
848888
848887
848886
848885
848884
848883
848882
848874
848873
848872
848871
848870
848869
848855
848853
848852
848851
848850
848849
848848
848847
848846
848844
848843
848841
848840
848839
848836
848835
848834
848833
848832
848831
848830
848829
848828
848827
848826
848824
848823
848822
848821
848820
848819
848816
848815
848814
848813
848812
848811
848810
848809
848798
848796
848805
848795
848788
848786
848808
848802
848792
848782
848778
848776
848775
848774
848773
848772
848771
848770
848769
848768
848767
848766
848765
848764
848763
848762
848761
848760
848759
848758
848757
848756
848755
848754
848753
848752
848751
848750
848749
848748
848747
848746
848745
848742
848739
848734
848733
848732
848731
848729
848727
848726
848725
848724
848723
848722
848720
848719
848717
848715
848714
848713
848712
848711
848710
848708
848707
848706
848705
848704
848703
848701
848700
848699
848698
848697
848696
848694
848693
848692
848691
848690
848689
848688
848685
848684
848683
848682
848681
848674
848673
848672
848671
848670
848669
848668
848667
848666
848665
848664
848663
848645
848646
848662
848661
848643
848660
848659
848658
848657
848656
848655
848654
848653
848652
848651
848650
848649
848648
848647
848644
848642
848636
848634
848630
848627
848626
848625
848624
848623
848622
848621
848620
848619
848618
848617
848616
848615
848614
848613
848612
848611
848610
848609
848608
848607
848606
848605
848604
848603
848596
848595
848593
848592
848591
848590
848589
848588
848587
848586
848585
848583
848582
848581
848580
848577
848573
848571
848570
848569
848568
848566
848565
848564
848563
848562
848561
848550
848549
848548
848547
848546
848545
848544
848543
848542
848541
848539
848538
848537
848535
848534
848533
848532
848530
848528
848527
848526
848524
848523
848521
848517
848516
848515
848514
848513
848512
848511
848510
848509
848508
848507
848506
848505
848504
848503
848502
848501
848500
848499
848498
848497
848496
848495
848493
848492
848491
848490
848489
848488
848487
848486
848485
848484
848483
848482
848481
848480
848479
848478
848477
848476
848475
848474
848472
848471
848469
848466
848465
848463
848462
848461
848460
848459
848458
848457
848456
848455
848454
848453
848452
848451
848450
848449
848448
848447
848446
848445
848444
848443
848442
848441
848440
848439
848438
848437
848436
848435
848434
848433
848432
848431
848430
848429
848428
848427
848426
848425
848424
848423
848422
848421
848420
848419
848418
848417
848416
848414
848413
848412
848411
848410
848409
848408
848407
848406
848404
848403
848402
848401
848400
848399
848398
848397
848396
848395
848394
848393
848392
848391
848390
848389
848388
848387
848386
848385
848384
848383
848382
848381
848379
848378
848377
848376
848375
848374
848373
848372
848371
848370
848369
