924696
924695
924694
924693
924692
924691
924690
924689
924688
924687
924686
924684
924683
924682
924681
924680
924103
924755
924697
924698
924699
924700
924553
924552
924550
924548
924703
924753
924745
924744
924742
924740
924739
924738
924737
924736
924735
924734
924732
924731
924730
924728
924727
924474
924770
924771
924726
924709
924708
924707
924706
924705
924725
924723
924722
924721
924589
924588
924587
924558
924557
924506
924505
924593
924592
924591
924679
924677
924676
924675
924674
924545
924544
924542
924531
924523
924408
924409
924349
924351
924350
924348
924264
924263
924262
924261
924672
924671
924670
924669
924667
924749
924719
924718
924717
924716
924714
924522
924521
924520
924518
924517
924666
924663
924662
924661
924660
924659
924599
924598
924597
924596
924561
924560
924287
924229
924223
924222
924238
924241
924242
924243
924244
924245
924246
924247
924248
924249
924250
924251
924252
924752
924586
924584
924595
924701
924704
924230
924231
924232
924233
924234
924235
924236
924237
924280
924447
924446
924267
924260
924259
924538
924570
924571
924180
924181
924182
924183
924184
924185
924186
924188
924189
924190
924191
924192
924193
924194
924195
924196
924197
924198
924199
924200
924201
924202
924203
924204
924205
924206
924207
924798
924797
924796
924795
924794
924793
924792
924791
924790
924783
924778
924777
924776
924775
924774
924773
924769
924789
924768
924767
924788
924766
924765
924764
924763
924787
924786
924785
924784
924782
924781
924780
924779
924761
924760
924759
924758
924751
924750
924748
924747
924746
924741
924733
924729
924724
924720
924713
924712
924711
924710
924668
924664
924658
924656
924655
924654
924653
924652
924651
924650
924649
924648
924647
924646
924645
924644
924642
924641
924640
924639
924638
924637
924636
924635
924634
924632
924631
924630
924629
924628
924627
924626
924625
924624
924623
924622
924621
924620
924619
924618
924617
924616
924615
924614
924613
924612
924611
924610
924609
924608
924606
924605
924604
924603
924600
924581
924578
924577
924576
924575
924574
924573
924568
924566
924565
924563
924562
924559
924556
924555
924554
924551
924549
924546
924543
924541
924539
924536
924537
924534
924533
924535
924547
924540
924532
924519
924516
924513
924515
924512
924510
924509
924508
924507
924504
924503
924502
924501
924500
924499
924497
924496
924495
924494
924493
924492
924491
924490
924489
924488
924487
924486
924485
924484
924483
924482
924481
924480
924479
924478
924477
924476
924473
924472
924471
924470
924469
924468
924467
924466
924465
924464
924461
924460
924459
924458
924457
924456
924455
924454
924453
924451
924450
924449
924448
924445
924443
924442
924441
924440
924439
924437
924436
924435
924434
924433
924432
924431
924430
924429
924428
924427
924425
924424
924423
924422
924421
924420
924417
924419
924418
924416
924415
924414
924413
924412
924411
924410
924407
924406
924405
924404
924403
924402
924401
924400
924399
924398
924397
924396
924395
924394
924393
924392
924391
924390
924389
924388
924387
924386
924385
924384
924383
924382
924381
924380
924378
924377
924376
924375
924374
924373
924372
924371
924370
924369
924368
924367
924366
924365
924364
924363
924362
924361
924360
924359
924358
924357
924356
924355
924354
924256
924255
924258
924257
924353
924352
924346
924343
924342
924340
924339
924338
924337
924336
924334
924333
924332
924331
924330
924329
924328
924327
924326
924325
924324
924323
924322
924321
924320
924319
924318
924317
924316
924315
924313
924312
924311
924310
924309
924308
924307
924306
924305
924304
924303
924302
924301
924300
924299
924298
924297
924296
924294
924293
924292
924291
924290
924289
924288
924286
924285
924284
924282
924281
924279
924278
924277
924276
924275
924274
924273
924272
924269
924268
924254
924253
924240
924239
924226
924225
924224
924221
924220
924219
924218
924217
924216
924215
924214
924213
924212
924211
924210
924208
924179
924178
924177
924176
924175
924174
924173
924171
924170
924169
924168
924167
924166
924165
924164
924163
924162
924161
924160
924159
924158
924157
924155
924154
924153
924152
924151
924150
924149
924148
924147
924145
924144
924143
924142
924141
924139
924138
924137
924135
924134
924133
924132
924131
924130
924129
924128
924127
924126
924125
924124
924123
924122
924121
924120
924119
924118
924117
924116
924115
924114
924113
924112
924111
924110
924109
924108
924107
924106
924105
924104
924101
924100
924099
924097
