771339
771340
771345
771396
771404
771405
771663
771500
771583
771499
771511
771497
771502
771494
771488
771416
771415
771414
771456
771455
771452
771446
771444
771442
771441
771510
771459
771439
771447
771450
771458
771495
771503
771489
771492
771509
771417
771412
771438
771445
771454
771448
771493
771496
771501
771498
771485
771508
771419
771440
771437
771443
771451
771453
771449
771463
771621
771623
771355
771365
771364
771348
771347
771346
771357
771356
771462
771460
771457
771662
771661
771660
771659
771635
771658
771634
771633
771632
771631
771657
771656
771655
771653
771649
771648
771647
771646
771645
771644
771643
771642
771641
771640
771639
771638
771630
771629
771628
771627
771626
771636
771625
771624
771622
771620
771619
771618
771617
771616
771615
771614
771613
771612
771611
771610
771609
771608
771607
771606
771605
771604
771603
771601
771600
771599
771591
771590
771588
771587
771586
771585
771584
771581
771580
771579
771578
771577
771576
771575
771574
771573
771572
771571
771570
771569
771568
771567
771566
771565
771564
771563
771562
771561
771560
771559
771558
771557
771556
771555
771554
771553
771552
771551
771550
771549
771548
771547
771546
771545
771544
771543
771542
771541
771539
771538
771537
771536
771535
771534
771533
771532
771531
771530
771529
771528
771527
771526
771525
771524
771523
771522
771521
771520
771519
771518
771517
771516
771515
771514
771513
771512
771507
771506
771505
771504
771491
771490
771487
771486
771484
771483
771482
771481
771480
771479
771478
771477
771476
771475
771474
771473
771472
771471
771470
771469
771468
771467
771466
771465
771464
771461
771436
771435
771434
771433
771432
771431
771430
771429
771428
771427
771426
771425
771424
771423
771422
771421
771420
771418
771413
771411
771409
771408
771407
771406
771403
771402
771401
771400
771399
771398
771397
771395
771394
771393
771392
771391
771390
771389
771388
771370
771371
771372
771373
771374
771375
771376
771377
771378
771379
771380
771381
771382
771383
771384
771385
771386
771387
771369
771368
771367
771366
771363
771361
771359
771358
771354
771353
771352
771351
771349
771344
771343
771342
771341
771336
771332
771331
771330
771329
771328
771326
771325
771324
771323
771322
771321
771320
771319
771318
771317
771316
771315
771314
771313
771312
771311
771310
771309
771308
771307
771306
771304
771303
771302
771301
771300
771299
771297
771296
