933102
933101
933031
933030
933029
933028
933027
933026
933025
932977
932976
932975
933024
933023
933022
933021
933020
933019
932723
933055
933056
933047
933046
933045
933096
933095
933094
933093
933051
932960
932979
932822
932875
932837
932826
932831
932841
932871
932876
933001
933062
932827
932817
933061
932821
933059
933048
932828
933092
933090
933089
933088
933087
933049
932983
932980
932834
932820
932991
932981
933050
932996
932840
932873
932830
932839
932836
933044
932978
932835
932818
933060
933002
932982
932959
932953
932954
932838
933086
933085
933084
933083
933082
932829
932819
933098
933099
933105
932825
932872
932952
932824
932973
932974
932972
932842
932833
932832
933067
933066
933065
933064
933018
933017
933016
933015
933014
933013
933012
933011
933010
933032
933040
933039
933038
933037
933036
933035
933034
933033
933052
933122
933120
933118
933115
933114
933111
933108
933103
933097
933081
933080
933079
933078
933077
933076
933075
933074
933073
933072
933071
933070
933069
933068
933063
933058
933057
933054
933053
933043
933042
933041
933009
933008
933007
933006
933005
933004
933003
933000
932994
932971
932970
932969
932968
932967
932966
932781
932965
932964
932963
932962
932961
932958
932957
932956
932955
932951
932950
932949
932948
932947
932946
932944
932943
932942
932941
932940
932939
932938
932937
932936
932935
932934
932933
932932
932931
932930
932929
932927
932926
932925
932924
932923
932922
932921
932920
932919
932918
932917
932916
932915
932914
932913
932912
932911
932910
932908
932907
932906
932905
932904
932903
932902
932901
932900
932899
932898
932897
932896
932895
932893
932892
932891
932890
932889
932888
932887
932886
932885
932884
932883
932882
932881
932880
932879
932878
932877
932874
932870
932869
932868
932857
932854
932864
932863
932862
932861
932859
932865
932860
932866
932848
932858
932856
932855
932850
932852
932853
932847
932849
932867
932846
932845
932844
932843
932823
932816
932815
932814
932813
932812
932811
932809
932808
932807
932806
932805
932804
932803
932802
932801
932800
932799
932798
932797
932796
932795
932794
932793
932792
932791
932790
932789
932788
932787
932786
932785
932784
932783
932782
932780
932779
932778
932777
932776
932775
932774
932772
932771
932770
932769
932768
932767
932766
932765
932764
932763
932762
932761
932760
932759
932758
932757
932756
932755
932754
932753
932752
932751
932750
932749
932748
932747
932746
932745
932744
932743
932742
932741
932740
932739
932738
932736
932735
932734
932733
932732
932731
932730
932729
932728
932727
932726
932725
932724
932722
932721
932720
932719
932718
932717
932716
932715
932714
932713
932712
932711
932710
932709
932708
932705
932706
932707
932704
932703
932702
932701
932700
932699
932698
932697
932696
932695
932694
932693
932692
932691
932690
932689
932686
