777213
777069
777217
777067
777185
777214
777173
777066
777065
777050
777017
777178
777019
777216
777180
777184
777015
777215
777182
776916
777102
777104
777020
776904
776903
776902
776901
777198
777197
777196
777195
777046
777042
777258
777257
777256
777255
777254
777253
777252
777251
777250
777249
777248
777247
777246
777245
777243
777242
777241
777240
777239
777238
777237
777210
777221
777235
777234
777233
777232
777231
777230
777229
777228
777227
777226
777225
777223
777220
777219
777218
777212
777211
777209
777208
777207
777206
777205
777204
777203
777202
777201
777200
777199
777194
777193
777192
777191
777189
777188
777187
777186
777183
777181
777179
777177
777176
777175
777174
777171
777170
777169
777168
777166
777165
777164
777163
777162
777161
777160
777159
777157
777156
777155
777154
777153
777152
777151
777150
777149
777148
777147
777146
777145
777144
777143
777141
777140
777139
777138
777137
777136
777135
777134
777133
777132
777131
777130
777129
777128
777127
777126
777125
777124
777123
777122
777121
777120
777119
777118
777117
777116
777115
777114
777113
777112
777111
777110
777108
777107
777106
777105
777103
777101
777100
777099
777098
777097
777096
777095
777094
777093
777092
777091
777090
777089
777088
777087
777086
777085
777084
777083
777082
777081
777080
777079
777078
777077
777076
777075
777074
777073
777072
777071
777070
777068
777064
777063
777062
777061
777060
777059
777058
777057
777056
777055
777054
777053
777052
777051
777049
777048
777047
777045
777044
777041
777040
777039
777038
777037
777036
777035
777033
777032
777031
777030
777029
777028
777027
777026
777025
777024
777023
777022
777021
777018
777014
777013
777012
777011
777010
777009
777008
777007
777006
777005
777004
777003
777002
777001
777000
776999
776998
776997
776996
776995
776994
776993
776992
776991
776990
776989
776988
776987
776986
776985
776984
776983
776982
776981
776980
776979
776978
776977
776976
776975
776974
776973
776972
776971
776970
776969
776968
776967
776966
776965
776964
776963
776962
776961
776960
776959
776958
776957
776930
776931
776932
776933
776934
776936
776937
776938
776939
776940
776941
776942
776943
776944
776956
776955
776954
776953
776952
776951
776950
776949
776948
776947
776946
776945
776935
776929
776928
776927
776926
776925
776924
776923
776922
776921
776920
776919
776918
776915
776914
776913
776912
776911
776910
776909
776908
776907
776906
776905
776900
776899
776898
776897
776896
776895
776894
776893
776892
776891
776890
776889
776888
776886
776885
776883
776882
776881
776880
776879
776877
776876
776875
776874
776873
776872
776871
776870
776869
776868
776867
776866
776865
776864
776863
776862
776861
776860
776859
776858
776857
776856
776855
776854
