829569
829757
829563
829559
829736
829918
829911
829894
829888
829867
829854
829785
829741
829720
829718
829714
829712
829707
829704
829702
829700
829618
829623
829640
829786
829899
829898
829881
829783
829780
829634
829868
829622
829892
829883
829787
829722
829719
829715
829709
829701
829724
829723
829721
829710
829717
829716
829705
829703
829699
829639
829619
829782
829779
829642
829633
829630
829850
829859
829917
829620
829616
829641
829627
829621
829833
829566
829766
829763
829945
829916
829950
829949
829948
829947
829944
829943
829942
829941
829940
829939
829938
829937
829936
829935
829934
829933
829932
829931
829930
829929
829928
829927
829926
829925
829924
829920
829915
829914
829913
829912
829626
829628
829629
829631
829632
829727
829776
829820
829910
829909
829908
829907
829906
829905
829904
829903
829902
829901
829900
829897
829896
829895
829893
829891
829889
829887
829886
829885
829884
829882
829880
829879
829878
829877
829876
829875
829874
829873
829872
829871
829870
829869
829866
829865
829864
829863
829862
829861
829860
829858
829857
829856
829855
829853
829852
829851
829849
829845
829844
829843
829848
829847
829846
829842
829841
829840
829839
829838
829837
829836
829831
829832
829830
829828
829827
829826
829825
829824
829822
829821
829819
829818
829817
829816
829815
829814
829813
829812
829810
829808
829807
829804
829803
829802
829801
829800
829799
829798
829797
829796
829795
829794
829793
829792
829791
829790
829789
829788
829784
829781
829778
829774
829773
829772
829771
829770
829768
829769
829767
829765
829764
829762
829761
829760
829759
829758
829755
829753
829752
829751
829750
829749
829748
829747
829746
829745
829744
829743
829742
829740
829739
829738
829735
829734
829733
829732
829731
829730
829729
829728
829726
829725
829713
829711
829708
829706
829698
829697
829696
829695
829694
829693
829692
829691
829690
829689
829688
829687
829686
829685
829684
829683
829682
829681
829680
829679
829678
829677
829676
829675
829674
829673
829672
829671
829670
829669
829668
829667
829666
829665
829664
829663
829662
829661
829659
829658
829654
829653
829652
829651
829650
829649
829648
829647
829646
829645
829643
829638
829637
829636
829635
829625
829624
829617
829615
829614
829613
829612
829611
829608
829607
829606
829605
829604
829603
829602
829601
829600
829599
829598
829597
829596
829595
829594
829593
829592
829591
829590
829589
829588
829587
829585
829583
829582
829581
829580
829579
829578
829577
829576
829575
829574
829573
829572
829571
829568
829562
829561
829558
829557
829556
829555
829554
829553
