738177
738178
738181
738182
738179
738180
738176
738175
738440
738438
738430
738489
738488
738434
738500
738487
738445
738427
738439
738380
738378
738437
738492
738490
738379
738433
738315
738314
738313
738297
738377
738312
738311
738376
738486
738485
738476
738474
738339
738359
738348
738350
738349
738356
738353
738351
738352
738357
738473
738239
738265
738310
738518
738135
738131
738305
738358
738367
738368
738478
738481
738493
738495
738187
738522
738521
738520
738519
738517
738516
738515
738514
738513
738512
738511
738510
738509
738508
738507
738506
738505
738504
738503
738502
738501
738499
738498
738497
738496
738494
738491
738484
738483
738482
738480
738479
738477
738475
738472
738471
738470
738469
738468
738467
738466
738465
738463
738462
738461
738460
738459
738458
738457
738456
738455
738454
738453
738452
738451
738450
738449
738448
738446
738444
738443
738442
738441
738436
738435
738432
738431
738429
738428
738426
738425
738424
738423
738422
738421
738419
738418
738417
738416
738415
738414
738413
738412
738411
738410
738409
738408
738406
738405
738404
738403
738402
738401
738400
738399
738398
738397
738396
738395
738394
738393
738392
738391
738390
738389
738388
738387
738386
738385
738384
738383
738382
738381
738375
738374
738373
738372
738371
738370
738366
738365
738364
738363
738362
738361
738360
738355
738354
738347
738346
738345
738344
738343
738342
738341
738340
738338
738337
738336
738335
738334
738333
738332
738331
738330
738329
738328
738327
738326
738325
738324
738323
738322
738321
738320
738319
738318
738317
738316
738309
738308
738307
738306
738304
738303
738302
738301
738300
738299
738298
738296
738295
738294
738293
738292
738291
738290
738288
738287
738286
738285
738283
738282
738281
738280
738279
738278
738277
738276
738275
738274
738273
738272
738271
738270
738269
738268
738267
738266
738264
738263
738262
738261
738260
738259
738258
738257
738256
738255
738254
738253
738252
738251
738250
738249
738248
738247
738246
738245
738244
738243
738242
738241
738240
738238
738237
738235
738234
738233
738232
738231
738230
738229
738228
738227
738226
738225
738224
738223
738222
738221
738220
738219
738218
738217
738216
738215
738214
738213
738212
738210
738209
738208
738207
738206
738204
738203
738202
738200
738199
738198
738196
738195
738194
738193
738192
738191
738190
738189
738188
738186
738185
738184
738183
738174
738173
738172
738171
738170
738169
738168
738167
738166
738165
738164
738163
738162
738161
738160
738159
738158
738157
738156
738155
738154
738153
738152
738151
738150
738149
738148
738147
738146
738145
738144
738143
738142
738141
738140
738139
738138
738137
738136
738134
738133
738132
738130
738129
738128
738127
738126
738125
738124
738123
738122
738121
738120
