798685
798683
798682
798815
798851
798865
798901
798911
798962
798631
798655
798887
799048
798706
798784
798787
799027
798728
798845
798841
798835
798931
798822
798818
798817
798803
798796
798811
798793
798792
798924
798800
798813
798788
798842
798769
798750
798806
798795
798743
798742
798791
798783
798840
798834
798711
798712
798823
798770
798747
798844
798819
798820
798810
798790
798786
798768
798751
798814
798797
798789
798785
798705
798704
798774
798775
798703
798702
798701
798671
798669
798668
798666
798665
798664
799062
799061
799060
799059
799058
799057
799056
799055
799054
799053
799052
799051
799050
799049
799047
799046
799045
799043
799041
799039
799037
799035
799033
799044
799042
799040
799038
799036
799034
799032
799031
799030
799029
799028
799026
799025
799024
799023
799022
799018
799017
799016
799015
799014
799013
799012
799011
799010
799009
799008
799007
799006
799005
799004
799003
799002
799001
799000
798999
798998
798997
798996
798995
798994
798993
798992
798991
798990
798989
798988
798987
798986
798985
798984
798983
798982
798981
798980
798979
798978
798977
798974
798973
798972
798971
798970
798969
798968
798967
798966
798965
798964
798963
798961
798960
798959
798958
798957
798956
798954
798953
798952
798951
798950
798947
798946
798945
798944
798943
798942
798941
798940
798939
798938
798937
798936
798935
798934
798933
798932
798930
798929
798928
798927
798926
798925
798923
798922
798921
798920
798919
798918
798917
798916
798915
798914
798913
798912
798910
798909
798908
798907
798906
798905
798904
798902
798900
798899
798898
798897
798896
798895
798894
798893
798892
798891
798890
798889
798888
798886
798885
798879
798880
798881
798882
798884
798883
798878
798877
798876
798875
798874
798873
798872
798871
798870
798869
798868
798867
798866
798864
798863
798862
798861
798860
798859
798858
798857
798856
798855
798854
798853
798852
798850
798849
798848
798847
798846
798843
798839
798838
798836
798833
798832
798831
798830
798829
798828
798827
798826
798825
798824
798821
798816
798812
798809
798808
798807
798805
798802
798801
798799
798798
798794
798782
798781
798780
798779
798778
798777
798776
798773
798772
798771
798766
798765
798764
798763
798762
798761
798760
798759
798758
798757
798756
798755
798754
798753
798752
798749
798748
798746
798745
798744
798740
798739
798738
798737
798736
798735
798734
798733
798732
798731
798730
798729
798727
798726
798725
798724
798723
798722
798721
798720
798719
798718
798717
798716
798715
798714
798713
798710
798709
798708
798707
798700
798699
798698
798697
798696
798695
798694
798693
798692
798691
798690
798689
798687
798684
798681
798680
798679
798678
798677
798676
798675
798674
798673
798672
798667
798663
798662
798661
798660
798659
798658
798657
798656
798654
798653
798652
798651
798650
798649
798648
798647
798646
798645
798644
798643
798642
798641
798640
798638
798637
798636
798635
798634
798632
798630
798629
798628
798627
798626
798625
798624
798622
798621
798620
798619
798618
798617
798616
