903520
903528
903518
903544
903543
903541
903433
903431
903521
903008
903185
903184
903107
903106
903105
903104
902972
903420
903340
903341
903349
903382
903394
903438
903445
903537
903539
903418
903218
903417
903512
903504
903416
903306
903224
903141
903139
903143
903150
903149
903146
903411
903308
903217
903533
903408
903410
903538
903500
903510
903304
903216
903529
903412
903302
903147
903138
903142
903409
903215
903148
903140
903137
903182
903070
903095
903067
902994
903506
903527
903626
903625
903618
903617
903616
903615
903614
903613
903612
903604
903603
903387
903388
903602
903601
903597
903596
903594
903593
903591
903391
903575
903573
903572
903498
903194
903195
903632
903631
903641
903640
903639
903638
903637
903636
903634
903633
903630
903629
903627
903624
903623
903622
903621
903620
903619
903611
903610
903609
903608
903607
903606
903599
903598
903590
903589
903588
903587
903586
903585
903584
903581
903580
903579
903578
903577
903576
903574
903571
903570
903569
903568
903567
903566
903565
903564
903563
903562
903561
903560
903559
903558
903557
903556
903555
903554
903553
903552
903551
903550
903549
903548
903547
903546
903545
903542
903540
903536
903535
903534
903532
903531
903530
903526
903525
903524
903522
903519
903517
903516
903515
903514
903513
903511
903509
903508
903505
903503
903502
903501
903499
903497
903496
903495
903494
903493
903492
903491
903490
903489
903488
903487
903486
903485
903484
903483
903482
903481
903480
903479
903478
903477
903476
903474
903475
903473
903472
903471
903470
903469
903468
903467
903466
903465
903464
903463
903462
903461
903460
903459
903458
903457
903456
903455
903454
903453
903452
903451
903450
903449
903448
903447
903444
903443
903442
903441
903440
903437
903436
903435
903434
903432
903430
903429
903428
903427
903426
903425
903424
903423
903422
903421
903419
903415
903414
903413
903407
903406
903405
903404
903403
903402
903401
903400
903399
903398
903397
903396
903395
903393
903392
903390
903389
903386
903384
903383
903380
903379
903378
903377
903376
903375
903374
903373
903372
903371
903370
903369
903368
903367
903366
903364
903363
903362
903361
903359
903358
903357
903356
903355
903354
903350
903348
903347
903346
903345
903344
903343
903342
903338
903337
903336
903335
903334
903333
903331
903330
903329
903328
903327
903325
903324
903323
903322
903321
903320
903319
903318
903317
903316
903315
903314
903313
903312
903311
903310
903309
903307
903305
903303
903301
903300
903299
903297
903296
903295
903294
903293
903292
903291
903290
903289
903288
903287
903286
903285
903284
903283
903282
903281
903280
903279
903278
903277
903276
903275
903274
903273
903272
903271
903270
903269
903268
903267
903266
903265
903264
903263
903262
903260
903259
903258
903257
903256
903255
903253
903252
903251
903250
903248
903247
903246
903245
903244
903243
903242
903241
903240
903238
903237
903236
903235
903234
903233
903232
903231
903230
903227
903226
903225
903229
903228
903223
903222
903221
903220
903219
903214
903213
903212
903211
903210
903209
903208
903207
903206
903205
903204
903203
903202
903201
903200
903199
903198
903197
903196
903193
903192
903191
903190
903189
903188
903187
903186
903183
903181
903180
903178
903177
903176
903175
903174
903173
903172
903171
903170
903169
903168
903167
903166
903165
903164
903163
903162
903161
903160
903159
903158
903157
903156
903155
903154
903153
903152
903151
903145
903144
903136
903135
903134
903133
903132
903131
903130
903129
903128
903127
903126
903125
903124
903123
903122
903121
903120
903119
903118
903117
903115
903114
903113
903112
903111
903110
903109
903108
903103
903102
903101
903100
903099
903098
903097
903096
903094
903093
903092
903091
903090
903089
903088
903087
903086
903085
903084
903083
903082
903081
903080
903079
903078
903077
903076
903075
903074
903073
903072
903071
903069
903068
903066
903065
903063
903062
903061
903060
903059
903058
903057
903056
903055
903054
903053
903052
903051
903050
903049
903048
903047
903046
903045
903044
903043
903042
903041
903040
903039
903038
903037
903036
903035
903034
903033
903032
903031
903030
903029
903028
903027
903026
903025
903024
903023
903022
903021
903020
903019
903018
903017
903016
903015
903014
903013
903012
903011
903010
903009
903007
903006
903005
903004
903003
903001
903000
902999
902998
902997
902996
902995
902993
902992
902990
902989
902987
902986
902985
902984
902983
902982
902981
902980
902979
902977
902976
902975
902971
