766198
766199
766200
766201
766202
766203
766204
766205
766206
766208
766209
766244
766107
766104
766102
766228
765975
765976
766106
766103
766223
765980
766105
765979
765974
765887
765897
765902
765983
765989
765990
766034
766065
766126
766030
766027
766026
766024
766023
766022
766021
766020
766019
766017
766016
766015
766226
766243
766046
766045
766117
766116
766115
765948
765954
765950
765949
765953
765956
765959
766084
766259
766258
766257
766256
766255
766254
766253
766252
766251
766250
766249
766248
766247
766246
766245
766242
766241
766240
766239
766238
766237
766236
766235
766234
766232
766231
766229
766225
766224
766221
766220
766219
766218
766217
766216
766215
766214
766213
766197
766196
766195
766194
766193
766212
766211
766210
766207
766192
766191
766190
766189
766188
766187
766186
766185
766183
766182
766181
766180
766179
766178
766184
766177
766176
766175
766174
766173
766172
766171
766170
766169
766168
766167
766165
766164
766163
766162
766161
766160
766159
766158
766156
766154
766153
766152
766151
766157
766155
766150
766149
766145
766144
766143
766142
766141
766140
766139
766138
766137
766136
766135
766134
766133
766132
766131
766129
766128
766127
766125
766124
766123
766122
766121
766120
766119
766118
766114
766113
766112
766111
766110
766101
766109
766108
766100
766099
766098
766097
766095
765955
765957
765958
765952
765951
766094
766092
766091
766090
766089
766088
766087
766086
766085
766083
766082
766081
766080
766079
766078
766077
766076
766075
766074
766073
766072
766071
766070
766069
766068
766067
766066
766064
766063
766062
766061
766060
766059
766058
766056
766055
766054
766053
766052
766051
766050
766049
766048
766047
766044
766043
766042
766041
766040
766039
766038
766037
766036
766035
766033
766032
766031
766029
766028
766025
766014
766013
766012
766011
766010
766009
766007
766006
766005
766004
766003
766002
766001
766000
765999
765998
765997
765996
765995
765994
765993
765992
765988
765987
765986
765985
765984
765982
765981
765978
765977
765973
765972
765971
765970
765969
765968
765967
765966
765965
765964
765963
765962
765961
765960
765947
765946
765945
765944
765943
765942
765940
765939
765938
765937
765936
765935
765934
765933
765931
765930
765929
765927
765926
765925
765924
765923
765922
765921
765920
765919
765918
765917
765916
765915
765914
765913
765911
765910
765909
765908
765907
765906
765905
765904
765903
765900
765899
765898
765896
765895
765894
765893
765892
765891
765890
765889
765888
765886
765885
