750207
750208
750211
750214
750212
750396
750395
750307
750301
750418
750402
750456
750467
750473
750475
750476
750477
750478
750420
750293
750400
750411
750419
750304
750313
750401
750397
750393
750310
750292
750308
750303
750300
750181
750187
750184
750167
750314
750306
750186
750174
750170
750169
750176
750190
750179
750171
750178
750168
750192
750185
750175
750172
750180
750177
750189
750495
750492
750491
750490
750489
750488
750487
750486
750485
750484
750483
750482
750481
750480
750479
750472
750471
750470
750469
750468
750466
750465
750464
750463
750462
750461
750460
750459
750458
750457
750455
750454
750194
750236
750244
750287
750290
750291
750451
750450
750449
750448
750447
750446
750445
750444
750443
750319
750318
750317
750316
750315
750442
750441
750440
750439
750438
750437
750436
750435
750434
750433
750432
750431
750430
750429
750428
750427
750425
750424
750423
750422
750421
750417
750416
750415
750414
750413
750412
750409
750408
750407
750406
750405
750404
750403
750398
750392
750391
750390
750389
750388
750387
750386
750385
750384
750383
750382
750381
750380
750379
750378
750376
750375
750374
750373
750372
750371
750370
750369
750368
750367
750366
750215
750216
750217
750365
750326
750327
750328
750329
750330
750331
750332
750333
750334
750335
750336
750337
750338
750339
750340
750341
750342
750344
750345
750346
750347
750348
750350
750352
750358
750359
750362
750364
750363
750361
750360
750357
750356
750354
750353
750351
750349
750343
750325
750324
750323
750322
750321
750320
750312
750311
750309
750305
750302
750299
750298
750297
750296
750295
750294
750289
750288
750286
750285
750284
750283
750282
750281
750280
750279
750278
750277
750276
750275
750274
750273
750272
750271
750270
750269
750268
750267
750266
750265
750264
750263
750262
750261
750260
750259
750258
750257
750256
750255
750254
750253
750252
750251
750250
750249
750248
750247
750246
750245
750243
750241
750240
750238
750234
750233
750232
750231
750230
750229
750228
750227
750226
750225
750224
750223
750222
750221
750220
750219
750218
750213
750210
750209
750206
750205
750204
750203
750202
750201
750200
750199
750198
750197
750196
750195
750193
750191
750188
750183
750173
750166
750165
750164
750163
750162
750161
750160
750159
750158
750157
750156
750155
