854682
854355
854489
854497
854518
854569
854648
854661
854665
854552
854689
854692
854747
854482
854685
854635
854516
854466
854461
854660
854643
854585
854589
854474
854477
854664
854593
854713
854734
854725
854728
854551
854495
854472
854723
854721
854735
854727
854726
854712
854662
854659
854642
854633
854584
854445
854436
854428
854423
854419
854415
854412
854404
854400
854547
854513
854469
854603
854602
854601
854600
854350
854349
854348
854347
854346
854733
854587
854491
854631
854514
854592
854479
854476
854470
854473
854546
854583
854464
854460
854732
854724
854710
854641
854632
854444
854439
854427
854422
854420
854414
854410
854403
854398
854742
854730
854625
854545
854512
854462
854640
854709
854443
854437
854426
854421
854416
854413
854405
854402
854696
854442
854435
854409
854401
854399
854340
854285
854287
854294
854279
854276
854264
854266
854273
854268
854274
854277
854296
854303
854305
854324
854341
854338
854286
854299
854304
854282
854265
854302
854337
854275
854278
854267
854301
854290
854306
854269
854270
854283
854459
854336
854335
854334
854333
854332
854331
854750
854749
854748
854746
854744
854741
854740
854738
854737
854736
854731
854729
854720
854719
854706
854703
854705
854704
854718
854717
854716
854715
854714
854711
854702
854701
854700
854698
854697
854708
854707
854699
854695
854694
854693
854691
854690
854688
854687
854686
854684
854683
854681
854680
854679
854678
854677
854676
854675
854674
854673
854672
854671
854669
854668
854667
854663
854658
854657
854656
854655
854654
854653
854652
854651
854650
854649
854647
854646
854645
854644
854639
854638
854637
854636
854634
854630
854629
854628
854627
854626
854624
854623
854622
854621
854620
854619
854618
854617
854616
854615
854614
854613
854612
854610
854609
854608
854607
854606
854605
854599
854598
854595
854591
854590
854588
854586
854582
854581
854580
854579
854578
854577
854576
854574
854573
854572
854570
854568
854567
854566
854565
854564
854563
854562
854561
854560
854559
854558
854557
854556
854555
854554
854550
854549
854548
854544
854543
854542
854541
854540
854537
854535
854539
854538
854536
854534
854533
854532
854531
854530
854529
854528
854525
854524
854523
854522
854521
854520
854519
854517
854515
854510
854508
854507
854506
854505
854504
854503
854502
854501
854500
854499
854498
854496
854494
854493
854492
854490
854488
854487
854486
854485
854484
854483
854481
854480
854478
854475
854471
854468
854467
854465
854463
854457
854456
854455
854454
854453
854452
854451
854450
854449
854448
854447
854441
854440
854438
854434
854433
854432
854431
854430
854429
854425
854424
854418
854417
854411
854408
854407
854406
854397
854396
854395
854394
854393
854392
854391
854390
854389
854388
854387
854386
854385
854384
854383
854382
854381
854380
854379
854378
854377
854376
854375
854374
854373
854372
854371
854370
854369
854368
854367
854366
854365
854364
854363
854362
854361
854360
854359
854358
854357
854356
854354
854353
854352
854351
854345
854344
854343
854342
854339
854330
854329
854328
854327
854326
854325
854322
854321
854320
854319
854318
854317
854316
854315
854314
854313
854312
854311
854310
854309
854308
854307
854300
854298
854297
854295
854293
854292
854291
854289
854288
854284
854281
854272
854271
854263
854261
854260
854259
854258
854257
854256
854255
