934221
934219
934085
934102
934109
934114
934274
934263
934159
934155
934144
934141
934133
934099
934090
934223
934222
934220
934088
934091
934275
934149
934146
934132
934082
934053
934119
934124
934074
933900
933913
934264
934150
934157
934143
934139
934128
934121
934118
934104
934087
934101
934080
934073
934048
934040
934034
933997
933994
933990
933978
934051
934076
933985
934089
934100
934120
934117
934130
934156
934154
933980
933984
934075
933975
933969
934078
934077
933968
934055
934043
934000
933989
934147
934142
934136
934129
934116
934122
934103
934094
934086
934072
934050
934047
934041
933999
933987
933973
933967
934035
934033
933996
933992
933983
933977
933971
933966
934165
934164
934207
934206
934203
934292
934291
934290
934036
934037
934210
934208
934209
934289
934288
934287
934276
934005
934006
934007
934273
934272
934271
934270
934269
934268
934267
934266
934265
934262
934261
934260
934259
934258
934257
934256
934255
934254
934253
934252
934251
934249
934244
934243
934242
934240
934239
934238
934237
934235
934233
934232
934230
934229
934226
934225
934216
934214
934213
934211
934205
934201
934200
934198
934197
934196
934195
934194
934192
934191
934190
934189
934188
934185
934184
934183
934181
934180
934179
934178
934177
934176
934175
934174
934173
934172
934171
934169
934168
934167
934166
934162
934161
934160
934158
934148
934145
934140
934137
934134
934131
934126
934123
934093
934092
934084
934071
934070
934069
934068
934067
934066
934065
934064
934063
934062
934061
934060
934059
934057
934056
934054
934052
934049
934046
934044
934042
934039
934038
934032
934031
934030
934029
934028
934027
934026
934002
934003
934016
934004
934023
934013
934011
934019
934020
934022
934018
934024
934025
934017
934021
934009
934008
934010
934015
934014
934012
934001
933995
933993
933991
933988
933986
933982
933979
933976
933965
933970
933974
933972
933964
933963
933962
933959
933957
933956
933955
933954
933951
933950
933949
933948
933947
933946
933945
933944
933943
933942
933941
933940
933939
933938
933937
933936
933933
933932
933931
933930
933929
933928
933926
933925
933924
933923
933922
933921
933920
933919
933918
933917
933915
933914
933912
933911
933910
933909
933908
933907
933905
933904
933903
933902
933901
933899
933898
933897
933896
933895
933894
933893
933892
933891
933890
933889
933888
933881
933880
933879
933878
933877
933876
933875
933874
933873
