903986
903984
903991
903990
903989
903988
903982
903979
903977
903976
903824
903826
903828
903832
903833
903843
903849
903852
903859
903860
903861
903862
903863
903865
903945
903937
903763
903752
903909
903901
903894
903876
903935
903895
903875
903908
903902
903757
903944
903907
903900
903890
903874
903767
903794
903759
903933
903903
903906
903898
903893
903934
903905
903886
903795
903768
903760
903758
903751
903750
903888
903793
903873
903756
903891
903749
903762
903792
903904
903887
903879
903881
903882
903929
903932
903931
903930
903914
903918
903917
903916
903885
903884
903883
903921
903920
903919
904016
904014
904013
904012
904005
904004
904011
904010
904009
904008
904007
904003
904002
904001
904000
904015
903766
903769
904035
904034
904033
904032
904031
904030
904029
904028
904027
904026
904025
904024
904023
904022
904018
904017
904006
903999
903998
903997
903996
903995
903994
903993
903992
903987
903985
903983
903981
903978
903974
903973
903972
903971
903970
903969
903968
903967
903966
903964
903962
903961
903960
903959
903958
903957
903956
903955
903954
903953
903951
903950
903949
903948
903952
903947
903946
903943
903942
903941
903940
903939
903938
903927
903924
903923
903922
903915
903913
903912
903911
903910
903899
903897
903896
903880
903877
903892
903889
903878
903871
903870
903869
903868
903867
903864
903858
903857
903856
903855
903854
903853
903851
903850
903848
903847
903846
903845
903844
903842
903841
903840
903839
903838
903837
903836
903835
903834
903831
903830
903829
903827
903823
903822
903821
903820
903819
903818
903817
903815
903813
903812
903811
903810
903809
903808
903807
903806
903804
903802
903801
903800
903799
903798
903797
903796
903791
903790
903789
903788
903787
903786
903785
903784
903783
903782
903781
903780
903779
903777
903776
903775
903774
903772
903773
903771
903770
903765
903764
903761
903755
903754
903753
903748
903747
903746
903745
903744
903743
903742
903741
903740
903739
903738
903737
903736
903735
903734
903732
903731
903730
903729
903728
903727
903726
903725
903724
903723
903722
903721
903720
903719
903718
903716
903715
903714
903713
903711
903710
903709
903708
903707
903706
903705
903704
903703
903702
903701
903700
903699
903698
903697
903696
903695
903694
903693
903692
903691
903690
903689
903688
903687
903686
903685
903684
903683
903682
903681
903680
903679
903678
903677
903676
903675
903674
903673
903672
903671
903670
903669
903668
903667
903666
903665
903663
903662
903647
903648
903649
903650
903651
903652
903653
903654
903655
903657
903658
903659
903660
903661
903656
903644
903642
