899528
899499
899498
899501
899497
899496
899504
899503
899502
899495
899494
899491
899490
899500
899493
899492
899476
899475
899474
899473
899472
899481
899480
899479
899443
899442
899456
899461
899460
899466
899465
899489
899488
899487
899483
899482
899471
899470
899469
899468
899467
899455
899454
899453
899449
899448
899486
899485
899484
899478
899477
899452
899451
899450
899419
899420
899464
899463
899462
899459
899458
899457
899439
899437
899435
899433
899432
899427
899416
899415
899431
899430
899429
899418
899417
899397
899395
899394
899393
899770
899778
899780
899775
899702
899698
899696
899694
899692
899691
899711
899708
899707
899772
899771
899785
899784
899446
899423
899783
899782
899781
899359
899777
899779
899344
899342
899769
899776
899717
899714
899718
899713
899565
899562
899547
899340
899361
899364
899383
899570
899569
899602
899613
899671
899712
899751
899754
899627
899626
899624
899616
899663
899710
899701
899664
899623
899603
899628
899752
899615
899709
899608
899670
899591
899596
899614
899747
899625
899668
899620
899703
899600
899595
899705
899665
899607
899592
899522
899519
899521
899520
899366
899438
899441
899436
899374
899373
899372
899787
899786
899766
899765
899764
899763
899762
899761
899699
899697
899695
899693
899690
899689
899688
899760
899759
899758
899757
899756
899755
899753
899750
899749
899748
899746
899745
899744
899743
899742
899741
899740
899739
899738
899737
899736
899735
899734
899733
899732
899731
899730
899729
899728
899727
899726
899725
899724
899723
899722
899720
899721
899719
899716
899371
899370
899706
899704
899687
899686
899685
899684
899683
899682
899681
899680
899679
899678
899677
899676
899675
899674
899673
899672
899669
899666
899661
899659
899658
899653
899652
899651
899649
899648
899647
899646
899645
899642
899641
899640
899639
899638
899637
899636
899635
899633
899632
899631
899630
899629
899622
899621
899619
899618
899617
899612
899611
899610
899609
899606
899605
899604
899601
899598
899597
899594
899593
899590
899589
899588
899587
899586
899585
899584
899582
899581
899580
899579
899578
899577
899576
899575
899574
899573
899572
899571
899568
899567
899566
899564
899563
899561
899559
899558
899557
899556
899555
899554
899553
899552
899551
899550
899549
899548
899545
899544
899543
899542
899541
899540
899539
899538
899537
899536
899535
899534
899533
899532
899531
899530
899529
899527
899526
899524
899525
899523
899518
899517
899516
899515
899514
899512
899511
899510
899509
899508
899507
899506
899505
899447
899445
899444
899440
899434
899428
899426
899425
899424
899422
899421
899414
899413
899412
899411
899410
899409
899408
899407
899406
899405
899404
899403
899402
899401
899400
899399
899398
899392
899391
899390
899389
899388
899387
899386
899385
899384
899382
899381
899380
899379
899378
899377
899376
899375
899367
899365
899363
899362
899360
899358
899357
899356
899355
899354
899353
899352
899351
899350
899349
899348
899347
899346
899343
899341
899339
899338
899337
899336
899335
899334
899333
