833287
833285
833527
833652
833523
833624
833271
833342
833343
833344
833421
833423
833373
833650
833649
833520
833679
833622
833555
833392
833462
833623
833677
833618
833487
833461
833391
833653
833616
833516
833556
833672
833620
833486
833460
833390
833610
833619
833670
833485
833459
833484
833458
833389
833514
833388
833647
833645
833699
833698
833694
833731
833730
833728
833727
833726
833725
833724
833721
833720
833719
833715
833712
833703
833700
833697
833696
833695
833693
833692
833691
833690
833688
833723
833722
833718
833716
833714
833713
833710
833708
833707
833706
833689
833687
833686
833685
833684
833543
833544
833546
833547
833548
833549
833551
833552
833554
833557
833558
833559
833560
833561
833569
833571
833572
833573
833574
833575
833577
833578
833580
833581
833592
833593
833596
833597
833598
833599
833735
833734
833717
833711
833709
833705
833704
833702
833732
833683
833682
833681
833680
833678
833676
833675
833674
833673
833671
833669
833668
833667
833666
833665
833664
833663
833662
833661
833660
833659
833658
833657
833656
833655
833654
833642
833640
833639
833638
833651
833648
833646
833644
833637
833636
833635
833634
833633
833632
833631
833630
833629
833627
833626
833625
833621
833617
833615
833614
833613
833612
833609
833608
833607
833606
833605
833604
833603
833601
833595
833590
833589
833588
833586
833583
833582
833579
833576
833568
833566
833565
833564
833563
833562
833553
833550
833545
833542
833541
833540
833539
833538
833537
833536
833535
833534
833533
833532
833531
833530
833529
833528
833525
833524
833522
833521
833519
833518
833517
833515
833513
833512
833511
833510
833509
833508
833507
833506
833505
833503
833499
833498
833496
833495
833494
833492
833491
833490
833489
833488
833482
833481
833480
833479
833478
833477
833475
833474
833473
833472
833471
833470
833469
833468
833467
833466
833465
833464
833463
833457
833456
833455
833454
833453
833452
833451
833450
833449
833448
833447
833446
833445
833444
833443
833442
833441
833440
833439
833438
833437
833436
833435
833434
833433
833432
833431
833429
833428
833427
833426
833425
833420
833419
833418
833417
833416
833415
833414
833413
833412
833411
833410
833409
833408
833407
833406
833405
833404
833402
833401
833400
833399
833398
833397
833396
833395
833394
833393
833387
833386
833385
833384
833383
833382
833381
833380
833379
833378
833377
833376
833375
833374
833372
833371
833370
833369
833368
833367
833366
833365
833364
833363
833362
833361
833360
833359
833358
833354
833353
833352
833351
833350
833349
833348
833346
833345
833341
833340
833339
833338
833337
833336
833335
833334
833333
833332
833331
833330
833329
833328
833327
833318
833319
833320
833321
833322
833323
833325
833324
833317
833316
833315
833314
833313
833312
833311
833309
833308
833307
833306
833305
833304
833301
833300
833299
833298
833297
833296
833295
833294
833293
833291
833290
833289
833288
833284
833283
833282
833281
833280
833279
833278
833277
833276
833275
833274
833273
833270
833269
833268
833267
833266
833265
833264
833262
833261
833260
833259
833258
833257
833256
833255
833254
833253
833252
833251
833250
833249
833248
833247
833246
833245
833244
