906429
906426
906439
906438
906478
906628
906627
906626
906427
906420
906419
906422
906479
906503
906498
906502
906496
906501
906493
906500
906492
906721
906716
906537
906450
906412
906499
906491
906569
906573
906572
906571
906570
906454
906470
906646
906645
906644
906643
906642
906641
906637
906638
906639
906640
906724
906722
906717
906715
906714
906713
906712
906711
906710
906709
906708
906707
906706
906705
906704
906703
906702
906701
906700
906699
906698
906697
906696
906695
906694
906693
906692
906691
906690
906689
906688
906687
906686
906685
906684
906683
906682
906681
906680
906679
906678
906677
906676
906675
906674
906673
906672
906671
906670
906669
906668
906667
906666
906665
906664
906663
906662
906661
906660
906659
906658
906657
906656
906655
906654
906653
906652
906651
906650
906649
906648
906647
906636
906635
906625
906624
906623
906622
906621
906620
906619
906618
906617
906616
906615
906614
906613
906612
906611
906610
906609
906608
906607
906606
906604
906603
906602
906601
906600
906599
906597
906596
906595
906594
906593
906592
906591
906590
906589
906588
906587
906586
906585
906584
906583
906582
906581
906580
906579
906578
906576
906575
906574
906568
906567
906566
906565
906563
906562
906561
906560
906559
906558
906557
906556
906555
906554
906553
906551
906550
906549
906548
906547
906546
906545
906544
906543
906542
906541
906540
906539
906538
906536
906535
906534
906533
906532
906531
906530
906529
906528
906526
906525
906524
906523
906522
906521
906520
906519
906518
906517
906516
906515
906514
906513
906512
906511
906510
906509
906508
906507
906506
906505
906504
906497
906494
906490
906489
906488
906487
906486
906485
906484
906483
906482
906481
906480
906477
906476
906475
906474
906473
906472
906471
906469
906468
906467
906466
906465
906464
906463
906462
906461
906460
906459
906458
906457
906455
906453
906451
906449
906448
906447
906446
906445
906444
906443
906442
906441
906440
906436
906432
906425
906424
906423
906421
906418
906417
906416
906415
906414
906413
906411
906410
906409
906408
