735582
735610
735579
735578
735614
735613
735612
735466
735402
735400
735475
735469
735478
735581
735580
735583
735434
735432
735464
735477
735463
735577
735465
735459
735461
735423
735424
735425
735284
735306
735307
735342
735422
735426
735443
735447
735494
735497
735501
735551
735360
735359
735358
735357
735620
735619
735618
735617
735616
735615
735611
735609
735608
735607
735606
735605
735604
735603
735602
735601
735600
735599
735598
735597
735596
735595
735594
735593
735592
735591
735590
735589
735588
735587
735586
735585
735584
735345
735576
735575
735574
735573
735572
735571
735569
735568
735567
735566
735565
735564
735563
735562
735561
735560
735559
735558
735555
735554
735553
735552
735550
735549
735548
735547
735546
735545
735544
735543
735542
735541
735540
735539
735538
735537
735535
735534
735533
735532
735531
735530
735529
735528
735527
735526
735525
735524
735523
735522
735521
735520
735519
735518
735517
735516
735515
735514
735513
735512
735511
735510
735509
735507
735506
735505
735504
735503
735502
735500
735499
735498
735496
735495
735493
735492
735491
735490
735489
735488
735487
735486
735485
735484
735483
735482
735481
735480
735476
735474
735473
735472
735471
735470
735468
735462
735460
735458
735456
735455
735453
735452
735451
735450
735449
735448
735446
735445
735444
735442
735278
735280
735281
735282
735441
735440
735438
735439
735436
735435
735433
735431
735430
735429
735428
735427
735420
735419
735418
735417
735416
735415
735414
735413
735412
735411
735410
735409
735408
735407
735406
735405
735404
735403
735401
735399
735398
735397
735396
735395
735394
735393
735392
735391
735389
735388
735387
735386
735385
735384
735383
735382
735381
735380
735379
735378
735377
735376
735375
735374
735373
735372
735371
735370
735369
735368
735367
735366
735365
735364
735363
735362
735361
735356
735355
735354
735353
735352
735351
735350
735349
735347
735346
735344
735343
735341
735340
735339
735338
735337
735336
735335
735333
735332
735331
735329
735324
735322
735321
735320
735319
735317
735316
735315
735314
735313
735312
735309
735308
735305
735304
735303
735302
735301
735300
735299
735298
735297
735296
735295
735294
735293
735292
735291
735290
735289
735288
735285
735287
735286
735283
735279
735277
735276
735275
735274
735273
735272
735271
735270
735269
735268
