871983
871982
872387
872386
872384
872383
872343
872334
872315
872307
872296
872009
872003
872001
871990
871989
871988
871987
872237
872238
872206
872205
872262
872271
872231
872219
872240
872241
872300
872264
872183
872179
872173
872174
872178
872189
872188
872292
872306
872234
872233
872177
872175
872192
872190
872311
872277
872114
872130
872243
872244
872285
872314
872068
872111
872092
872056
872066
872113
872090
872063
872052
872129
872110
872112
872091
872064
872050
872108
872088
872053
872106
872049
872062
872087
872105
872420
872279
872276
872275
872273
872269
872265
872256
872252
872251
872250
872248
872247
872245
872236
872242
872239
872235
872232
872284
872282
871964
871961
871959
871957
872094
872093
871997
871996
871994
871998
871993
871995
871992
871991
871941
871946
872061
872076
872080
872117
872176
871915
872419
872416
872412
872402
872411
872410
872409
872408
872407
872406
872405
872403
872401
872399
872397
872395
872394
872393
872392
872391
872390
872388
872379
872378
872377
872376
872375
872374
872373
871950
871947
871945
872372
872371
872370
872369
872368
872283
871935
871938
871939
872246
872249
872263
872351
872333
872327
872325
872322
872320
872318
872316
872313
872312
872309
872308
872305
872304
872303
872302
872301
872299
872298
872294
872293
872291
872443
872442
872441
872440
872438
872439
872437
872436
872435
872434
872433
872432
872430
872429
872428
872427
872425
872424
872431
872426
872423
872422
872421
872418
872417
872415
872414
872413
872404
872400
872398
872396
872385
872382
872381
872380
872367
872366
872365
872364
872363
872362
872361
872360
872359
872358
872357
872356
872355
872354
872353
872352
872350
872349
872348
872347
872346
872345
872344
872342
872341
872340
872339
872338
872337
872336
872335
872332
872331
872330
872328
872326
872324
872323
872321
872319
872317
872310
872297
872295
872290
872289
872288
872287
872286
872281
872280
872278
872274
872272
872270
872268
872267
872266
872261
872260
872259
872258
872257
872255
872254
872253
872230
872229
872228
872227
872226
872225
872224
872223
872222
872221
872220
872218
872217
872216
872215
872214
872213
872212
872211
872210
872209
872208
872207
872204
872203
872202
872201
872200
872199
872198
872197
872196
872195
872193
872191
872187
872186
872185
872184
872182
872181
872180
872172
872171
872170
872169
872168
872167
872166
872165
872164
872163
872162
872161
872160
872159
872158
872157
872156
872155
872154
872153
872152
872151
872150
872149
872148
872147
872144
872143
872142
872141
872140
872139
872138
872137
872136
872135
872134
872133
872132
872131
872128
872127
872126
872125
872124
872123
872122
872121
872120
872119
872118
872115
872109
872104
872103
872101
872100
872099
872098
872097
872096
872095
872089
872086
872085
872084
872083
872082
872081
872079
872077
872075
872074
872073
872072
872071
872070
872069
872067
872065
872060
872059
872058
872057
872055
872054
872051
872048
872047
872046
872045
872044
872043
872042
872041
872040
872038
872037
872036
872035
872034
872033
872032
872031
872030
872029
872028
872027
872026
872025
872024
872023
872022
872021
872020
872019
872018
872017
872016
872015
872014
872013
872012
872011
872010
872008
872007
872006
872005
872002
872000
871999
871986
871985
871980
871979
871975
871970
871974
871971
871973
871972
871969
871968
871967
871966
871965
871963
871962
871960
871958
871955
871954
871953
871952
871951
871949
871944
871943
871942
871940
871937
871936
871934
871933
871932
871930
871929
871931
871928
871927
871926
871925
871924
871923
871922
871921
871920
871919
871918
871917
871916
871914
871913
871912
