910985
910867
910859
910853
910645
910991
910989
910641
910643
911014
910960
910939
911066
911060
910950
910917
910913
910911
910909
910908
910895
910891
911057
911019
910955
910904
911040
911033
910978
910973
910929
910897
911018
911012
910949
911061
911055
911046
911039
911010
911049
911044
911043
911027
911026
910903
910902
910898
911045
911042
911011
911007
910986
910962
910959
910938
910752
911034
911030
911025
911024
911023
911020
910995
910845
910746
910698
910692
910754
911017
911009
910987
910967
910980
910977
910963
910927
910926
910747
910697
910696
911078
911077
911076
911075
911073
911072
911071
911070
911068
911067
911022
910957
910954
910953
910952
910936
910934
910930
910844
910745
910693
910969
910972
910947
910944
910933
910919
910916
910915
910751
910744
910690
911006
911000
910998
910996
910907
910900
910896
910942
910941
910940
910923
910922
910921
910893
910892
910890
910889
910887
910886
910884
910753
910743
910691
910750
910742
910689
910629
910627
910626
910625
910624
910623
910621
910620
910619
910618
910613
910612
910610
910628
910606
910774
910773
910769
910768
910492
910635
910634
910633
910632
910631
910630
910767
911088
911087
911086
911085
911084
911083
911082
911081
911080
911079
911074
911069
911065
911064
911063
911062
911059
911058
911056
911054
911053
911052
911051
911050
911048
911047
911041
911038
911037
911036
911035
911032
911031
911029
911028
911021
911015
911013
910617
910616
910615
910614
910611
910609
910608
910607
911008
911005
911004
911003
911002
911001
910999
910997
910994
910992
910990
910983
910982
910976
910974
910970
910968
910966
910964
910961
910958
910956
910951
910948
910946
910945
910943
910937
910935
910932
910931
910928
910925
910924
910920
910918
910914
910912
910910
910906
910905
910901
910899
910894
910888
910885
910883
910882
910881
910880
910879
910878
910877
910876
910875
910874
910873
910872
910871
910870
910869
910868
910866
910865
910864
910863
910862
910861
910860
910858
910857
910856
910855
910854
910852
910851
910850
910849
910848
910847
910846
910843
910842
910841
910840
910839
910838
910837
910836
910835
910834
910833
910832
910831
910830
910829
910828
910827
910826
910825
910824
910823
910822
910821
910820
910819
910818
910817
910816
910815
910814
910813
910812
910811
910810
910809
910808
910807
910803
910802
910801
910800
910799
910798
910797
910796
910795
910794
910793
910792
910791
910790
910789
910788
910787
910786
910785
910784
910783
910782
910781
910780
910776
910766
910762
910761
910760
910758
910757
910756
910755
910749
910748
910741
910739
910738
910737
910736
910735
910734
910733
910732
910731
910685
910730
910729
910728
910727
910726
910725
910724
910723
910722
910721
910720
910719
910718
910717
910716
910715
910714
910713
910712
910711
910710
910709
910708
910707
910706
910705
910704
910703
910702
910701
910700
910699
910695
910694
910682
910681
910680
910679
910678
910677
910676
910675
910674
910672
910671
910670
910669
910668
910667
910666
910665
910664
910663
910662
910661
910660
910659
910658
910657
910656
910655
910654
910653
910652
910651
910650
910649
910648
910647
910644
910642
910640
910639
910638
910637
910636
910622
910605
910604
910603
910602
910601
910599
910598
910597
910596
910595
910594
910593
910592
910591
910590
910589
910587
910588
910586
910585
910584
910583
910582
910581
910580
910578
910577
910576
910575
910574
910573
910572
910571
910570
910569
910568
910566
910565
910564
910563
910562
910561
910560
910559
910558
910557
910556
910555
910553
910551
910550
910549
910548
910547
910546
910545
910544
910543
910542
910541
910540
910539
910538
910537
910536
910535
910534
910533
910532
910531
910530
910529
910528
910527
910526
910525
910524
910523
910522
910521
910520
910519
910518
910517
910516
910515
910514
910513
910512
910511
910510
910509
910508
910507
910506
910505
910504
910503
910502
910501
910500
910499
910498
910497
910496
910495
910494
910493
910490
910486
910484
910483
910481
910480
910478
