767002
767026
767030
767028
767019
767013
767012
767022
767010
767004
766690
766689
766687
766771
766759
766753
766752
766824
766823
766819
766767
766762
767020
767015
766822
766818
767018
767014
767011
766766
766838
766821
766820
766757
766754
766751
766763
766761
766758
766756
766750
766717
766983
766998
766696
766697
766698
766701
767025
766909
766910
766911
766912
766913
766914
766915
766916
766917
766918
766919
766920
766921
766922
766923
766924
766925
766927
766928
766929
766930
766931
766932
766933
766934
766935
766936
766937
766938
766939
766940
766941
766942
766943
766944
766945
766946
766947
766949
766950
766951
766952
766953
766954
766955
766908
766907
766906
766905
766904
766903
766902
766901
766900
766899
766898
766897
766896
766895
766894
766893
766892
766891
766890
766889
766888
766887
766886
766885
766884
766883
766882
766881
766880
766879
766878
766877
766876
766875
766874
767053
767054
767052
767051
767055
767050
767049
767048
767047
767046
767045
767044
767043
767042
767040
767039
767038
767037
767041
767034
767033
767032
767031
767029
767021
767017
767016
766989
766988
767009
767008
767007
767006
767005
767003
766839
766840
766841
767000
766999
766997
766996
766995
766994
766993
766992
766991
766990
766986
766984
766982
766980
766979
766978
766977
766976
766975
766974
766973
766972
766971
766970
766969
766968
766967
766966
766965
766964
766963
766962
766961
766960
766959
766958
766957
766956
766948
766842
766844
766926
766873
766872
766871
766870
766869
766868
766867
766866
766865
766864
766863
766861
766860
766859
766858
766857
766856
766855
766853
766852
766851
766850
766849
766848
766847
766846
766845
766843
766837
766836
766835
766834
766833
766832
766831
766830
766829
766828
766827
766826
766825
766817
766816
766807
766806
766815
766814
766813
766812
766811
766810
766809
766808
766805
766803
766802
766801
766800
766799
766798
766797
766796
766795
766794
766793
766792
766791
766790
766789
766788
766787
766786
766785
766784
766783
766782
766781
766780
766779
766778
766777
766776
766775
766774
766773
766772
766770
766769
766768
766765
766764
766760
766755
766749
766748
766747
766746
766745
766744
766743
766742
766741
766740
766739
766738
766737
766736
766735
766734
766733
766731
766730
766729
766728
766727
766725
766724
766723
766722
766716
766715
766714
766713
766712
766711
766710
766709
766708
766707
766706
766705
766704
766702
766700
766699
766686
766685
766684
766683
766695
766694
766693
766692
766691
766682
766681
766680
766679
766678
766677
766676
766675
766674
766673
766672
766670
766669
766668
766667
766666
766665
766664
766663
766662
766661
766660
766659
766658
766657
