792652
792654
792900
792668
792659
792788
792899
792663
792660
792650
792648
792588
792585
792580
792646
792670
792657
792586
792583
792579
792669
792901
792667
792664
792658
792645
792584
792898
792665
792674
792685
792587
792582
792581
792496
792811
792810
792515
792756
792884
792885
792887
792888
792787
792636
792762
792809
792808
792807
792806
792805
792804
792803
792802
792801
792800
792799
792798
792684
792682
792680
792678
792672
792546
792538
792537
792536
792535
792534
792532
792531
792530
792919
792918
792917
792915
792914
792913
792912
792911
792910
792909
792908
792907
792906
792905
792904
792903
792902
792897
792896
792895
792894
792893
792892
792883
792882
792881
792880
792879
792878
792877
792876
792875
792874
792873
792872
792870
792869
792868
792867
792866
792865
792864
792863
792862
792861
792860
792859
792858
792857
792856
792855
792854
792853
792852
792851
792850
792848
792847
792846
792845
792844
792843
792842
792841
792840
792839
792838
792837
792836
792835
792834
792833
792832
792831
792830
792829
792828
792827
792826
792825
792824
792823
792822
792821
792820
792819
792818
792817
792816
792815
792814
792813
792812
792797
792796
792795
792794
792793
792792
792791
792790
792789
792786
792785
792784
792783
792782
792781
792780
792779
792777
792776
792775
792774
792773
792772
792771
792770
792769
792768
792767
792766
792765
792764
792763
792761
792760
792758
792757
792755
792754
792753
792752
792751
792750
792749
792748
792747
792746
792745
792744
792743
792742
792741
792740
792739
792738
792737
792736
792735
792734
792733
792732
792731
792730
792729
792728
792727
792726
792725
792724
792723
792722
792721
792720
792719
792718
792717
792716
792715
792714
792713
792712
792711
792710
792709
792708
792707
792706
792705
792704
792702
792701
792700
792699
792698
792697
792696
792695
792694
792693
792692
792691
792690
792689
792688
792687
792686
792683
792681
792679
792676
792675
792671
792666
792661
792656
792655
792651
792649
792647
792644
792642
792641
792640
792639
792638
792637
792635
792634
792633
792632
792631
792630
792629
792628
792627
792626
792625
792623
792622
792621
792620
792619
792618
792617
792616
792615
792614
792613
792612
792611
792610
792609
792608
792607
792606
792605
792604
792603
792602
792601
792600
792599
792598
792597
792596
792595
792594
792593
792592
792591
792590
792589
792578
792577
792576
792575
792574
792573
792572
792571
792570
792539
792543
792540
792569
792544
792568
792567
792566
792565
792564
792563
792562
792561
792560
792559
792558
792557
792556
792555
792554
792553
792552
792551
792550
792549
792548
792547
792545
792542
792533
792529
792527
792526
792523
792521
792520
792519
792517
792516
792514
792513
792512
792511
792510
792509
792508
792507
792506
792505
792504
792503
792502
792501
792500
792499
792498
792497
792495
792494
792493
792492
792490
792489
792488
792487
792486
792485
792484
792483
792482
792481
792480
792478
792477
792476
792475
792474
792472
792471
792470
792469
792468
792467
792466
792465
792464
792463
792462
792461
792460
792459
792458
792457
792456
792455
792454
792453
792452
792451
792450
792449
792448
792447
792445
792444
792443
792442
792441
792440
792439
792438
792437
