799846
799845
799844
799841
799840
799838
799837
799839
799836
799835
799739
799412
799592
799669
799698
799719
799735
799760
799462
799550
799708
799724
799775
799731
799726
799747
799741
799728
799727
799729
799736
799722
799714
799695
799696
799654
799694
799700
799693
799746
799834
799833
799832
799677
799674
799672
799671
799872
799859
799858
799772
799771
799879
799878
799877
799876
799875
799874
799873
799871
799870
799869
799868
799867
799866
799865
799864
799863
799862
799861
799860
799857
799856
799855
799854
799843
799842
799831
799853
799830
799852
799851
799850
799849
799848
799847
799829
799827
799826
799825
799824
799823
799822
799821
799820
799819
799818
799817
799816
799815
799813
799812
799810
799809
799808
799807
799806
799805
799804
799803
799801
799800
799799
799798
799797
799796
799795
799794
799793
799792
799791
799790
799789
799788
799787
799786
799785
799784
799783
799782
799781
799780
799779
799778
799777
799776
799774
799773
799770
799769
799768
799767
799766
799765
799764
799762
799761
799759
799758
799757
799756
799755
799754
799753
799752
799751
799750
799749
799748
799745
799744
799743
799742
799740
799737
799734
799733
799732
799730
799725
799723
799720
799718
799717
799716
799715
799713
799712
799711
799710
799709
799707
799706
799705
799704
799703
799702
799701
799699
799692
799691
799690
799689
799688
799687
799686
799685
799684
799683
799682
799681
799680
799679
799678
799676
799675
799670
799668
799667
799666
799665
799664
799663
799662
799661
799660
799659
799658
799657
799656
799655
799652
799651
799650
799649
799648
799647
799645
799644
799643
799642
799641
799640
799639
799638
799637
799636
799635
799634
799632
799631
799630
799629
799628
799627
799626
799625
799622
799621
799620
799619
799618
799617
799616
799615
799614
799612
799611
799610
799609
799608
799607
799606
799605
799604
799603
799602
799601
799600
799599
799598
799597
799596
799595
799593
799591
799590
799589
799588
799587
799586
799585
799584
799583
799582
799581
799580
799579
799578
799577
799576
799575
799572
799571
799570
799569
799568
799567
799566
799565
799564
799563
799562
799561
799560
799559
799558
799557
799555
799554
799553
799552
799551
799549
799548
799547
799546
799542
799541
799543
799545
799544
799540
799539
799538
799537
799536
799535
799533
799532
799531
799530
799529
799528
799527
799526
799525
799524
799523
799522
799521
799520
799519
799518
799517
799516
799515
799514
799513
799512
799510
799509
799507
799506
799504
799503
799502
799501
799500
799499
799498
799497
799496
799495
799494
799493
799492
799491
799490
799489
799488
799487
799486
799485
799484
799483
799482
799481
799480
799479
799478
799477
799476
799475
799474
799473
799472
799471
799470
799469
799468
799467
799466
799465
799464
799461
799460
799459
799448
799449
799451
799455
799457
799458
799456
799454
799453
799452
799447
799446
799445
799444
799443
799442
799441
799440
799439
799438
799437
799436
799435
799434
799433
799432
799431
799430
799429
799428
799427
799426
799425
799424
799423
799422
799421
799420
799415
799414
799413
799411
799410
799409
799408
