839671
839670
839669
839599
839418
839419
839422
839425
839429
839430
839431
839432
839438
839439
839440
839441
839444
839468
839469
839470
839473
839474
839524
839525
839610
839464
839415
839353
839354
839647
839648
839646
839660
839653
839656
839657
839654
839688
839687
839437
839436
839645
839498
839451
839375
839480
839478
839383
839372
839378
839624
839618
839616
839500
839457
839380
839373
839617
839644
839650
839622
839615
839499
839456
839379
839449
839382
839376
839371
839231
839267
839341
839735
839734
839732
839731
839730
839729
839728
839726
839725
839724
839723
839722
839721
839720
839719
839718
839716
839715
839714
839713
839712
839711
839710
839709
839708
839707
839705
839704
839703
839702
839701
839700
839699
839579
839248
839249
839641
839508
839698
839697
839696
839695
839573
839572
839571
839570
839569
839565
839564
839563
839562
839561
839560
839559
839558
839557
839556
839555
839554
839552
839551
839550
839549
839548
839547
839545
839541
839540
839306
839303
839302
839301
839305
839304
839738
839649
839749
839748
839747
839746
839745
839744
839743
839742
839740
839739
839727
839717
839706
839694
839693
839692
839691
839690
839689
839686
839685
839684
839683
839681
839680
839679
839678
839677
839676
839675
839674
839673
839667
839666
839665
839664
839663
839662
839661
839659
839658
839655
839651
839643
839632
839630
839640
839638
839637
839636
839634
839633
839631
839629
839628
839626
839625
839623
839621
839620
839619
839614
839613
839611
839609
839608
839607
839606
839605
839604
839603
839601
839600
839598
839597
839596
839595
839593
839592
839591
839590
839589
839588
839587
839586
839585
839584
839583
839582
839581
839580
839539
839537
839534
839530
839529
839526
839521
839520
839297
839296
839295
839294
839292
839291
839290
839289
839288
839287
839286
839285
839284
839283
839281
839280
839278
839276
839274
839273
839272
839271
839578
839577
839576
839575
839574
839567
839566
839546
839544
839542
839538
839536
839535
839533
839532
839531
839528
839527
839523
839522
839519
839518
839517
839516
839515
839514
839513
839512
839511
839510
839509
839507
839506
839505
839504
839503
839501
839497
839496
839495
839494
839493
839492
839491
839490
839488
839487
839486
839485
839484
839483
839482
839481
839479
839477
839476
839475
839472
839471
839467
839466
839465
839463
839462
839461
839460
839459
839458
839455
839454
839453
839452
839450
839448
839447
839446
839445
839442
839434
839433
839427
839420
839417
839416
839414
839413
839412
839411
839410
839409
839408
839407
839406
839405
839404
839403
839402
839401
839400
839399
839398
839397
839396
839395
839394
839393
839392
839390
839389
839388
839387
839386
839385
839384
839381
839377
839374
839369
839368
839367
839366
839365
839364
839363
839362
839361
839360
839359
839358
839355
839352
839351
839350
839349
839348
839347
839346
839345
839344
839343
839342
839340
839339
839338
839337
839336
839335
839334
839333
839332
839331
839330
839329
839328
839327
839326
839325
839324
839323
839322
839321
839320
839319
839318
839317
839315
839314
839313
839312
839311
839310
839309
839308
839300
839299
839270
839269
839268
839266
839265
839264
839263
839262
839261
839260
839259
839258
839257
839256
839255
839254
839253
839252
839250
839298
839247
839246
839245
839244
839243
839242
839241
839239
839238
839236
839235
839293
839282
839279
839275
839251
839240
839234
839233
839232
839230
839229
