855900
855938
855934
856014
856006
855952
855949
855940
855951
855950
855948
855946
855906
855920
855931
856020
856002
855916
855901
855898
856115
856130
856136
856101
856133
855943
855918
855897
855853
855824
855799
855794
855953
855922
855875
855797
855788
856128
856124
856132
856098
855929
855905
855910
855935
855903
855888
855872
856135
856102
856123
856118
856117
856116
855785
855776
855927
855895
855909
856099
856134
855771
855770
855874
855925
855829
855828
855826
855780
855933
855914
855793
855791
855823
855777
855774
855766
855786
856131
856100
855939
855917
855941
855778
855779
855930
855893
855768
855936
855873
856127
856126
855932
855947
855887
855926
855854
855822
855945
855944
855908
855937
855921
855896
855913
855782
855781
855790
855784
855765
855907
855792
855870
855798
855796
855942
855928
855915
855923
855904
855902
855919
855912
855886
855890
855787
855767
855871
855851
855789
855772
855821
855775
855783
855764
855852
855899
855988
856169
856015
856089
856088
856085
856067
856084
856083
856081
856079
856077
856070
856066
856065
856064
856063
856062
856035
856033
856030
856028
856157
856158
856159
856177
856186
856153
856154
856155
856175
856163
855837
855839
855836
855834
856171
856170
856082
856080
856078
856071
856068
856061
856034
856032
856031
856026
856183
856184
856185
856187
856188
856189
856029
856027
855845
855850
856214
855832
855831
855830
856225
856224
856223
856222
856221
856220
856219
856218
856217
856216
856215
856213
856211
856208
856209
856210
856190
856194
856195
856197
856199
856200
856205
856206
856207
856204
856203
856202
856201
856198
856196
856193
856192
856191
856161
856165
856166
856167
856168
856180
856181
856182
856179
856178
856176
856174
856173
856172
856164
856162
856160
856156
856152
856151
856150
856149
856148
856147
856146
856145
856144
856143
856142
856141
856140
856139
856138
856137
856129
856125
856122
856121
856120
856119
856114
856113
856112
856111
856110
856109
856108
856107
856106
856105
856104
856103
856097
856096
856095
856094
856092
856091
856090
856086
856076
856075
856074
856057
856073
856056
856054
856072
856053
856051
856069
856055
856050
856049
856060
856059
856058
856052
856048
856047
856046
856045
856044
856043
856042
856041
856040
856039
856038
856037
856036
856025
856024
856023
856022
856019
856018
856017
856016
856013
856012
856011
856010
856009
856007
856004
856003
856001
856000
855999
855998
855996
855994
855992
855990
855989
855987
855986
855985
855984
855983
855982
855981
855980
855979
855978
855977
855976
855975
855974
855973
855972
855971
855970
855969
855968
855967
855966
855965
855964
855963
855962
855961
855960
855959
855958
855957
855956
855954
855894
855892
855891
855889
855885
855884
855883
855882
855881
855880
855879
855878
855877
855876
855869
855868
855867
855866
855865
855864
855861
855859
855862
855860
855858
855857
855856
855855
855849
855848
855847
855846
855844
855843
855842
855841
855840
855838
855833
855827
855825
855820
855819
855818
855817
855816
855815
855814
855813
855812
855811
855810
855809
855808
855807
855806
855805
855804
855802
855801
855800
855795
855773
855769
855763
855762
855761
855760
855759
855757
855756
855755
855754
855753
855752
855751
855750
855749
855748
855747
855746
855745
855744
855743
855742
855741
855740
855738
855737
855736
855735
855734
855733
855732
855731
855730
855729
855728
855727
855725
855724
855721
855720
855719
855718
855717
855716
855715
855714
855713
855712
855711
855710
855709
855708
855707
855706
855705
855704
855703
855702
855701
855700
855699
855698
855697
855696
855695
855694
855693
855692
855691
855690
855689
855688
855687
855686
855685
855684
855683
855682
855681
