808523
808521
808519
808517
808515
808514
808232
808230
808225
808206
808205
808201
808200
808512
808528
808554
808559
808162
808202
808199
808203
808358
808501
808509
808308
808301
808304
808307
808302
808544
808357
808399
808290
808263
808254
808275
808282
808306
808303
808261
808270
808279
808276
808281
808355
808392
808299
808294
808292
808291
808278
808274
808255
808252
808389
808273
808239
808300
808298
808265
808257
808293
808289
808280
808277
808272
808243
808333
808457
808476
808529
808161
808160
808158
808186
808185
808178
808323
808322
808321
808320
808296
808297
808490
808489
808215
808214
808480
808474
808475
808477
808510
808507
808506
808505
808564
808156
808594
808593
808592
808591
808590
808589
808588
808587
808586
808584
808583
808582
808581
808580
808579
808578
808577
808576
808575
808574
808573
808572
808571
808570
808569
808568
808567
808566
808565
808563
808562
808561
808560
808558
808557
808556
808555
808553
808552
808551
808550
808549
808548
808547
808546
808545
808543
808542
808541
808540
808539
808538
808537
808536
808535
808534
808533
808532
808531
808527
808526
808525
808524
808502
808503
808504
808513
808511
808508
808500
808499
808495
808493
808492
808491
808488
808487
808486
808473
808472
808471
808485
808484
808483
808482
808481
808479
808478
808470
808468
808467
808466
808464
808463
808462
808461
808460
808400
808407
808409
808410
808416
808417
808418
808419
808421
808423
808424
808425
808426
808427
808434
808444
808450
808452
808455
808458
808456
808454
808453
808451
808448
808447
808446
808445
808443
808442
808441
808438
808437
808436
808435
808433
808432
808431
808430
808429
808428
808422
808420
808415
808414
808413
808412
808411
808408
808406
808405
808404
808403
808402
808401
808398
808396
808397
808395
808394
808393
808391
808390
808388
808387
808386
808385
808384
808383
808382
808381
808380
808377
808376
808375
808374
808373
808372
808371
808370
808369
808368
808367
808366
808365
808364
808363
808362
808361
808360
808359
808354
808353
808352
808351
808350
808349
808348
808346
808345
808344
808343
808342
808341
808339
808338
808337
808336
808335
808334
808332
808331
808330
808329
808328
808327
808326
808325
808324
808319
808318
808317
808316
808315
808313
808312
808311
808310
808309
808305
808295
808288
808287
808286
808285
808284
808283
808271
808269
808268
808267
808266
808264
808262
808260
808259
808258
808256
808253
808251
808250
808249
808248
808247
808246
808245
808244
808242
808241
808240
808238
808237
808236
808235
808234
808233
808231
808229
808228
808227
808226
808224
808223
808222
808221
808220
808218
808217
808216
808213
808212
808211
808210
808209
808208
808207
808204
808198
808197
808196
808195
808194
808193
808192
808191
808190
808189
808188
808187
808184
808183
808182
808181
808180
808179
808177
808176
808175
808174
808173
808172
808171
808170
808169
808168
808167
808166
808165
808164
808163
808159
808157
