762291
762290
762414
762417
762418
762419
762420
762421
762422
762522
762523
762524
762525
762526
762547
762546
762428
762413
762540
762538
762475
762474
762544
762536
762427
762443
762441
762548
762543
762545
762409
762541
762539
762535
762438
762426
762585
762586
762369
762373
762226
762227
762386
762433
762563
762449
762485
762486
762509
762594
762537
762371
762584
762583
762370
762606
762605
762604
762603
762602
762601
762600
762599
762598
762597
762595
762593
762592
762591
762590
762589
762588
762582
762581
762580
762578
762577
762576
762575
762574
762573
762571
762570
762569
762568
762567
762566
762565
762564
762562
762561
762560
762559
762558
762557
762556
762555
762554
762553
762552
762551
762550
762549
762542
762527
762528
762529
762530
762531
762534
762533
762302
762303
762304
762305
762306
762307
762308
762309
762310
762311
762312
762313
762314
762315
762317
762532
762521
762520
762519
762517
762516
762515
762514
762513
762512
762511
762508
762507
762506
762505
762503
762502
762501
762500
762499
762498
762497
762496
762495
762494
762493
762492
762491
762490
762489
762488
762484
762483
762482
762481
762480
762479
762478
762477
762476
762473
762472
762471
762470
762469
762468
762467
762465
762463
762462
762461
762466
762464
762460
762459
762458
762457
762456
762455
762454
762453
762452
762451
762250
762251
762252
762253
762254
762255
762257
762258
762259
762260
762261
762262
762263
762265
762266
762267
762268
762269
762272
762273
762274
762275
762276
762450
762448
762447
762446
762445
762444
762442
762440
762439
762437
762436
762435
762434
762432
762431
762430
762429
762425
762424
762423
762416
762415
762412
762411
762410
762408
762407
762406
762405
762404
762403
762402
762401
762400
762399
762398
762397
762396
762395
762394
762393
762391
762390
762389
762388
762387
762385
762384
762383
762382
762381
762380
762379
762378
762377
762376
762375
762374
762372
762368
762367
762366
762365
762364
762363
762362
762361
762360
762359
762358
762356
762355
762354
762353
762352
762351
762350
762349
762348
762347
762346
762345
762343
762342
762341
762340
762339
762338
762337
762330
762329
762328
762336
762334
762333
762332
762327
762326
762325
762324
762323
762322
762321
762320
762319
762318
762316
762299
762298
762297
762296
762294
762293
762292
762288
762287
762286
762285
762284
762283
762282
762281
762279
762277
762249
762248
762247
762246
762245
762244
762241
762240
762239
762238
762237
762236
762235
762234
762233
762232
762231
762242
762243
762230
762229
762228
762224
762223
762222
762221
762220
762216
762219
762218
762215
762214
762213
762212
