847694
847705
847727
847728
847702
847713
847715
847720
847726
847693
847716
847712
847718
847725
847686
847672
847668
847655
847644
847700
847692
847684
847670
847666
847724
847717
847711
847691
847690
847665
847647
847652
847643
847633
847695
847689
847680
847664
847651
847642
847669
847661
847629
847650
847639
847631
847630
847679
847678
847638
847649
847648
847628
847646
847636
847627
847555
847758
847559
847708
847701
847706
847919
847766
847760
847744
847736
847742
847735
847733
847703
847704
847595
847593
847738
847739
847731
847917
847895
847756
847699
847746
847740
847596
847592
847589
847781
847767
847737
847732
847591
847697
847743
847734
847897
847896
847696
847588
847590
847594
847584
847583
847582
847581
847580
847554
847849
847911
847907
847902
847904
847906
847774
847611
848004
848003
848002
848001
848000
847999
847998
847997
847996
847995
847994
847993
847992
847991
847990
847989
847988
847987
847986
847985
847984
847983
847982
847981
847980
847979
847978
847977
847976
847975
847974
847973
847972
847971
847970
847969
847968
847967
847966
847965
847964
847963
847962
847961
847960
847959
847957
847956
847955
847954
847952
847950
847949
847948
847947
847946
847945
847944
847943
847942
847941
847940
847939
847938
847937
847936
847935
847934
847933
847932
847931
847930
847929
847928
847927
847926
847925
847924
847923
847922
847920
847918
847916
847915
847914
847913
847910
847903
847901
847900
847912
847909
847908
847905
847899
847898
847894
847893
847892
847891
847890
847889
847888
847887
847886
847885
847884
847883
847882
847881
847880
847879
847877
847876
847875
847874
847873
847872
847871
847870
847869
847868
847867
847866
847865
847864
847863
847862
847861
847860
847859
847858
847857
847856
847855
847854
847853
847852
847851
847850
847848
847846
847845
847844
847843
847841
847840
847839
847838
847837
847836
847834
847833
847832
847831
847830
847828
847827
847825
847824
847823
847822
847821
847820
847819
847818
847817
847816
847815
847814
847813
847812
847811
847810
847809
847808
847807
847806
847805
847804
847803
847802
847801
847800
847799
847798
847797
847796
847795
847794
847793
847792
847791
847790
847789
847788
847787
847786
847785
847784
847783
847782
847780
847779
847778
847777
847776
847775
847773
847772
847771
847770
847769
847768
847765
847764
847763
847762
847761
847714
847688
847677
847659
847657
847645
847634
847757
847755
847754
847753
847752
847751
847750
847749
847748
847747
847745
847741
847730
847729
847723
847722
847721
847719
847710
847709
847707
847698
847687
847685
847683
847682
847681
847676
847675
847674
847673
847671
847667
847663
847662
847660
847658
847656
847654
847653
847637
847632
847626
847625
847624
847623
847622
847621
847620
847618
847617
847616
847619
847615
847614
847613
847612
847610
847609
847608
847607
847606
847605
847604
847599
847587
847586
847585
847579
847578
847576
847575
847574
847573
847572
847571
847570
847569
847567
847566
847565
847564
847563
847562
847561
847558
847553
847551
847549
847548
