732620
732617
732809
732806
732821
732994
732927
733034
733025
733019
733016
733013
733017
733033
733026
733012
733015
732929
733018
733021
733032
733024
733014
732824
732830
732828
732825
732813
733078
732983
732982
733011
733010
733009
733008
733007
733006
733005
733004
733003
733002
733001
733000
732981
732980
732979
732978
732977
732976
732975
732974
732973
732972
732971
732970
732969
732968
732967
732966
732965
732964
732963
732962
732961
732960
732959
732958
732957
732956
732955
732954
732953
732952
732951
732950
732949
732948
732984
732875
732609
732612
732613
732610
732614
732615
732611
732668
732669
732670
732671
732672
732673
732674
732675
732676
732677
732678
732679
732680
732681
732682
732683
732717
732718
732719
732720
732721
732722
732723
732724
732725
732726
732727
732729
732730
732731
732732
732733
732734
732735
732736
732737
732738
732739
732740
732741
732742
732743
732744
732745
732746
732747
732748
732749
732750
732751
732770
732771
732772
732879
732881
732882
732884
732885
732888
732890
732891
732893
732895
732896
732897
732900
732902
732904
732906
732907
732908
732910
732911
732913
732914
732917
732918
732919
732920
732921
732922
732923
732924
732925
732930
732931
732932
732933
732934
732935
732936
732937
732938
732939
732665
732836
732839
732850
732851
732859
732946
733083
733082
733081
733080
733073
733072
733076
733075
733074
733071
733070
733069
733068
733067
733066
733065
733064
733063
733062
733061
733060
733059
733058
733057
733056
733055
733054
733053
733052
733051
733050
733049
733048
733047
733046
733045
733044
733043
733042
733041
733040
733039
733038
733037
733036
733035
733031
733030
733029
733028
733027
733023
733022
733020
732999
732998
732997
732996
732995
732993
732990
732989
732988
732987
732986
732985
732947
732945
732944
732943
732942
732941
732940
732928
732926
732916
732915
732912
732909
732905
732903
732901
732899
732898
732894
732892
732889
732887
732886
732883
732880
732878
732877
732876
732874
732873
732872
732871
732870
732869
732868
732867
732866
732865
732864
732863
732862
732860
732858
732857
732856
732855
732854
732853
732852
732849
732848
732847
732846
732845
732844
732843
732842
732841
732840
732837
732834
732832
732831
732829
732827
732823
732822
732819
732818
732817
732816
732815
732814
732812
732811
732810
732808
732807
732805
732804
732803
732802
732801
732800
732799
732798
732795
732794
732793
732792
732791
732790
732789
732788
732787
732786
732784
732783
732782
732781
732780
732779
732778
732777
732776
732775
732774
732773
732769
732768
732767
732766
732765
732764
732763
732762
732761
732760
732759
732758
732757
732756
732755
732754
732753
732752
732728
732716
732715
732714
732713
732712
732711
732710
732709
732708
732707
732706
732705
732704
732703
732702
732701
732700
732699
732698
732697
732696
732695
732694
732693
732692
732691
732690
732689
732688
732687
732686
732685
732684
732667
732666
732664
732663
732662
732661
732660
732659
732658
732657
732656
732655
732654
732653
732649
732648
732647
732646
732645
732644
732643
732642
732641
732640
732639
732638
732637
732635
732634
732632
732631
732630
732629
732628
732627
732626
732625
732624
732623
732622
732621
732619
732616
732608
732607
732606
732605
732604
732603
732602
