862258
862257
862256
862377
862384
862534
862391
862641
862640
862531
862388
862383
862380
862387
862532
862535
862386
862376
862382
862536
862385
862530
862381
862375
862489
862487
862486
862485
862484
862483
862482
862481
862480
862479
862478
862477
862475
862474
862473
862472
862471
862470
862469
862468
862467
862466
862465
862464
862463
862461
862460
862458
862457
862455
862453
862452
862451
862448
862446
862445
862443
862442
862441
862440
862438
862436
862435
862432
862430
862428
862427
862426
862668
862647
862648
862252
862249
862251
862370
862362
862332
862331
862328
862250
862369
862366
862364
862429
862439
862437
862434
862433
862431
862333
862334
862254
862253
862672
862671
862670
862669
862667
862666
862665
862664
862662
862661
862660
862659
862658
862657
862656
862655
862654
862653
862652
862651
862650
862649
862462
862459
862447
862646
862645
862644
862643
862642
862639
862638
862637
862636
862634
862633
862632
862631
862630
862629
862628
862627
862626
862625
862623
862621
862620
862619
862618
862617
862616
862615
862614
862613
862612
862611
862610
862609
862608
862606
862605
862604
862603
862602
862601
862600
862599
862598
862597
862596
862595
862594
862593
862592
862591
862590
862589
862588
862587
862586
862585
862584
862583
862582
862581
862580
862579
862578
862577
862576
862575
862574
862573
862571
862570
862569
862568
862566
862565
862564
862563
862562
862561
862560
862559
862558
862557
862556
862555
862554
862553
862552
862551
862550
862549
862547
862546
862545
862544
862543
862542
862541
862540
862539
862537
862533
862529
862528
862527
862526
862525
862524
862523
862522
862521
862520
862519
862518
862517
862516
862515
862514
862513
862456
862450
862512
862511
862510
862509
862508
862507
862506
862504
862503
862502
862501
862449
862454
862500
862499
862498
862497
862496
862495
862494
862493
862492
862491
862490
862488
862476
862444
862425
862424
862423
862422
862421
862420
862419
862418
862417
862416
862415
862414
862413
862412
862411
862410
862409
862407
862406
862405
862404
862403
862402
862401
862400
862399
862398
862397
862396
862395
862394
862393
862392
862389
862390
862379
862378
862374
862373
862372
862371
862368
862365
862361
862360
862359
862358
862357
862356
862355
862354
862353
862352
862351
862350
862349
862346
862345
862344
862343
862342
862341
862340
862339
862338
862337
862336
862335
862330
862329
862327
862326
862325
862324
862323
862322
862321
862320
862319
862318
862313
862314
862315
862316
862317
862312
862311
862310
862309
862308
862307
862306
862305
862304
862303
862302
862301
862300
862275
862297
862286
862285
862284
862287
862291
862290
862293
862292
862299
862298
862289
862288
862274
862295
862296
862282
862281
862279
862294
862278
862276
862283
862280
862273
862272
862271
862270
862269
862268
862267
862266
862265
862264
862263
862261
862260
862259
862255
862248
862247
862246
862245
862244
862243
862242
862241
862240
862239
862238
862237
862236
862235
862234
862233
862232
862231
862230
862229
862228
862226
862224
862223
862222
862221
862220
862218
862217
862216
862215
