863978
863977
863984
863981
863983
863980
863973
863982
863979
864370
864360
864362
864364
864255
864286
864183
864261
864248
864403
864253
864250
864378
864389
864182
864251
864323
864320
864247
864254
864260
864377
864181
864398
864376
864322
864318
864180
864391
864282
864256
864244
864240
864242
864321
864179
864375
864252
864249
864246
864395
864317
864319
864177
864173
864239
864241
864243
864304
864303
864002
863990
863992
863993
864000
863991
864151
864150
864149
864148
864141
864137
863997
863995
863989
864001
864132
864128
864221
864220
864219
864218
864216
864215
864214
864213
864212
864211
864210
864209
864520
864188
864096
864129
864003
864005
864012
864023
864027
864028
864041
864042
864374
864408
864407
864531
864532
864541
864540
864539
864538
864537
864536
864535
864534
864533
864530
864529
864528
864527
864526
864525
864524
864523
864522
864521
864519
864518
864517
864516
864515
864514
864513
864512
864511
864510
864509
864508
864507
864505
864504
864503
864502
864501
864500
864499
864497
864495
864494
864493
864491
864490
864489
864488
864487
864486
864485
864484
864483
864482
864481
864480
864479
864478
864477
864476
864475
864474
864473
864472
864471
864470
864469
864468
864467
864466
864465
864464
864463
864462
864461
864460
864459
864458
864457
864456
864455
864454
864453
864452
864451
864450
864449
864448
864447
864446
864445
864444
864443
864442
864441
864440
864439
864438
864437
864436
864435
864434
864433
864432
864431
864430
864429
864428
864427
864426
864425
864424
864423
864422
864421
864420
864419
864418
864417
864416
864415
864414
864413
864412
864411
864410
864409
864406
864405
864404
864402
864401
864400
864399
864397
864396
864394
864393
864392
864390
864388
864387
864386
864385
864384
864383
864382
864381
864380
864379
864373
864372
864371
864369
864368
864367
864366
864365
864363
864359
864358
864357
864040
864039
864356
864355
864354
864353
864352
864351
864350
864349
864348
864347
864346
864345
864343
864342
864341
864340
864339
864338
864337
864336
864335
864334
864333
864332
864331
864330
864329
864328
864327
864326
864324
864316
864315
864314
864313
864312
864311
864310
864309
864308
864307
864305
864302
864301
864300
864299
864298
864297
864296
864295
864294
864293
864292
864291
864290
864289
864288
864287
864285
864283
864281
864280
864279
864278
864277
864276
864275
864274
864273
864272
864271
864270
864269
864268
864267
864266
864265
864264
864263
864262
864259
864258
864257
864022
864245
864238
864237
864236
864235
864234
864233
864086
864232
864231
864230
864229
864228
864227
864226
864225
864224
864223
864222
864217
864208
864207
864206
864205
864204
864203
864202
864200
864199
864198
864197
864196
864195
864194
864187
864186
864185
864184
864178
864176
864175
864174
864171
864170
864169
864168
864167
864166
864165
864164
864163
864162
864160
864159
864158
864157
864156
864155
864154
864153
864152
864127
864126
864125
864124
864123
864122
864121
864120
864119
864118
864117
864116
864115
864114
864113
864112
864111
864110
864109
864108
864107
864106
864105
864104
864103
864102
864101
864100
864099
864098
864097
864095
864094
864093
864092
864091
864090
864089
864088
864087
864085
864084
864083
864082
864081
864080
864079
864078
864077
864076
864075
864074
864073
864072
864071
864070
864069
864068
864067
864065
864064
864062
864061
864060
864059
864058
864057
864055
864054
864053
864052
864051
864050
864049
864048
864047
864045
864044
864043
864038
864037
864036
864035
864034
864033
864031
864030
864029
864026
864025
864024
864021
864020
864019
864018
864017
864016
864015
864014
864013
864011
864010
864009
864008
864007
864006
864004
863998
863996
863994
863988
863987
863986
863985
863976
863975
863974
863972
863971
863970
863968
