882632
882788
882791
882793
882781
882782
882785
882786
882787
882792
882946
882981
882818
882854
882799
882816
882803
882801
883041
883015
882944
882934
882809
882941
882937
882822
882812
883042
883026
882821
882815
883009
883037
882935
882940
882806
882820
882810
883043
883040
883017
883012
882942
882936
882939
882933
882807
882798
882814
883039
883013
883016
882805
882823
882817
882811
882808
882800
882938
882932
882813
883038
883011
882804
882931
882930
882929
882881
882802
882855
883078
883089
882648
882641
882633
883123
883122
883120
882667
882666
883073
883090
882826
882827
882642
882651
882660
882661
883080
883088
882834
882908
883079
883142
883094
882664
882663
882662
883138
883112
883108
883087
883085
882669
882637
883074
883025
883056
883062
883005
882990
883023
883021
883008
883004
882997
883035
883029
883028
883024
882907
883114
883118
883119
883121
883124
883127
883128
883129
883130
883131
883141
883140
883139
883137
883136
883135
883134
883133
883132
883126
883125
883115
883117
883116
883113
883111
883110
883109
883107
883106
883105
883104
883103
883102
883100
883099
883098
883097
883096
883095
883093
883092
883091
883086
883084
883083
883082
883081
883077
883076
883075
883072
883071
883070
883069
883068
883067
883066
883065
883064
883063
883061
883060
883059
883058
883057
883055
883054
883053
883052
883051
883050
883049
883048
883047
883046
883045
883036
883034
883033
883032
883031
883030
883027
883022
883020
883019
883014
883010
883007
883006
883003
883002
883001
883000
882999
882998
882996
882995
882994
882993
882992
882991
882989
882988
882987
882986
882985
882984
882983
882982
882980
882979
882978
882977
882976
882825
882974
882973
882972
882971
882970
882969
882968
882967
882966
882965
882964
882963
882962
882961
882960
882959
882958
882956
882955
882954
882953
882952
882951
882950
882949
882947
882945
882943
882928
882927
882926
882925
882924
882923
882922
882921
882920
882919
882918
882917
882916
882915
882914
882913
882912
882911
882910
882909
882906
882905
882904
882903
882902
882901
882900
882899
882898
882897
882896
882895
882894
882893
882892
882891
882890
882889
882888
882887
882886
882885
882883
882882
882880
882879
882878
882877
882876
882875
882874
882873
882871
882870
882869
882868
882867
882866
882865
882864
882863
882862
882861
882860
882859
882858
882857
882856
882853
882852
882851
882850
882849
882848
882847
882846
882845
882844
882843
882842
882840
882839
882838
882837
882836
882835
882833
882832
882831
882830
882829
882828
882824
882819
882797
882796
882795
882794
882790
882789
882784
882783
882780
882779
882778
882777
882776
882775
882774
882773
882772
882771
882770
882769
882768
882767
882766
882765
882764
882763
882762
882761
882760
882759
882758
882757
882756
882755
882754
882753
882752
882751
882750
882749
882748
882747
882746
882745
882744
882743
882742
882741
882740
882739
882736
882735
882734
882733
882732
882731
882730
882729
882728
882727
882726
882725
882724
882723
882722
882721
882720
882719
882718
882717
882716
882715
882713
882712
882711
882710
882709
882708
882707
882706
882704
882703
882702
882701
882700
882699
882698
882697
882696
882695
882694
882693
882692
882691
882690
882689
882688
882687
882686
882685
882684
882683
882682
882681
882680
882679
882678
882677
882676
882675
882674
882673
882672
882671
882670
882668
882665
882659
882658
882657
882656
882655
882654
882653
882652
882650
882649
882647
882646
882645
882644
882643
882640
882639
882638
882636
882635
882634
