868043
867771
867779
867778
867773
867768
867776
867688
868040
868037
868044
867745
867754
867752
867751
867743
868035
867690
867979
867626
867627
867628
867990
867991
868008
867775
868012
868027
868029
867772
867934
867970
868092
867664
867895
867896
867959
867810
868010
867890
867878
867829
867827
868081
868078
867801
867797
868080
868079
868011
867811
867828
867805
867689
867798
867803
867800
868117
868127
868128
868116
868115
868119
868114
868111
867744
867741
868120
868118
868113
868112
868110
868109
868105
868069
868068
868063
868056
867882
867873
867715
867716
867675
867674
867671
867601
867600
867598
867611
867610
868108
868107
868106
868104
868103
868102
868101
868100
868099
868098
868097
868096
868095
868094
868093
868067
868062
868061
868055
867884
867880
867872
867868
867849
867608
868059
868054
868053
868052
867888
867886
867885
867879
867876
867871
867867
867852
867842
867840
867883
867877
867874
867870
867869
867866
867865
867857
867856
867855
867848
867847
867841
867839
867853
867850
867846
867844
867838
867837
867854
867851
867845
867843
867713
867712
868137
868136
868135
868134
868133
868131
868130
868129
868125
868124
868123
868122
868121
868091
868089
868088
868087
868086
868085
868084
868083
868082
868077
868076
868075
868074
868073
868072
868071
868070
868066
868065
868060
868058
868057
868051
868050
868049
868048
868047
868046
868045
868039
868036
868034
868033
868032
868031
868030
868028
868026
868025
868024
868023
868022
868021
868020
868019
868018
868017
868016
868014
868013
868009
868007
868006
868005
868004
868003
868002
868001
867999
867998
867997
867996
867995
867994
867993
867992
867989
867988
867987
867986
867985
867984
867983
867981
867980
867978
867977
867976
867975
867974
867973
867972
867971
867969
867968
867967
867966
867965
867964
867963
867962
867961
867960
867958
867957
867956
867955
867953
867952
867950
867949
867948
867947
867946
867945
867944
867943
867942
867941
867940
867939
867938
867937
867936
867935
867933
867932
867931
867930
867927
867925
867924
867923
867922
867921
867920
867919
867918
867916
867917
867915
867914
867913
867912
867910
867909
867908
867907
867906
867905
867904
867903
867902
867901
867900
867899
867898
867897
867894
867893
867892
867891
867889
867887
867881
867875
867864
867862
867861
867860
867859
867858
867836
867835
867834
867833
867832
867831
867830
867825
867824
867823
867822
867821
867820
867819
867818
867816
867815
867814
867813
867812
867809
867808
867807
867806
867804
867802
867799
867796
867795
867794
867793
867792
867791
867790
867789
867787
867786
867785
867784
867783
867782
867781
867780
867777
867774
867770
867769
867767
867766
867765
867764
867763
867762
867761
867760
867759
867758
867757
867756
867755
867753
867750
867749
867748
867747
867746
867740
867739
867737
867736
867735
867734
867733
867732
867731
867730
867729
867728
867727
867726
867724
867723
867722
867721
867720
867719
867718
867717
867714
867711
867710
867709
867708
867707
867706
867705
867704
867703
867702
867700
867699
867698
867697
867696
867695
867694
867693
867692
867687
867686
867685
867684
867683
867682
867681
867680
867679
867678
867677
867676
867673
867672
867670
867669
867668
867667
867665
867663
867662
867661
867660
867659
867658
867657
867656
867655
867654
867653
867652
867651
867650
867649
867648
867647
867646
867645
867644
867643
867642
867641
867640
867639
867638
867637
867636
867635
867634
867633
867632
867631
867630
867629
867625
867624
867623
867622
867621
867620
867619
867618
867617
867616
867615
867614
867613
867612
867609
867607
867606
867605
867604
867603
867602
867599
867597
867596
867595
867594
867593
867592
867591
867590
