850732
850727
850726
850724
850670
850664
850585
851035
850888
851009
851008
850578
850895
850965
850975
850946
850941
850909
850974
850936
850916
850848
850764
850755
850647
850643
850637
850629
850912
850632
850639
850627
850972
850938
850914
850638
850973
850934
850917
850847
850763
850933
850911
850846
850762
850636
850648
850640
850634
850628
850971
850761
850845
850754
850644
850630
850635
850843
850760
851020
851019
851018
851016
851015
851014
851013
851012
851011
850633
850646
850642
850631
850792
850793
850796
850797
851033
851034
851031
851030
851029
851028
851027
851026
851025
851024
851023
851022
851021
851017
851010
850951
850949
850950
851007
851006
851005
851002
851001
851000
850999
850997
850996
850995
850994
850993
850992
850991
850990
850989
850988
850987
850986
850985
850984
850983
850982
850981
850980
850978
850977
850979
850976
850970
850931
850908
850969
850968
850967
850964
850963
850962
850961
850960
850959
850958
850957
850956
850955
850954
850953
850952
850948
850947
850945
850944
850943
850942
850940
850939
850937
850935
850932
850930
850929
850928
850927
850926
850925
850924
850923
850922
850921
850920
850919
850918
850915
850913
850910
850907
850906
850905
850904
850903
850902
850901
850900
850899
850898
850897
850896
850894
850893
850892
850891
850890
850889
850887
850886
850885
850884
850883
850882
850881
850880
850879
850878
850877
850876
850875
850874
850873
850872
850871
850870
850869
850868
850867
850866
850864
850863
850862
850861
850860
850859
850858
850857
850856
850855
850854
850853
850851
850850
850849
850844
850842
850841
850840
850839
850838
850837
850836
850835
850834
850833
850832
850831
850830
850829
850828
850827
850826
850821
850820
850819
850817
850825
850824
850823
850822
850818
850816
850815
850814
850813
850812
850811
850810
850809
850808
850807
850806
850805
850804
850803
850802
850801
850800
850799
850798
850795
850794
850791
850790
850789
850787
850786
850785
850784
850783
850782
850781
850780
850779
850778
850777
850776
850775
850774
850773
850772
850771
850770
850769
850768
850767
850766
850765
850759
850758
850757
850756
850753
850752
850751
850750
850749
850748
850746
850745
850744
850743
850742
850741
850740
850739
850738
850737
850736
850735
850734
850733
850731
850730
850728
850725
850723
850722
850721
850720
850719
850718
850717
850716
850715
850714
850713
850712
850711
850710
850709
850708
850707
850706
850705
850704
850703
850702
850701
850700
850699
850698
850697
850696
850695
850694
850693
850692
850691
850690
850688
850687
850686
850685
850684
850683
850682
850681
850679
850678
850676
850675
850673
850672
850671
850669
850668
850667
850665
850663
850662
850660
850658
850657
850656
850655
850654
850653
850652
850651
850650
850649
850645
850641
850626
850625
850624
850623
850622
850621
850620
850619
850618
850617
850616
850615
850614
850612
850611
850610
850609
850605
850604
850603
850602
850601
850600
850599
850597
850596
850595
850594
850593
850592
850591
850590
850589
850588
850587
850584
850583
850582
850581
850580
850579
850577
850576
