913670
913286
913688
913555
913595
913436
913439
913461
913440
913326
913567
913513
913512
913511
913510
913509
913572
913549
913546
913537
913524
913447
913571
913528
913570
913561
913543
913532
913526
913521
913542
913548
913541
913519
913520
913508
913424
913300
913294
913293
913418
913417
913416
913415
913414
913413
913412
913730
913696
913695
913694
913693
913692
913410
913409
913408
913407
913406
913405
913404
913396
913395
913394
913393
913390
913389
913388
913387
913386
913384
913383
913382
913380
913292
913291
913385
913329
913328
913327
913322
913321
913320
913319
913318
913317
913313
913312
913311
913691
913689
913675
913687
913685
913683
913674
913518
913517
913516
913735
913734
913733
913731
913729
913728
913727
913726
913725
913724
913723
913722
913721
913720
913719
913718
913717
913716
913715
913714
913713
913712
913711
913710
913709
913708
913707
913706
913705
913704
913703
913702
913701
913700
913699
913698
913697
913682
913681
913679
913678
913677
913325
913324
913323
913316
913315
913314
913310
913309
913676
913672
913667
913666
913664
913662
913661
913660
913659
913658
913657
913656
913655
913654
913653
913652
913651
913650
913649
913648
913647
913646
913645
913644
913643
913642
913640
913639
913638
913637
913636
913489
913498
913497
913635
913634
913633
913492
913495
913494
913632
913631
913630
913629
913628
913627
913625
913624
913622
913620
913618
913612
913611
913610
913609
913608
913607
913606
913605
913604
913603
913602
913601
913600
913599
913598
913597
913596
913594
913593
913592
913591
913590
913589
913588
913587
913586
913585
913584
913583
913582
913581
913580
913579
913578
913577
913576
913575
913574
913573
913569
913568
913565
913564
913563
913562
913560
913559
913558
913557
913556
913554
913553
913552
913551
913550
913547
913545
913544
913540
913539
913538
913536
913535
913534
913533
913531
913530
913529
913527
913525
913523
913522
913490
913493
913515
913491
913499
913507
913506
913505
913453
913501
913500
913496
913488
913487
913486
913485
913484
913483
913482
913481
913480
913479
913478
913477
913476
913475
913474
913473
913472
913471
913470
913469
913468
913467
913466
913465
913464
913463
913462
913460
913459
913457
913456
913455
913454
913452
913451
913450
913449
913446
913445
913444
913443
913442
913441
913437
913435
913434
913432
913431
913430
913429
913428
913427
913426
913425
913423
913422
913419
913411
913403
913401
913400
913399
913397
913381
913379
913378
913377
913376
913375
913374
913373
913372
913368
913367
913366
913365
913364
913363
913362
913361
913360
913359
913357
913356
913355
913354
913353
913352
913351
913350
913349
913347
913346
913345
913344
913343
913342
913341
913340
913339
913331
913332
913333
913336
913337
913335
913334
913330
913308
913307
913306
913305
913304
913303
913302
913301
913299
913298
913297
913296
913295
913290
913289
913288
913287
913285
913284
913283
913282
913281
913279
913278
913277
913276
913275
913274
