814443
814570
814756
814796
814871
814889
814930
814810
814760
814758
814741
814740
814730
814722
814714
814929
814809
814752
814738
814726
814720
814715
814928
814925
814528
814866
814808
814719
814732
814744
814751
814729
814711
814754
814727
814712
814865
814737
814733
814718
814524
814520
814934
814927
814868
814867
814747
814725
814525
814527
814523
814864
814748
814735
814731
814521
814518
814514
814511
814526
814519
814716
814724
814710
814522
814512
814509
814653
814652
814650
814649
814584
814923
814922
814921
814920
814919
814918
814917
814916
814915
814914
814913
814912
814911
814910
814909
814908
814907
814906
814905
814904
814903
814902
814901
814900
814798
814799
814800
814801
814802
814804
814805
814806
814807
814931
814932
814933
814935
814936
814937
814938
814939
814940
814941
814942
814943
814944
814945
814946
814953
814954
814955
814956
814957
814958
814962
814961
814960
814964
814965
814639
814795
814952
814551
814648
814667
814899
814898
814897
814895
814894
814893
814892
814891
814888
814887
814886
814885
814884
814883
814882
814881
814880
814879
814878
814877
814876
814875
814874
814873
814872
814982
814981
814980
814979
814978
814977
814976
814975
814974
814973
814968
814967
814966
814963
814951
814950
814949
814947
814924
814896
814870
814869
814863
814862
814860
814859
814858
814857
814856
814855
814853
814852
814851
814850
814849
814847
814846
814845
814844
814843
814842
814841
814840
814839
814838
814837
814836
814835
814834
814833
814832
814831
814830
814829
814828
814827
814826
814825
814824
814823
814822
814821
814820
814818
814817
814816
814815
814814
814813
814812
814811
814803
814797
814794
814792
814791
814789
814788
814787
814786
814785
814784
814783
814782
814781
814780
814779
814778
814777
814776
814775
814774
814773
814772
814770
814768
814767
814766
814765
814764
814763
814762
814761
814757
814753
814750
814749
814746
814743
814742
814739
814736
814734
814721
814717
814713
814709
814708
814707
814706
814705
814704
814703
814702
814701
814699
814698
814697
814696
814695
814694
814693
814692
814691
814690
814689
814688
814687
814686
814685
814684
814683
814682
814681
814680
814679
814678
814677
814676
814675
814674
814673
814672
814670
814669
814668
814666
814665
814664
814663
814662
814661
814660
814658
814657
814656
814655
814654
814651
814647
814646
814645
814644
814643
814642
814641
814640
814638
814637
814636
814634
814633
814632
814631
814630
814629
814628
814627
814626
814625
814624
814623
814621
814620
814619
814618
814617
814616
814615
814614
814613
814612
814611
814610
814609
814608
814607
814606
814605
814604
814603
814602
814601
814600
814599
814598
814597
814596
814595
814594
814593
814592
814591
814590
814589
814588
814587
814586
814585
814583
814582
814581
814580
814579
814578
814577
814576
814575
814574
814573
814572
814571
814569
814568
814567
814566
814565
814562
814561
814560
814559
814557
814556
814555
814554
814553
814552
814550
814549
814548
814547
814546
814545
814543
814542
814541
814540
814538
814537
814536
814535
814534
814533
814532
814531
814530
814529
814517
814516
814515
814513
814510
814508
814507
814506
814505
814504
814503
814502
814501
814500
814499
814498
814497
814495
814494
814493
814492
814491
814490
814489
814469
814458
814482
814481
814480
814479
814478
814477
814476
814475
814473
814472
814470
814466
814465
814463
814459
814455
814454
814453
814451
814450
814447
814446
814445
814441
814440
814438
814437
814436
814435
814434
814433
814432
814431
814430
814429
814428
814427
814426
814425
814424
814423
814422
814421
814420
814419
814418
814417
814416
814415
814414
814413
814412
814411
814410
814409
814408
814407
814406
814405
814404
814403
814402
814401
814400
814399
814398
814397
814396
814395
814394
814393
814392
814391
814390
814389
814387
814386
814385
814384
814383
814382
814381
814380
814379
814378
814377
814375
814374
814373
814372
814371
814370
814369
814368
814367
814366
814365
814364
814363
814360
814359
814358
814357
814356
814355
814354
