933279
933269
933203
933202
933574
933397
933399
933445
933456
933463
933514
933571
933400
933572
933573
933401
933392
933381
933467
933550
933554
933555
933583
933581
933512
933568
933394
933391
933383
933567
933395
933388
933384
933566
933543
933551
933513
933511
933462
933396
933389
933382
933393
933386
933380
933198
933200
933494
933597
933175
933605
933600
933601
933602
933603
933604
933599
933598
933595
933594
933593
933592
933591
933590
933589
933588
933587
933586
933585
933584
933582
933580
933579
933578
933577
933576
933575
933570
933569
933565
933564
933563
933562
933561
933560
933559
933558
933557
933556
933553
933552
933549
933544
933548
933547
933546
933545
933542
933541
933539
933538
933536
933535
933534
933533
933532
933531
933530
933529
933528
933527
933525
933526
933524
933523
933522
933521
933520
933519
933518
933517
933516
933515
933510
933509
933508
933507
933506
933504
933503
933502
933499
933498
933497
933496
933495
933493
933492
933491
933490
933488
933486
933485
933484
933483
933482
933481
933480
933479
933478
933477
933476
933475
933473
933471
933470
933466
933465
933464
933461
933460
933459
933455
933454
933453
933452
933451
933450
933449
933448
933447
933446
933444
933443
933442
933441
933440
933439
933438
933437
933436
933435
933434
933433
933408
933409
933422
933407
933428
933419
933423
933421
933418
933424
933425
933416
933415
933412
933430
933429
933411
933410
933420
933413
933432
933431
933427
933426
933417
933414
933406
933405
933404
933403
933402
933398
933390
933387
933385
933379
933378
933377
933376
933375
933374
933373
933372
933277
933276
933275
933371
933370
933369
933368
933349
933348
933346
933345
933344
933343
933342
933341
933340
933339
933338
933337
933336
933316
933315
933314
933313
933310
933309
933305
933288
933287
933286
933285
933284
933283
933266
933265
933264
933263
933262
933261
933260
933259
933258
933257
933256
933255
933254
933253
933252
933251
933250
933249
933248
933237
933229
933228
933227
933226
933225
933224
933223
933222
933221
933220
933201
933199
933197
933196
933195
933194
933193
933192
933191
933190
933189
933188
933187
933186
933185
933184
933182
933181
933180
933179
933178
933177
933176
933174
933172
933171
933170
933169
933168
933167
933166
933165
933164
933163
933162
933161
933160
933159
933158
933157
933156
933155
933154
933150
933147
933144
933143
933137
933130
933127
933126
