750551
750744
750728
750724
750582
750579
750595
750594
750589
750587
750585
750583
750570
750576
750566
750738
750740
750742
750741
750730
750563
750743
750722
750596
750591
750588
750584
750580
750568
750499
750500
750502
750694
750708
750578
750739
750727
750569
750564
750573
750567
750511
750932
750512
750506
750748
750934
750508
750931
750933
750806
750807
750808
750809
750810
750811
750812
750813
750814
750815
750816
750817
750818
750819
750820
750821
750822
750823
750824
750825
750826
750827
750828
750829
750830
750831
750832
750833
750834
750835
750836
750837
750838
750839
750840
750841
750842
750843
750844
750845
750846
750847
750848
750849
750850
750851
750852
750853
750854
750855
750856
750857
750858
750859
750860
750861
750862
750863
750864
750865
750866
750867
750868
750869
750870
750871
750872
750873
750874
750875
750876
750877
750878
750879
750880
750881
750882
750883
750884
750885
750886
750887
750888
750889
750890
750891
750892
750893
750894
750895
750896
750897
750898
750899
750711
750710
750805
750804
750803
750802
750801
750800
750799
750798
750797
750796
750795
750794
750793
750792
750791
750790
750789
750788
750787
750786
750785
750784
750783
750782
750781
750780
750779
750778
750777
750776
750775
750774
750773
750772
750771
750770
750769
750768
750767
750766
750765
750764
750763
750762
750761
750760
750759
750758
750757
750756
750755
750754
750753
750752
750751
750750
750935
750929
750928
750927
750926
750925
750924
750923
750922
750921
750920
750919
750917
750914
750913
750912
750911
750910
750909
750906
750905
750904
750903
750902
750901
750900
750749
750747
750746
750737
750736
750735
750734
750733
750696
750701
750704
750706
750709
750713
750715
750716
750717
750723
750725
750726
750729
750731
750732
750718
750714
750712
750707
750705
750703
750700
750699
750698
750697
750695
750664
750665
750667
750668
750669
750670
750672
750673
750674
750676
750677
750678
750679
750693
750692
750690
750689
750688
750687
750686
750685
750684
750683
750682
750681
750680
750675
750671
750666
750663
750662
750661
750660
750659
750658
750657
750656
750645
750655
750654
750653
750652
750650
750649
750648
750647
750646
750644
750643
750642
750641
750640
750639
750638
750637
750636
750635
750634
750633
750632
750631
750630
750629
750628
750627
750626
750625
750624
750623
750622
750621
750620
750619
750618
750617
750616
750615
750614
750613
750612
750611
750610
750609
750608
750607
750606
750605
750604
750603
750600
750599
750598
750597
750593
750592
750590
750586
750581
750574
750571
750565
750562
750561
750560
750559
750558
750557
750556
750555
750554
750553
750552
750550
750549
750548
750547
750546
750545
750544
750543
750542
750541
750540
750539
750538
750537
750536
750535
750534
750532
750526
750522
750521
750520
750519
750518
750517
750516
750515
750514
750513
750510
750509
750507
750505
750504
750503
750501
750498
750496
