787150
787149
787143
787141
787140
787139
787138
787137
787136
787135
787134
787133
787132
787131
787130
787129
787128
787142
786977
786959
787257
787170
787015
787166
787234
786957
787099
787095
787309
787102
787104
787106
787119
787210
787163
787249
787307
787310
787103
787096
787085
787080
787207
787093
787121
787077
787074
787071
787224
787111
787094
787109
787108
787091
787043
787036
787311
787250
787162
787208
787211
787100
787097
787042
787087
787069
787125
787038
787039
787089
787075
787068
787037
787041
787035
787127
786994
786993
786990
787058
787057
787055
787081
787248
787247
787246
787245
787244
787243
787241
786982
787332
787330
787329
787328
787326
787325
787324
787323
787321
787319
787318
787316
787314
787313
787312
787305
787304
787303
787302
787301
787300
787299
787298
787297
787296
787295
787294
787293
787292
787291
787290
787289
787288
787287
787286
787285
787284
787283
787282
787281
787280
787279
787278
787277
787276
787275
787274
787273
787272
787271
787270
787269
787268
787267
787266
787265
787264
787263
787262
787260
787259
787258
787256
787255
787254
787253
787252
787251
787240
787239
787238
787237
787233
787232
787231
787225
787227
787226
787223
787222
787221
787220
787219
787218
787217
787216
787215
787214
787213
787212
787209
787206
787205
787204
787203
787202
787201
787200
787199
787198
787197
787196
787195
787194
787193
787192
787190
787189
787188
787187
787186
787185
787184
787183
787182
787181
787180
787179
787177
787176
787175
787174
787173
787172
787171
787169
787168
787167
787165
787164
787161
787160
787151
787159
787154
787156
787157
787158
787153
787152
787148
787147
787146
787145
787144
787126
787124
787123
787122
787120
787118
787117
787116
787115
787114
787113
787112
787110
787107
787105
787101
787098
787092
787090
787088
787086
787083
787082
787079
787078
787076
787053
787050
787049
787059
787073
787072
787070
787067
787066
787065
787064
787063
787062
787061
787060
787056
787054
787052
787051
787048
787047
787046
787045
787044
787034
787033
787032
787031
787030
787029
787028
787027
787026
787025
787024
787023
787022
787021
787020
787019
787018
787017
787016
787014
787013
787011
787010
787009
787008
787007
787006
787005
787004
787003
787002
787001
787000
786999
786998
786997
786996
786992
786989
786988
786987
786985
786984
786983
786981
786980
786979
786978
786976
786975
786974
786973
786972
786971
786970
786969
786968
786967
786966
786965
786964
786963
786962
786961
786960
786958
786956
786954
786955
786953
786952
786951
786950
786949
786948
786947
786946
786945
786943
786942
786941
786940
786939
786938
786937
786936
786935
786934
786932
786931
786930
786929
786927
786926
786925
786924
786923
786922
786921
786920
786919
786918
786917
786916
786915
786914
786913
786912
786910
786908
786907
786906
786905
786904
