935716
935772
935773
935774
935795
935798
935833
935834
935836
935837
935797
935792
935840
935841
935796
935769
935768
935780
935729
935639
935670
935667
935660
935705
935838
935832
935802
935770
935731
935725
935720
935714
935713
935710
935695
935835
935800
935775
935703
935683
935839
935831
935799
935801
935702
935736
935735
935734
935733
935730
935727
935686
935668
935662
935657
935679
935654
935652
935651
935649
935648
935647
935646
935645
935644
935643
935642
935641
935640
935737
935721
935711
935708
935707
935685
935678
935661
935659
935638
935794
935578
935577
935576
935700
935817
935849
935848
935847
935846
935845
935844
935843
935842
935830
935829
935828
935827
935826
935825
935824
935822
935821
935820
935819
935818
935816
935815
935814
935813
935812
935810
935809
935808
935807
935806
935804
935803
935791
935790
935789
935788
935787
935785
935784
935783
935782
935781
935779
935776
935766
935765
935764
935763
935762
935761
935760
935759
935758
935757
935756
935755
935754
935753
935752
935751
935750
935749
935748
935747
935746
935745
935744
935743
935742
935741
935740
935739
935728
935726
935724
935723
935722
935719
935718
935717
935715
935712
935709
935706
935704
935699
935698
935696
935694
935693
935692
935691
935690
935689
935688
935687
935684
935682
935680
935677
935676
935673
935672
935671
935669
935666
935665
935664
935658
935656
935655
935653
935633
935632
935631
935630
935634
935635
935625
935629
935626
935637
935628
935627
935624
935623
935636
935622
935621
935620
935619
935618
935617
935616
935615
935614
935613
935612
935611
935610
935609
935608
935606
935605
935604
935603
935602
935601
935600
935599
935598
935597
935596
935595
935594
935593
935592
935591
935590
935589
935588
935587
935586
935585
935584
935583
935582
935581
935580
935579
935575
935574
935573
935571
935569
935568
935567
935566
935564
935561
935560
935559
935558
935557
935556
935555
935554
935553
935552
935551
935550
935549
935548
935547
935546
935545
935544
935543
935541
935540
935539
935538
935537
935536
935535
935534
935533
935532
935531
935530
935529
935528
935527
935525
935523
935522
935521
935520
935519
935518
935517
935516
935515
935514
935513
935512
935511
935510
935509
935508
935507
935506
