811299
811419
811415
811412
811409
811285
811273
811262
811405
811410
811403
811283
811279
811294
811257
811251
811301
811270
811267
811261
811293
811286
811280
811274
811266
811260
811252
811418
811416
811414
811411
811404
811401
811407
811298
811296
811277
811265
811276
811264
811256
811250
811297
811295
811255
811263
811268
811282
811275
811278
811284
811253
811395
811272
811269
811259
810904
810905
811377
811340
811397
811249
811248
811247
811246
811245
811244
811243
811242
811241
811240
811239
811238
811237
811236
811235
811234
811233
811232
811231
811230
811229
811228
811227
811226
811225
811224
811223
811222
811221
811220
811219
811218
811217
811216
811215
811214
811213
811212
811211
811210
811209
811208
811207
811206
811205
811204
811203
811202
811201
811200
811198
811197
811196
811195
811394
811194
811192
811191
811190
811189
811188
811186
811185
811184
811183
811182
811181
811180
811179
811178
811177
811176
811175
811174
811173
811172
811171
811170
811169
811168
811167
811166
811165
811164
811163
811162
811159
811160
811158
811157
811156
811155
811154
811153
811152
811150
811149
811135
811134
811133
811132
811131
811130
811129
811128
811127
811126
811125
811124
811123
811122
811121
811119
811118
811117
811116
811114
811113
811112
811111
811110
811109
811108
811107
811106
811105
811104
811103
811102
811101
811100
811099
811098
811097
811096
811095
811094
811093
811092
811091
811090
811089
811088
811087
811086
811085
811084
811083
811082
811081
811080
811079
811078
811077
811075
811074
811073
811072
811071
811070
811069
811068
811067
811066
811065
811064
811063
811062
811061
811060
811059
811058
811057
811056
811054
811053
811052
811051
811050
811049
811048
811047
811046
811045
811044
811043
811042
811041
811040
811039
811038
811037
811036
811035
811034
811033
811032
811031
811030
811029
811028
811026
811536
811535
811534
811533
811532
811531
811530
811528
811527
811525
811526
811524
811523
811522
811521
811520
811519
811518
811517
811516
811515
811514
811511
811510
811509
811508
811507
811506
811505
811402
811420
811413
811399
811406
811504
811503
811502
811501
811500
811498
811495
811491
811490
811483
811473
811472
811471
811470
811469
811468
811463
811462
811461
811458
811456
811454
811452
811451
811449
811447
811446
811444
811443
811429
811426
811425
811424
811423
811422
811421
811417
811408
811398
811396
811393
811392
811391
811390
811389
811388
811387
811386
811385
811383
811382
811381
811379
811378
811376
811375
811374
811373
811372
811371
811370
811369
811368
811367
811366
811365
811364
811362
811361
811360
811358
811357
811356
811355
811354
811353
811352
811351
811350
811349
811348
811347
811346
811345
811344
811343
811342
811341
811339
811338
811337
811336
811335
811334
811333
811332
811331
811330
811329
811328
811327
811326
811325
811324
811323
811322
811321
811320
811319
811318
811317
811316
811315
811314
811313
811312
811311
811310
811309
811308
811307
811306
811305
811304
811303
811302
811300
811292
811254
811281
811271
811258
811290
811289
811288
811287
811199
811193
811187
811161
811151
811148
811147
811146
811145
811144
811143
811142
811141
811140
811139
811137
811136
811120
811076
811055
811027
811025
811024
811023
811020
811019
811018
811017
811016
811015
811014
811013
811012
811011
811010
811009
811007
811006
811005
811004
811003
811002
811001
811000
810999
810998
810997
810996
810995
810994
810993
810992
810991
810990
810989
810988
810987
810986
810985
810984
810983
810981
810967
810939
810936
810935
810980
810979
810978
810977
810976
810975
810970
810969
810968
810963
810959
810958
810955
810952
810944
810942
810938
810937
810934
810929
810923
810922
810921
810920
810918
810917
810916
810915
810914
810913
810912
810910
810909
810908
810907
810906
810903
810902
810901
810900
810899
810898
810897
810896
810895
810894
810893
810892
810891
810890
810889
810888
810887
810886
810885
810884
810883
810882
810881
810880
810879
810878
810877
810876
810875
810874
810873
810872
810871
810870
810869
810868
810867
810866
810865
810864
810863
810862
810861
810860
810859
810858
810857
810856
810855
810854
810853
810852
810851
