859731
859730
859646
859644
859609
859614
859623
859636
859608
859613
859612
859620
859632
859643
859606
859611
859617
859629
859642
859639
859605
859610
859616
859625
859519
859645
859604
859277
859375
859562
859564
859583
859622
859602
859512
859503
859484
859640
859638
859628
859627
859570
859574
859418
859415
859405
859455
859464
859469
859480
859637
859631
859467
859487
859485
859586
859566
859561
859619
859603
859509
859476
859417
859413
859465
859406
859368
859365
859344
859279
859374
859493
859367
859569
859560
859494
859601
859474
859635
859626
859468
859466
859454
859416
859412
859373
859278
859366
859633
859624
859559
859563
859618
859582
859571
859565
859371
859276
859763
859760
859747
859748
859765
859764
859674
859274
859750
859749
859667
859600
859273
859470
859471
859473
859475
859479
859482
859483
859599
859598
859597
859596
859595
859594
859272
859271
859270
859267
859268
859414
859411
859407
859762
859742
859410
859451
859453
859457
859504
859654
859351
859505
859754
859753
859752
859766
859761
859759
859758
859755
859756
859757
859751
859746
859745
859744
859743
859740
859739
859738
859737
859736
859735
859732
859729
859728
859727
859726
859725
859724
859723
859722
859721
859720
859719
859717
859716
859715
859714
859713
859711
859710
859709
859708
859707
859705
859704
859703
859702
859700
859699
859698
859697
859696
859695
859694
859693
859692
859691
859690
859689
859688
859687
859686
859685
859684
859683
859682
859681
859680
859679
859678
859677
859676
859675
859673
859672
859671
859670
859669
859668
859666
859665
859664
859663
859662
859661
859660
859659
859658
859657
859656
859653
859652
859651
859650
859648
859641
859634
859630
859621
859615
859593
859592
859591
859590
859589
859588
859587
859585
859584
859581
859580
859579
859578
859577
859576
859575
859573
859572
859567
859558
859557
859556
859555
859554
859553
859552
859551
859550
859549
859548
859547
859546
859545
859544
859543
859542
859541
859540
859539
859538
859537
859536
859535
859534
859533
859532
859531
859530
859529
859528
859527
859526
859525
859524
859523
859522
859521
859520
859518
859517
859516
859515
859514
859513
859511
859510
859507
859506
859502
859501
859500
859499
859269
859498
859497
859496
859495
859492
859491
859490
859489
859488
859486
859481
859478
859477
859472
859463
859462
859461
859460
859459
859458
859456
859452
859450
859449
859447
859448
859446
859445
859444
859443
859442
859441
859440
859439
859438
859437
859436
859435
859434
859433
859432
859431
859430
859429
859428
859426
859425
859424
859423
859421
859420
859419
859404
859403
859402
859401
859400
859399
859398
859397
859396
859395
859394
859379
859387
859376
859350
859349
859393
859392
859391
859390
859389
859388
859386
859385
859384
859383
859382
859381
859380
859378
859377
859372
859370
859369
859364
859363
859362
859361
859360
859359
859358
859357
859356
859355
859354
859353
859352
859348
859347
859346
859345
859343
859342
859341
859340
859339
859338
859337
859336
859335
859334
859333
859332
859331
859330
859329
859328
859327
859326
859325
859324
859323
859322
859321
859320
859319
859318
859317
859316
859315
859314
859313
859312
859311
859310
859309
859308
859307
859306
859305
859304
859303
859302
859301
859300
859299
859298
859297
859296
859295
859294
859293
859292
859290
859289
859288
859287
859286
859285
859284
859283
859282
859281
859280
859275
859266
859265
859264
859263
859262
859261
859260
859259
859258
859257
859256
859255
859254
859253
859250
859248
859247
859245
859244
859243
859241
859252
859251
859249
859246
859242
859240
859239
859238
859237
859236
859235
859234
859233
859232
859231
859230
