740099
740098
740338
740337
740101
740100
740364
740362
740360
740363
740365
740354
740350
740346
740341
740326
740319
740361
740351
740317
740310
740323
740320
740366
740321
740344
740313
740356
740325
740345
740343
740308
740312
740358
740348
740342
740311
740324
740322
740314
740318
740103
740102
740254
740253
740078
740251
740083
740093
740147
740225
740242
740281
740284
740302
740353
740370
740378
740329
740076
740377
740376
740375
740374
740373
740372
740371
740369
740368
740367
740359
740357
740355
740352
740349
740347
740340
740339
740336
740335
740334
740333
740332
740331
740330
740328
740327
740021
740022
740023
740024
740025
740026
740029
740030
740033
740034
740035
740036
740039
740040
740041
740042
740043
740044
740045
740047
740048
740049
740050
740051
740052
740053
740054
740055
740056
740057
740059
740060
740061
740062
740063
740064
740067
740068
740069
740070
740316
740315
740309
740305
740304
740303
740301
740300
740299
740298
740297
740296
740295
740294
740293
740292
740291
740290
740289
740288
740287
740286
740285
740283
740282
740280
740279
740278
740277
740276
740275
740274
740273
740272
740271
740270
740269
740268
740267
740266
740265
740264
740262
740259
740258
740257
740256
740255
740252
740250
740249
740248
740247
740246
740244
740243
740241
740240
740239
740238
740237
740236
740235
740234
740233
740232
740231
740230
740229
740228
740227
740226
740224
740223
740222
740221
740220
740219
740218
740208
740217
740216
740215
740214
740212
740211
740210
740209
740207
740206
740205
740204
740203
740202
740201
740200
740199
740198
740197
740196
740195
740194
740193
740192
740191
740190
740189
740188
740187
740186
740185
740184
740183
740182
740181
740180
740179
740178
740177
740176
740175
740174
740173
740172
740171
740170
740169
740168
740167
740166
740165
740164
740163
740162
740161
740160
740159
740158
740157
740156
740155
740154
740153
740152
740151
740149
740148
740146
740145
740144
740143
740142
740141
740140
740139
740138
740137
740136
740135
740134
740133
740108
740109
740110
740111
740112
740113
740114
740115
740116
740117
740118
740119
740120
740121
740122
740123
740124
740125
740126
740127
740128
740129
740130
740131
740132
740107
740106
740105
740104
740097
740096
740095
740094
740092
740091
740090
740089
740088
740087
740086
740085
740084
740082
740081
740080
740079
740075
740074
740073
740072
740071
740066
740065
740058
740046
740038
740037
740032
740031
740028
740027
740020
