755303
755310
755348
755306
755301
755299
755316
755307
755332
755331
755312
755309
755356
755358
755216
755239
755237
755220
755218
755215
755345
755333
755221
755214
755308
755318
755311
755330
755357
755054
755051
755213
755238
755229
755227
755039
754992
755038
755007
755226
755057
755055
755053
755050
755006
755005
754987
754986
755037
755035
755032
754985
755036
755034
755294
754919
754932
754946
754966
755052
755150
755293
755359
755360
755361
755362
755363
755364
755365
755366
755367
755368
755369
755371
755373
755374
755375
755376
755377
755378
755379
755380
755381
755382
755383
755384
755386
755387
755388
755389
755390
755391
755468
755467
755466
755465
755464
755463
755462
755461
755460
755459
755458
755457
755456
755455
755454
755453
755452
755451
755450
755449
755448
755447
755446
755445
755444
755443
755442
755441
755440
755439
755438
755437
755436
755435
755434
755433
755432
755431
755430
755429
755428
755427
755426
755425
755424
755423
755422
755421
755420
755419
755418
755417
755416
755415
755414
755413
755412
755411
755410
755409
755408
755407
755406
755405
755404
755403
755402
755401
755400
755399
755398
755397
755396
755395
755394
755393
755392
755385
755372
755370
755355
755354
755353
755352
755351
755347
755346
755344
755343
755342
755341
755340
755339
755338
755337
755336
755335
755334
755329
755328
755326
755324
755323
755322
755321
755320
755319
755317
755315
755314
755313
755305
755304
755302
755297
755296
755295
755292
755291
755290
755289
755288
755286
755285
755284
755283
755281
755280
755279
755278
755277
755276
755275
755274
755272
755271
755270
755269
755268
755267
755266
755264
755263
755262
755260
755258
755256
755255
755253
755252
755251
755249
755248
755247
755246
755245
755244
755243
755242
755241
755240
755236
755233
755232
755231
755230
755225
755224
755223
755222
755219
755217
755212
755211
755210
755209
755208
755206
755205
755204
755203
755201
755200
755199
755198
755197
755196
755195
755194
755193
755192
755191
755190
755189
755188
755187
755186
755185
755184
755183
755182
755181
755180
755179
755178
755177
755176
755175
755174
755173
755172
755171
755170
755169
755168
755166
755165
755164
755163
755162
755161
755160
755159
755158
755157
755156
755155
755154
755153
755152
755151
755149
755148
755147
755146
755145
755144
755143
755142
755141
755140
755139
755138
755136
755135
755134
755133
755132
755131
755130
755062
755059
755129
755128
755127
755126
755125
755124
755123
755122
755121
755120
755119
755118
755117
755116
755115
755114
755113
755112
755111
755110
755109
755108
755107
755105
755104
755103
755102
755101
755100
755099
755098
755097
755096
755095
755094
755093
755092
755091
755090
755089
755088
755087
755086
755085
755084
755083
755082
755081
755080
755079
755078
755077
755076
755075
755074
755073
755072
755071
755070
755069
755068
755067
755066
755065
755060
755061
755064
755063
755058
755056
755049
755048
755047
755046
755045
755044
755043
755042
755023
755025
755041
755040
755024
755022
755033
755031
755030
755029
755028
755027
755026
755021
755020
755019
755018
755017
755016
755015
755014
755013
755012
755011
755010
755009
755008
755004
755003
755002
755001
755000
754999
754998
754996
754995
754994
754993
754991
754990
754989
754988
754984
754983
754982
754981
754980
754979
754978
754977
754976
754975
754974
754973
754972
754971
754970
754969
754968
754967
754965
754964
754963
754962
754961
754960
754959
754958
754957
754956
754954
754953
754952
754951
754950
754949
754947
754945
754944
754943
754942
754940
754939
754938
754937
754934
754936
754935
754930
754928
754926
754925
754924
754923
754922
754921
754920
754918
754917
754916
754915
