746013
746027
746026
746066
746062
746059
746055
746014
746056
746016
746065
746061
746060
746211
746029
746064
746063
746058
746057
746015
746106
746107
746105
746030
746033
745966
746031
746034
746037
746036
746032
746039
746035
746221
746222
746225
746224
746217
746216
746227
745913
745914
745915
745916
745917
745918
745919
745920
745921
745922
745977
745978
745979
745980
745981
745982
745983
746226
746223
746220
746219
746218
746215
746214
746213
746212
746210
746209
746204
746203
746190
746191
746192
746197
745940
745941
745942
745943
745944
746080
746081
746120
746146
746176
746198
746196
746193
746202
746201
746200
746199
746195
746194
746189
746188
746187
746186
746185
746184
746183
746182
746180
746179
746178
746177
746175
746174
746173
746172
746171
746170
746169
746161
746164
746163
746165
746168
746167
746166
746162
746160
746159
746158
746157
746156
746155
746154
746153
746152
746151
746150
746149
746148
746147
746145
746144
746143
746142
746141
746140
746139
746138
746137
746136
746135
746134
746133
746132
746131
746130
746129
746128
746127
746126
746124
746123
746122
746121
746119
746118
746117
746116
746115
746114
746113
746112
746111
746110
746109
746108
746104
746103
746102
746101
746099
746096
746095
746094
746092
746093
746091
746090
746089
746087
746086
746085
746084
746083
746082
746079
746078
746077
746076
746075
746074
746073
746072
746071
746070
746069
746068
746067
746054
746053
746052
746051
746050
746049
746048
746047
746046
746045
746044
746043
746042
746041
746040
746038
746028
746025
746024
746023
746022
746021
746020
746019
746018
746017
746012
746010
746009
746007
746006
746005
746004
746003
746002
746001
746000
745999
745998
745997
745996
745995
745994
745993
745992
745991
745990
745989
745988
745987
745986
745985
745984
745975
745974
745973
745971
745970
745969
745968
745967
745965
745964
745963
745962
745961
745960
745959
745958
745957
745956
745955
745954
745953
745952
745951
745950
745949
745948
745947
745946
745945
745939
745938
745937
745936
745935
745934
745933
745932
745931
745930
745929
745928
745927
745926
745925
745924
745923
