745061
745071
745069
745065
745199
745225
745206
745205
745082
745077
745203
745087
745089
745041
745040
745078
745076
745064
745202
745083
745080
745053
745073
744875
744907
744919
744924
744942
744890
744882
744935
744926
744903
744892
744900
744883
744925
744905
744902
744869
744909
745250
745247
745254
745256
744984
744983
745222
745221
745220
745249
745248
745255
745252
745251
744932
744922
744912
744894
744891
744927
744878
744879
744873
744899
744940
744884
744877
744881
744872
744938
744910
744920
744901
744893
744871
745266
745267
745167
745160
745118
745150
745166
745124
745128
745257
745253
745156
745161
745174
745153
745179
745120
745115
745173
745162
745140
745119
745164
745159
745122
745117
744874
744888
744898
744911
744928
744934
744906
744876
744880
744895
744937
744923
745116
745121
744914
744870
744889
744908
744921
745265
745269
745268
744953
744954
744963
745046
745090
745099
745107
745130
745136
745138
745207
745237
745238
745239
745241
745242
745264
745263
745262
745261
745260
745259
745258
745246
745245
745244
745243
745240
745236
745235
745234
745233
745232
745231
745230
745229
745228
745227
745226
745224
745223
745219
745218
745217
745216
745215
745214
745213
745212
745211
745210
745209
745208
745204
745201
745200
745198
745197
745196
745195
745193
745192
745191
745190
745189
745188
745187
745185
745183
745182
745181
745180
745178
745177
745176
745175
745172
745171
745170
745169
745168
745165
745163
745158
745157
745155
745154
745152
745151
745149
745148
745147
745146
745145
745143
745142
745141
745139
745137
745135
745134
745133
745132
745131
745127
745126
745125
745123
745114
745113
745079
745111
745110
745109
745108
745106
745105
745104
745103
745102
745101
745100
745098
745097
745096
745095
745094
745093
745091
745088
745086
745085
745084
745081
745075
745074
745070
745067
745066
745062
745060
745059
745058
745057
745056
745055
745054
745052
745051
745050
745049
745048
745047
745045
745044
745043
745042
745038
745037
745036
745035
745033
745032
745030
745029
745028
745027
745026
745023
745022
745021
745020
745019
745018
745017
745016
745015
745014
745013
745012
745011
745010
745009
745007
745006
745005
745004
745003
744999
744998
744997
744996
744994
744993
744992
744991
744990
744989
744988
744987
744986
744985
744982
744981
744980
744979
744978
744977
744976
744974
744966
744965
744964
744962
744961
744960
744959
744958
744957
744956
744955
744952
744947
744946
744944
744943
744948
744941
744936
744951
744950
744949
744933
744931
744930
744939
744945
744918
744917
744916
744915
744913
744904
744887
744885
744868
