810731
810732
810429
810733
810729
810353
810317
810718
810310
810725
810717
810352
810349
810346
810311
810734
810308
810297
810291
810304
810357
810716
810356
810345
810341
810723
810715
810327
810318
810313
810289
810288
810294
810298
810355
810354
810721
810714
810312
810719
810713
810301
810295
810299
810290
810287
810296
810300
810293
810793
810792
810791
810790
810787
810785
810782
810724
810722
810720
810223
810222
810220
810212
810211
810209
810493
810480
810478
810475
810471
810469
810464
810461
810460
810455
810453
810447
810446
810673
810675
810678
810753
810591
810331
810336
810384
810690
810688
810687
810685
810684
810682
810681
810680
810679
810676
810674
810671
810670
810669
810666
810663
810662
810659
810657
810654
810652
810650
810649
810646
810645
810643
810642
810641
810639
810637
810636
810635
810634
810629
810627
810626
810624
810623
810622
810620
810564
810565
810566
810567
810569
810570
810572
810573
810575
810578
810618
810616
810500
810499
810497
810494
810491
810489
810488
810487
810486
810484
810483
810482
810481
810479
810477
810474
810473
810472
810509
810511
810512
810513
810514
810515
810516
810517
810518
810519
810520
810521
810522
810529
810563
810470
810468
810467
810466
810465
810463
810462
810459
810458
810456
810454
810452
810451
810449
810448
810445
810444
810442
810441
810440
810850
810849
810848
810847
810845
810844
810843
810842
810841
810840
810839
810838
810837
810836
810835
810834
810833
810832
810831
810830
810829
810828
810827
810826
810825
810824
810823
810822
810821
810820
810819
810818
810817
810816
810815
810814
810813
810812
810811
810810
810809
810808
810807
810806
810805
810804
810803
810802
810801
810800
810799
810798
810797
810796
810795
810794
810789
810788
810786
810784
810783
810781
810780
810779
810778
810777
810776
810775
810774
810773
810771
810769
810766
810765
810764
810763
810762
810761
810760
810758
810757
810756
810755
810754
810752
810751
810750
810748
810747
810746
810745
810744
810743
810742
810741
810740
810739
810738
810737
810736
810730
810728
810727
810726
810712
810711
810710
810709
810708
810707
810706
810705
810704
810703
810702
810701
810700
810699
810698
810696
810695
810694
810693
810692
810691
810689
810683
810677
810672
810668
810667
810661
810660
810656
810655
810653
810648
810647
810644
810640
810638
810633
810632
810631
810630
810628
810625
810621
810619
810617
810615
810614
810613
810612
810611
810610
810609
810608
810607
810606
810605
810603
810601
810600
810599
810598
810597
810596
810595
810594
810593
810590
810589
810588
810587
810586
810585
810584
810583
810582
810581
810580
810579
810577
810576
810571
810568
810562
810561
810560
810559
810558
810557
810556
810555
810554
810553
810552
810551
810550
810549
810548
810547
810546
810545
810544
810543
810542
810523
810541
810540
810539
810538
810537
810536
810535
810534
810533
810532
810531
810530
810528
810527
810526
810525
810524
810510
810508
810507
810506
810505
810504
810503
810502
810501
810498
810496
810495
810492
810490
810485
810476
810457
810450
810443
810439
810438
810437
810436
810435
810434
810433
810432
810431
810430
810428
810427
810426
810425
810424
810423
810422
810420
810421
810401
810419
810418
810416
810415
810414
810413
810412
810411
810410
810409
810408
810407
810406
810405
810404
810403
810402
810400
810399
810398
810397
810396
810395
810394
810393
810392
810391
810390
810389
810388
810387
810386
810385
810383
810382
810381
810380
810379
810378
810377
810376
810375
810374
810373
810372
810371
810370
810369
810368
810367
810366
810365
810364
810363
810362
810361
810360
810359
810358
810351
810350
810348
810347
810344
810343
810342
810340
810339
810338
810337
810335
810334
810333
810332
810330
810323
810324
810329
810325
810326
810328
810322
810321
810319
810316
810315
810314
810309
810307
810306
810305
810303
810302
810292
810286
810284
810282
810281
810280
810279
810278
810277
810276
810275
810274
810273
810272
810271
810270
810269
810268
810267
810266
810265
810264
810263
810262
810261
810260
810259
810258
810257
810256
810255
810254
810253
810252
810251
810250
810249
810248
810247
810246
810245
810244
810243
810242
810241
810240
810239
810238
810237
810236
810235
810234
810233
810232
810231
810230
810229
810228
810227
810226
810225
810224
810221
810219
810218
810217
810216
810215
810214
810213
810207
810206
810204
810202
810199
810198
810197
810196
810195
810194
810193
810192
810191
810190
810189
810162
810157
810156
810155
810154
810153
810152
810151
810150
810149
810148
810147
810146
810143
810142
810141
810140
810139
810138
810137
810136
810135
810134
810133
810132
810131
810130
810129
810128
810127
810126
810125
810124
810123
810122
810121
810120
810118
810117
810116
