856291
856289
856302
856300
856277
856278
856281
856269
856270
856274
856268
856267
856266
856301
856299
856297
856285
856283
856295
856284
856282
856280
856275
856273
856272
856271
856567
856566
856647
856640
856451
856372
856573
856576
856454
856422
856389
856358
856353
856575
856360
856355
856421
856386
856453
856382
856450
856572
856351
856357
856452
856419
856391
856356
856350
856349
856449
856371
856530
856492
856507
856528
856623
856624
856636
856638
856676
856484
856482
856478
856476
856475
856472
856471
856470
856469
856467
856466
856486
856481
856662
856661
856660
856487
856480
856474
856677
856675
856674
856673
856672
856671
856670
856669
856668
856667
856666
856665
856664
856663
856659
856658
856657
856656
856655
856654
856653
856652
856651
856650
856649
856646
856645
856644
856643
856642
856641
856639
856637
856635
856634
856632
856631
856630
856629
856628
856627
856625
856622
856621
856620
856619
856618
856617
856616
856615
856614
856613
856612
856611
856610
856609
856608
856607
856606
856605
856604
856603
856602
856601
856600
856599
856598
856597
856596
856595
856594
856593
856592
856591
856590
856589
856588
856587
856586
856585
856584
856583
856582
856581
856580
856579
856578
856577
856574
856571
856570
856569
856568
856565
856564
856563
856562
856559
856558
856557
856556
856555
856554
856553
856552
856551
856550
856549
856548
856547
856546
856545
856544
856543
856542
856541
856540
856539
856538
856537
856536
856535
856534
856532
856531
856529
856527
856525
856524
856523
856522
856521
856520
856519
856518
856517
856516
856515
856514
856513
856512
856511
856510
856509
856508
856506
856505
856504
856503
856502
856501
856500
856499
856498
856497
856496
856495
856494
856493
856491
856490
856489
856488
856483
856479
856477
856468
856465
856464
856463
856462
856461
856460
856459
856458
856457
856456
856455
856447
856446
856445
856444
856443
856442
856441
856440
856439
856438
856437
856436
856435
856434
856433
856432
856430
856428
856427
856426
856425
856424
856420
856418
856417
856416
856415
856414
856412
856411
856410
856408
856407
856403
856402
856401
856398
856396
856394
856392
856390
856388
856387
856385
856384
856383
856381
856380
856379
856378
856377
856376
856375
856373
856370
856369
856368
856367
856366
856365
856364
856363
856362
856361
856359
856354
856352
856348
856347
856346
856345
856344
856343
856342
856341
856340
856339
856338
856337
856336
856335
856334
856333
856332
856331
856330
856329
856328
856326
856325
856324
856323
856322
856321
856320
856319
856318
856316
856315
856314
856313
856312
856311
856310
856309
856308
856307
856306
856305
856304
856303
856298
856296
856294
856293
856292
856290
856288
856287
856286
856279
856276
856265
856264
856263
856262
856261
856260
856259
856258
856257
856256
856255
856254
856253
856252
856251
856250
856249
856248
856247
856246
856245
856244
856243
856242
856241
856240
856239
856238
856237
856235
856234
856233
856232
856231
856230
856229
856228
856227
