877144
877505
877501
877480
877494
877489
877142
877225
877219
877224
877218
877143
877504
877500
877477
877493
877485
877223
877216
877222
877221
877214
877246
877238
877245
877237
877233
877229
877220
877242
877235
877232
877228
877240
877234
877230
877227
877226
877139
877503
877499
877492
877483
877476
877502
877497
877490
877481
877474
877448
877440
877435
877434
877432
877431
877430
877429
877253
877252
877284
877531
877446
877445
877439
877380
877377
877376
877375
877373
877282
877199
877197
877196
877194
877193
877192
877190
877188
877186
877184
877182
877181
877178
877280
877451
877449
877443
877437
877433
877428
877427
877183
877195
877191
877185
877180
877177
877189
877187
877179
877396
877401
877402
877403
877315
877589
877588
877488
877475
877455
877426
877126
877134
877398
877400
877587
877586
877585
877498
877496
877495
877473
877469
877425
877410
877399
877397
877394
877393
877346
877345
877329
877048
877334
877335
877336
877337
877338
877333
877332
877331
877330
877328
877327
877325
877323
877322
877319
877318
877317
877316
877312
877313
877314
877311
877309
877306
877304
877141
877137
877133
877130
877124
877053
877047
877101
877103
877110
877119
877057
877339
877098
877354
877362
877551
877598
877597
877596
877595
877593
877592
877591
877590
877584
877583
877582
877581
877580
877579
877578
877577
877576
877575
877574
877573
877572
877571
877570
877569
877568
877567
877566
877565
877564
877563
877562
877561
877560
877559
877558
877557
877556
877555
877554
877553
877552
877550
877549
877548
877547
877546
877545
877544
877543
877542
877541
877540
877539
877538
877537
877536
877535
877534
877533
877532
877530
877529
877528
877527
877526
877525
877524
877522
877521
877520
877519
877518
877517
877516
877515
877514
877513
877512
877511
877510
877509
877508
877506
877491
877487
877486
877484
877482
877479
877478
877472
877471
877470
877468
877467
877466
877465
877464
877463
877462
877461
877460
877459
877458
877457
877456
877454
877453
877452
877447
877444
877442
877441
877438
877436
877424
877423
877422
877421
877420
877419
877418
877417
877416
877415
877414
877413
877412
877411
877409
877408
877407
877406
877405
877404
877395
877392
877391
877390
877389
877388
877387
877386
877385
877384
877383
877382
877381
877379
877378
877374
877372
877371
877370
877369
877368
877367
877366
877365
877364
877363
877361
877360
877359
877358
877356
877355
877353
877352
877344
877343
877351
877349
877348
877347
877342
877341
877340
877326
877324
877321
877320
877310
877308
877307
877305
877303
877302
877301
877300
877298
877297
877296
877295
877294
877293
877292
877291
877290
877289
877288
877287
877286
877285
877283
877281
877279
877278
877276
877275
877274
877273
877272
877271
877270
877269
877268
877267
877266
877264
877263
877262
877261
877260
877259
877258
877256
877255
877254
877250
877249
877248
877247
877244
877243
877241
877239
877236
877231
877217
877215
877213
877212
877211
877210
877209
877208
877207
877206
877205
877204
877203
877202
877201
877200
877198
877176
877175
877174
877173
877172
877171
877170
877169
877168
877167
877166
877165
877164
877163
877162
877161
877160
877159
877157
877155
877154
877153
877152
877151
877150
877149
877148
877147
877146
877145
877140
877138
877136
877135
877132
877131
877129
877128
877127
877125
877123
877122
877121
877120
877118
877117
877116
877115
877114
877113
877112
877111
877109
877108
877107
877106
877105
877104
877102
877100
877099
877097
877096
877095
877094
877093
877092
877091
877090
877089
877088
877087
877086
877085
877084
877083
877082
877081
877080
877079
877078
877077
877076
877075
877074
877073
877072
877071
877070
877069
877068
877067
877066
877065
877064
877063
877062
877061
877060
877059
877058
877056
877055
877054
877052
877051
877050
877049
877046
877045
877044
877043
877042
877041
877040
877039
877038
877037
877036
877035
877034
877033
877032
877031
877030
877029
877028
877027
877026
877025
877024
877023
