848068
848067
848066
848063
848065
848178
848076
848080
848368
848364
848173
848109
848106
848107
848108
848104
848280
848175
848217
848233
848017
848018
848019
848140
848285
848262
848279
848278
848274
848273
848272
848271
848265
848264
848263
848261
848258
848257
848256
848254
848250
848247
848040
848037
848253
848251
848249
848260
848259
848252
848039
848038
848359
848149
848151
848155
848282
848276
848145
848148
848270
848366
848363
848362
848361
848360
848358
848357
848355
848354
848353
848352
848350
848349
848348
848347
848346
848345
848344
848341
848340
848339
848338
848337
848336
848335
848334
848333
848332
848331
848330
848329
848328
848327
848325
848324
848323
848322
848321
848320
848319
848318
848317
848316
848315
848314
848313
848312
848311
848310
848309
848308
848307
848306
848305
848304
848303
848302
848301
848300
848299
848298
848297
848296
848295
848294
848293
848292
848291
848290
848289
848288
848287
848286
848284
848277
848275
848281
848269
848268
848266
848255
848246
848245
848226
848267
848248
848244
848243
848242
848241
848240
848239
848238
848237
848236
848235
848234
848232
848230
848229
848228
848227
848225
848224
848223
848222
848221
848220
848219
848218
848216
848215
848214
848213
848212
848211
848210
848209
848208
848207
848206
848205
848204
848203
848202
848201
848200
848154
848147
848199
848198
848197
848196
848195
848194
848193
848192
848191
848190
848189
848188
848187
848186
848185
848184
848183
848182
848181
848177
848176
848174
848172
848171
848170
848168
848167
848166
848165
848164
848163
848162
848159
848158
848157
848153
848150
848146
848144
848156
848152
848143
848142
848139
848138
848137
848136
848135
848134
848133
848132
848131
848130
848129
848128
848127
848126
848125
848122
848121
848124
848120
848123
848119
848118
848117
848116
848115
848114
848112
848111
848110
848105
848103
848102
848101
848100
848099
848098
848097
848096
848095
848094
848093
848092
848091
848090
848089
848088
848087
848086
848085
848084
848083
848082
848081
848079
848078
848075
848074
848073
848072
848071
848070
848069
848064
848062
848061
848060
848057
848056
848055
848054
848053
848052
848051
848050
848049
848048
848047
848046
848045
848044
848043
848042
848041
848036
848035
848034
848033
848032
848031
848030
848029
848028
848027
848026
848025
848024
848021
848020
848016
848015
848014
848013
848012
848011
848010
848009
848008
848007
848006
848005
