902024
902009
902007
901992
901833
901986
901980
901984
901974
902078
902025
902006
901998
901885
901786
901785
901781
901730
901784
902000
901783
901777
901718
902023
901997
901979
901963
901891
901884
901722
901732
901727
901983
901966
901894
901994
901883
901876
902004
901995
901999
901982
901965
901890
901721
901964
901779
902003
901996
901977
901961
901889
902002
901729
901881
901993
901976
901958
901888
901878
901728
902077
902076
902075
902073
901875
901872
901724
901737
901739
902071
902070
902060
902058
902057
902056
902055
902054
902053
902048
902047
902045
902044
902043
902042
902040
902039
902038
902037
902036
902035
901741
902017
902016
902015
901740
901870
901841
901843
902096
902095
902094
902092
902090
902088
902087
902086
902085
902084
902083
902082
902081
902080
902079
902074
902069
902068
902067
902066
902065
902064
902063
902062
902061
902059
902052
902051
902050
902049
902046
902041
902034
902033
902032
902031
902030
902029
902028
902027
902026
902022
902021
902014
902013
902012
902011
902010
902008
902005
902001
901991
901990
901989
901988
901987
901985
901981
901978
901975
901973
901972
901971
901970
901969
901967
901962
901960
901959
901957
901956
901955
901954
901953
901952
901951
901950
901949
901948
901947
901946
901945
901944
901943
901942
901941
901939
901938
901937
901936
901935
901934
901933
901932
901931
901930
901929
901928
901927
901926
901925
901924
901923
901922
901921
901920
901919
901918
901917
901916
901911
901910
901909
901908
901907
901906
901904
901903
901902
901901
901900
901899
901898
901896
901895
901893
901892
901887
901886
901882
901880
901879
901877
901874
901873
901871
901869
901868
901867
901866
901865
901864
901863
901862
901861
901860
901859
901858
901857
901856
901855
901854
901853
901852
901851
901850
901849
901848
901847
901846
901845
901844
901840
901839
901838
901837
901836
901835
901834
901832
901831
901830
901829
901828
901827
901826
901825
901824
901823
901822
901821
901820
901819
901818
901816
901815
901814
901813
901812
901811
901810
901809
901808
901807
901806
901804
901803
901802
901801
901800
901799
901798
901797
901796
901795
901793
901792
901791
901790
901789
901788
901787
901782
901778
901776
901775
901774
901773
901772
901771
901770
901769
901768
901767
901766
901765
901764
901763
901762
901761
901760
901759
901758
901757
901756
901755
901754
901753
901752
901751
901750
901749
901748
901747
901746
901745
901744
901743
901742
901738
901736
901735
901734
901733
901731
901726
901725
901723
901720
901719
901717
901716
901715
901714
901713
901712
901711
901710
901709
901708
901706
901705
901704
901703
901702
901701
901700
901699
901697
901696
901695
901694
901692
901691
901690
901689
901688
901687
901686
901685
901684
901683
901682
901681
901680
901679
901678
901677
901676
901675
901674
901673
901672
901671
901670
901669
901667
901666
901665
901664
901663
901662
901661
901660
901659
901658
901657
901656
901655
901654
901653
901652
901651
901650
901649
901648
901647
901646
901645
901644
901643
901642
901640
901639
901638
901636
901635
901634
901633
901632
901631
901630
901629
901628
901627
