852517
852514
852509
852516
852512
852508
852506
852515
852510
852507
852505
852876
852559
852929
852732
852729
852728
852726
852495
852500
852654
852655
852656
852694
852695
852869
852870
852896
852524
852596
852625
852885
852448
852450
852446
853106
852961
853107
853073
853074
853090
853067
853083
853078
853066
853092
853068
853065
853062
853061
852633
852617
853081
853093
853096
853070
853098
853087
853069
853099
853076
853079
852979
853095
853094
853072
853084
853085
853088
852632
852618
852974
853043
852989
852906
852901
852797
852982
852753
852735
852987
852631
852641
852626
852649
852628
853097
852986
853041
852970
852907
852796
852750
852737
852645
852623
852592
852591
852488
852485
852978
852616
852905
852795
852733
852594
852629
852794
852747
852730
852640
852621
852615
852635
852643
852946
852620
852455
852456
853040
852967
852904
852898
852785
852745
852725
852630
852637
852619
852590
852487
852951
852944
853104
853103
852950
852947
852943
852942
852941
852939
852926
852940
852938
852937
852931
852930
852927
852925
852923
852921
852920
852919
852916
852915
852890
852889
852560
852924
852922
852918
852914
852913
852912
852911
852910
852891
852888
852479
852829
852887
852588
852586
852585
852584
852582
852581
852580
852579
852578
852577
852574
852570
852568
852567
852558
853058
853057
853056
852573
852572
852571
852569
852566
852565
852564
852562
852561
852557
852556
852555
852551
852550
852549
852548
852547
852546
852545
852544
852543
852542
853054
853053
853052
853051
853050
853047
853048
853049
852998
853002
853000
853046
853045
853044
853039
853038
853036
853035
853034
853033
853032
853031
853030
853029
853028
853027
853026
852462
852461
852460
853025
853024
853023
853022
853021
853020
852576
852917
852575
853113
853112
853111
853110
853109
853108
853105
853102
853101
853100
853091
853089
853086
853082
853080
853077
853075
853071
853064
853063
853060
853059
853055
853042
853037
853019
853017
853016
853015
853014
853013
853012
853011
853010
853009
853008
853007
853006
853005
853004
853003
853001
852999
852997
852996
852995
852994
852993
852992
852991
852990
852988
852985
852984
852983
852981
852980
852977
852976
852975
852973
852972
852971
852969
852968
852966
852965
852964
852963
852962
852960
852959
852958
852957
852956
852955
852954
852953
852952
852949
852948
852945
852936
852935
852934
852933
852932
852928
852909
852908
852903
852900
852899
852897
852895
852894
852893
852892
852886
852884
852883
852882
852881
852880
852878
852875
852874
852873
852872
852871
852868
852867
852866
852865
852864
852863
852861
852860
852859
852858
852857
852855
852854
852853
852852
852851
852849
852848
852847
852846
852845
852844
852843
852842
852841
852840
852839
852838
852837
852836
852835
852834
852833
852832
852831
852830
852828
852827
852826
852825
852824
852823
852822
852821
852820
852818
852816
852815
852814
852813
852812
852811
852810
852809
852808
852807
852806
852805
852804
852803
852802
852801
852800
852798
852792
852791
852790
852789
852788
852787
852786
852784
852783
852782
852781
852780
852779
852778
852777
852776
852775
852774
852773
852772
852771
852770
852769
852768
852767
852765
852764
852763
852762
852761
852760
852759
852758
852757
852756
852755
852754
852752
852751
852749
852748
852746
852744
852742
852741
852740
852739
852738
852736
852734
852731
852727
852724
852722
852721
852720
852719
852718
852717
852716
852715
852714
852713
852712
852711
852710
852709
852708
852707
852706
852704
852703
852702
852701
852700
852699
852698
852697
852693
852692
852691
852689
852688
852687
852686
852685
852684
852683
852682
852681
852680
852679
852678
852677
852676
852675
852674
852673
852672
852671
852670
852669
852668
852667
852666
852665
852664
852663
852662
852661
852660
852659
852658
852657
852653
852652
852651
852650
852648
852647
852646
852644
852639
852638
852634
852627
852624
852622
852614
852613
852612
852610
852609
852608
852607
852606
852605
852604
852603
852602
852601
852600
852599
852598
852597
852595
852593
852587
852583
852563
852554
852540
852539
852537
852536
852535
852534
852533
852532
852531
852530
852529
852528
852527
852525
852523
852522
852521
852519
852518
852513
852511
852504
852503
852502
852501
852498
852497
852493
852492
852491
852490
852489
852486
852484
852483
852482
852480
852478
852476
852475
852473
852472
852471
852470
852469
852468
852467
852466
852465
852464
852463
852459
852458
852457
852454
852453
852452
852451
852449
852447
