804916
804912
804911
804910
805100
804915
804914
804913
805213
805130
805163
805147
805171
805151
805129
805122
805134
805136
805121
805115
805112
805214
805168
805158
805128
805125
805087
805036
805114
805111
805035
805025
805017
805178
805131
805014
805010
805000
804976
804968
805123
805109
805110
805089
805023
805104
805102
804985
804979
804983
805071
805034
805024
805120
805013
805007
805004
804907
804908
804909
805055
805052
805054
805056
805177
805173
805132
805118
805088
805022
805009
805005
804986
804982
804978
804971
804967
805113
804989
804981
804970
805117
805086
805096
805093
805033
805019
805015
805012
805006
805001
804980
804977
804969
804966
805028
805027
804842
804844
804848
804850
804851
805124
805220
804943
805076
805081
805310
805309
805308
805307
805306
805305
805304
805302
805116
805301
805300
805299
805298
805297
805296
805295
805294
805293
805292
805291
805290
805289
805287
805286
805285
805284
805283
805282
805281
805280
805279
805278
805277
805276
805275
805274
805273
805272
805271
805267
805270
805269
805266
805268
805265
805264
805263
805262
805261
805260
805259
805258
805257
805256
805255
805254
805253
805252
805251
805250
805249
805248
805247
805246
805245
805244
805243
805242
805241
805240
805239
805238
805237
805236
805235
805234
805233
805232
805231
805230
805229
805228
805227
805226
805225
805224
805223
805222
805221
805219
805218
805217
805216
805215
805212
805211
805210
805208
805207
805206
805205
805203
805201
805199
805197
805195
805193
805192
805191
805190
805189
805188
805187
805186
805185
805184
805183
805182
805181
805180
805176
805175
805174
805172
805170
805169
805167
805166
805165
805164
805162
805161
805160
805159
805157
805156
805155
805154
805153
805152
805150
805149
805148
805146
805145
805144
805143
805142
805141
805140
805139
805138
805137
805135
805133
805127
805126
805105
805108
805107
805101
805099
805095
805094
805092
805091
805090
805085
805084
805080
805079
805078
805077
805075
805073
805072
805070
805069
805068
805067
805066
805065
805064
805063
805062
805061
805060
805059
805058
805057
805053
805051
805050
805049
805048
805047
805046
805045
805044
805043
805042
805041
805040
805039
805038
805037
805032
805031
805030
805029
805026
805021
805020
805018
805016
805011
805008
805002
804997
804995
804994
804993
804992
804991
804990
804988
804987
804984
804975
804974
804973
804972
804965
804964
804961
804960
804959
804958
804957
804956
804955
804954
804952
804951
804950
804949
804948
804947
804946
804945
804944
804942
804941
804940
804939
804938
804937
804936
804935
804934
804933
804932
804931
804930
804929
804928
804927
804926
804925
804924
804923
804922
804906
804905
804904
804921
804920
804919
804918
804917
804903
804902
804901
804900
804899
804898
804897
804896
804895
804894
804893
804892
804891
804890
804889
804888
804887
804886
804885
804884
804883
804882
804881
804880
804879
804878
804877
804876
804875
804874
804873
804872
804871
804870
804869
804868
804867
804866
804865
804864
804862
804861
804860
804858
804857
804856
804855
804854
804853
804852
804849
804847
804846
804845
804843
804841
804840
804839
804838
804837
804836
804835
804834
804833
804832
804831
804830
804829
804828
804827
804826
804825
804824
804823
804822
804821
804820
804818
804817
804816
804815
804814
804813
