780255
780341
780340
780337
780336
780335
780334
780339
780333
780332
780330
780331
780338
780329
780328
780327
780326
780325
780324
780323
780253
780717
780789
780793
780699
780697
780694
780597
780564
780797
780696
780545
780537
780587
780542
780484
780536
780799
780533
780532
780701
780693
780272
780261
780787
780509
780504
780495
780538
780803
780695
780698
780598
780574
780588
780483
780503
780546
780534
780508
780497
780589
780591
780592
780593
780594
780610
780858
780859
780860
780861
780862
780525
780687
780705
780510
780512
780513
780515
780516
780612
780773
780774
780775
780776
780778
780779
780780
780781
780782
780783
780784
780788
780790
780791
780792
780794
780795
780796
780798
780800
780801
780802
780804
780805
780806
780808
780809
780812
780815
780818
780821
780823
780824
780838
780864
780863
780857
780856
780855
780854
780853
780852
780851
780850
780849
780848
780847
780846
780845
780844
780843
780842
780841
780840
780839
780836
780835
780834
780833
780832
780831
780830
780829
780828
780827
780826
780825
780822
780820
780819
780817
780816
780814
780813
780811
780810
780807
780772
780771
780768
780767
780837
780786
780785
780777
780770
780769
780766
780740
780741
780742
780743
780744
780745
780746
780747
780748
780749
780750
780751
780752
780753
780754
780755
780756
780757
780758
780759
780760
780762
780763
780764
780761
780736
780735
780734
780733
780732
780730
780729
780728
780727
780726
780725
780724
780723
780722
780721
780720
780719
780718
780716
780715
780714
780713
780712
780711
780710
780709
780708
780707
780704
780703
780702
780700
780692
780691
780690
780689
780686
780685
780683
780682
780681
780680
780678
780677
780676
780675
780674
780673
780672
780671
780670
780669
780668
780667
780666
780664
780663
780662
780661
780660
780659
780658
780656
780655
780653
780652
780651
780650
780649
780648
780647
780646
780645
780644
780643
780642
780641
780640
780639
780638
780637
780635
780634
780633
780632
780631
780630
780628
780627
780626
780625
780624
780623
780622
780621
780620
780619
780618
780617
780616
780615
780614
780613
780611
780609
780608
780607
780606
780583
780584
780582
780581
780580
780576
780575
780573
780572
780571
780578
780577
780605
780604
780603
780602
780601
780600
780599
780596
780595
780590
780586
780579
780570
780569
780568
780567
780566
780565
780563
780562
780561
780560
780559
780558
780557
780556
780555
780554
780553
780552
780551
780550
780549
780548
780547
780544
780543
780541
780540
780539
780535
780531
780530
780529
780528
780527
780526
780524
780523
780522
780521
780520
780519
780518
780517
780514
780511
780494
780507
780506
780505
780482
780502
780501
780500
780499
780498
780496
780493
780492
780491
780490
780489
780488
780487
780486
780485
780481
780480
780479
780478
780477
780476
780475
780474
780473
780472
780471
780470
780469
780468
780467
780466
780465
780464
780463
780462
780461
780460
780459
780458
780457
780456
780455
780454
780453
780452
780451
780450
780449
780448
780447
780446
780445
780444
780443
780442
780441
780440
780439
780438
780437
780436
780435
780434
780433
780432
780322
780321
780320
780319
780431
780430
780429
780428
780427
780426
780425
780423
780422
780421
780420
780419
780418
780417
780416
780415
780414
780413
780412
780411
780410
780409
780408
780407
780406
780405
780404
780403
780402
780401
780400
780399
780398
780397
780396
780395
780394
780393
780392
780391
780390
780389
780388
780387
780385
780384
780381
780380
780379
780378
780377
780376
780375
780374
780369
780368
780367
780366
780365
780364
780363
780362
780361
780360
780359
780358
780357
780356
780355
780354
780353
780352
780318
780317
780316
780315
780351
780350
780349
780348
780347
780346
780345
780344
780343
780342
780314
780313
780312
780311
780310
780309
780308
780307
780306
780305
780304
780303
780302
780301
780300
780299
780298
780297
780296
780295
780294
780293
780292
780291
780290
780289
780288
780286
780285
780284
780283
780282
780281
780280
780279
780278
780277
780276
780275
780274
780273
780271
780270
780269
780268
780267
780266
780265
780264
780263
780262
780260
780259
780258
780257
780254
