789062
788766
788907
789054
789052
789053
789045
789064
788832
788835
788870
788972
788974
788978
788981
788982
788973
789059
789058
789056
789065
789063
789004
789003
789001
789000
789098
789099
789100
788750
788997
788998
788999
788995
788993
788992
788877
788890
788899
788966
788969
789091
789090
789089
789088
789087
789086
788822
788821
788820
788819
788818
788817
788816
788815
788814
788813
788812
788811
788810
788809
788808
788807
788806
788805
788761
788760
788759
788758
789121
789120
789117
789116
789115
789113
789114
789112
789119
789111
789110
789109
789108
789107
789106
789105
789104
789118
789103
789102
789101
789097
789096
789095
789094
789093
789092
789085
789084
789083
789082
789081
789080
789079
789078
789077
789076
789075
789074
789073
789072
789071
789070
789069
789068
788705
788706
788707
788708
788710
788711
788712
788725
788726
788727
788728
788729
788730
788731
788733
788734
789067
789066
789060
789057
789055
789051
789050
789049
789048
789047
789046
789044
789043
789042
789041
789040
789039
789038
789037
789036
789035
789034
789033
789032
789031
789030
789029
789028
789027
789026
789025
789024
789023
789022
789021
789020
789019
789018
789017
788933
789016
789015
789014
789013
789012
789011
789010
789007
789006
789005
789009
789008
789002
788996
788994
788991
788990
788989
788988
788987
788986
788985
788984
788983
788980
788979
788977
788976
788975
788970
788968
788967
788965
788964
788962
788961
788960
788959
788958
788957
788956
788955
788954
788953
788952
788951
788950
788949
788948
788947
788946
788945
788944
788943
788942
788941
788940
788939
788938
788932
788931
788930
788929
788928
788927
788926
788925
788924
788923
788922
788921
788920
788919
788918
788917
788916
788914
788913
788912
788910
788909
788906
788905
788904
788903
788902
788901
788900
788898
788897
788896
788895
788894
788893
788892
788891
788889
788888
788887
788886
788885
788884
788883
788882
788881
788880
788879
788878
788876
788875
788874
788873
788872
788871
788869
788868
788867
788866
788865
788864
788863
788862
788861
788860
788859
788858
788857
788856
788855
788854
788853
788852
788851
788850
788849
788848
788847
788846
788845
788844
788843
788842
788841
788840
788839
788838
788837
788836
788834
788833
788831
788830
788829
788827
788826
788825
788824
788823
788804
788803
788802
788801
788800
788799
788798
788797
788796
788794
788783
788786
788784
788793
788792
788791
788790
788787
788789
788788
788780
788688
788690
788771
788770
788769
788768
788767
788765
788757
788756
788755
788754
788764
788763
788762
788753
788752
788751
788747
788746
788745
788744
788743
788742
788741
788740
788739
788738
788737
788736
788735
788732
788724
788723
788722
788721
788720
788719
788718
788717
788716
788715
788714
788713
788709
788704
788703
788702
788701
788700
788699
788698
788697
788696
788695
788693
788691
788687
788686
788685
788684
788682
788680
