781717
781724
781722
781720
781710
781723
781725
781709
781721
781719
781708
781933
782021
781856
781859
781901
781988
781999
782020
782071
782077
781694
781868
781867
781866
781570
782212
782213
782214
782215
782216
782217
782218
782219
782220
782221
782222
782223
782224
782225
782226
782227
782228
782229
782230
782231
782232
782233
782234
782235
782236
782237
782238
782239
782240
782241
782242
782243
782244
782245
782246
782247
782248
782249
782250
782251
782252
782211
782210
782209
782208
782207
782206
782205
782204
782203
782202
782201
782200
782199
782198
782197
782196
782195
782194
782193
782192
782191
782190
782189
782188
782187
782186
782185
782184
782183
782182
782181
782180
782179
782178
782177
782176
782175
782174
782173
782172
782171
782170
782169
782168
782167
782166
782165
782164
782163
782162
782161
782160
782159
782158
782157
782156
782155
782154
782153
782152
782151
782150
782149
782148
782147
782146
782145
782144
782143
782142
782141
782140
782139
782138
782137
782135
782134
782133
782132
782131
782130
782129
782128
782127
782126
782125
782124
782123
782122
782121
782120
782119
782118
782256
782255
782254
782253
782117
782116
782115
782114
782112
782111
782110
782109
782108
782107
782106
782105
782104
782103
782102
782101
782100
782099
782098
782097
782096
782094
782093
782092
782091
782090
782089
782088
782087
782086
782136
782113
782095
782085
782084
782083
782082
782081
782080
782079
782078
782076
782075
782074
782073
782072
782070
782069
782068
782067
782066
782065
782064
782063
782062
782061
782060
782059
782057
782051
782052
782053
782054
782056
782037
782038
782039
782040
782041
782042
782043
782044
782045
782046
782047
782048
782049
782050
782023
782024
782025
782026
782027
782028
782029
782030
782031
782032
782033
782035
782036
782034
782022
782019
782018
782017
782016
782015
782013
782012
782011
782010
782009
782008
782007
782006
782005
782004
782003
782002
782001
782000
781998
781996
781995
781994
781993
781991
781990
781987
781986
781985
781984
781983
781982
781981
781980
781979
781978
781977
781976
781975
781974
781973
781972
781971
781970
781969
781968
781967
781966
781965
781964
781963
781962
781961
781960
781959
781958
781957
781956
781955
781954
781953
781952
781951
781950
781949
781948
781947
781946
781945
781943
781942
781941
781940
781939
781938
781937
781936
781935
781932
781931
781930
781929
781928
781927
781926
781924
781923
781922
781921
781920
781919
781918
781917
781916
781915
781914
781913
781912
781911
781910
781908
781907
781905
781904
781903
781902
781900
781899
781898
781897
781896
781895
781894
781892
781891
781890
781889
781888
781887
781886
781885
781884
781883
781882
781881
781880
781879
781878
781877
781876
781874
781872
781871
781870
781869
781865
781864
781863
781862
781861
781860
781858
781857
781855
781854
781853
781852
781851
781850
781849
781848
781847
781846
781845
781844
781843
781842
781841
781840
781839
781838
781837
781836
781835
781834
781833
781832
781831
781830
781829
781828
781827
781826
781825
781823
781822
781821
781820
781819
781818
781817
781816
781815
781814
781813
781812
781811
781810
781809
781808
781807
781806
781805
781804
781803
781802
781801
781800
781799
781798
781797
781796
781794
781793
781792
781791
781790
781789
781788
781787
781786
781785
781784
781783
781782
781781
781780
781779
781778
781777
781776
781775
781774
781773
781772
781771
781770
781769
781768
781767
781766
781765
781764
781763
781762
781761
781760
781759
781758
781757
781756
781755
781754
781753
781752
781751
781750
781749
781748
781747
781746
781745
781744
781743
781742
781741
781740
781739
781738
781737
781736
781735
781734
781733
781732
781731
781729
781728
781727
781726
781718
781716
781715
781713
781712
781711
781707
781706
781705
781704
781703
781702
781701
781700
781698
781697
781696
781695
781693
781692
781691
781690
781689
781688
781687
781686
781685
781684
781683
781682
781681
781680
781679
781678
781676
781675
781674
781673
781672
781671
781670
781669
781668
781667
781666
781665
781664
781663
781662
781661
781660
781659
781658
781657
781656
781655
781654
781653
781652
781651
781650
781649
781648
781647
781646
781645
781643
781642
781641
781639
781637
781636
781635
781634
781633
781632
781631
781630
781629
781628
781627
781626
781625
781624
781623
781622
781620
781619
781617
781616
781615
781614
781613
781612
781611
781610
781609
781608
781607
781606
781605
781604
781603
781602
781601
781600
781599
781598
781597
781596
781595
781594
781593
781592
781591
781590
781589
781588
781587
781586
781585
781584
781583
781582
781581
781580
781579
781578
781577
781575
781573
781572
781569
781567
781566
781565
781564
781563
781561
781560
781559
781558
781557
781556
781555
781554
781553
781552
781551
781550
781549
781548
781547
781546
781545
781544
781543
781542
781541
781540
781539
781538
781537
781536
781535
781534
781533
781532
781531
781530
781529
781528
781527
781526
781525
781524
781523
781522
781521
781520
781519
781518
781517
781516
781515
781514
781513
781512
781511
781510
781509
781508
781507
