745569
745566
745589
745586
745582
745578
745442
745381
745445
745416
745409
745405
745419
745418
745415
745571
745568
745380
745378
745593
745585
745584
745581
745580
745567
745443
745411
745408
745587
745583
745579
745570
745565
745417
745412
745406
745286
745281
745287
745548
745549
745552
745320
745546
745545
745551
745541
745553
745543
745544
745547
745285
745284
745282
745283
745865
745866
745867
745868
745869
745870
745871
745872
745873
745874
745875
745876
745877
745878
745879
745880
745881
745882
745883
745884
745885
745886
745887
745888
745889
745890
745891
745892
745893
745894
745895
745896
745897
745898
745899
745900
745901
745902
745903
745904
745905
745906
745907
745908
745909
745910
745911
745912
745271
745319
745328
745331
745334
745336
745337
745503
745514
745515
745528
745550
745588
745591
745864
745863
745862
745861
745860
745859
745858
745857
745856
745855
745854
745853
745852
745851
745850
745849
745848
745847
745846
745845
745844
745843
745842
745841
745840
745839
745838
745837
745836
745835
745834
745833
745832
745831
745830
745829
745828
745827
745826
745825
745824
745823
745822
745821
745820
745819
745818
745817
745816
745815
745814
745813
745812
745811
745810
745809
745808
745807
745806
745805
745804
745803
745802
745801
745800
745799
745798
745797
745796
745795
745794
745793
745792
745791
745790
745789
745788
745787
745786
745785
745784
745783
745782
745781
745780
745779
745778
745777
745776
745775
745774
745773
745772
745771
745770
745769
745768
745767
745766
745765
745764
745763
745762
745761
745760
745759
745758
745757
745756
745755
745754
745753
745752
745751
745750
745749
745748
745747
745746
745745
745744
745743
745742
745741
745740
745739
745738
745737
745736
745735
745734
745733
745732
745731
745730
745729
745728
745727
745726
745725
745724
745723
745722
745721
745280
745279
745278
745276
745277
745275
745720
745719
745718
745717
745716
745715
745714
745713
745712
745711
745710
745709
745708
745707
745706
745705
745704
745703
745702
745701
745700
745699
745698
745697
745696
745695
745694
745693
745692
745691
745690
745689
745688
745687
745686
745685
745684
745683
745682
745681
745680
745679
745678
745677
745676
745675
745674
745673
745672
745671
745670
745669
745668
745667
745666
745665
745664
745663
745662
745661
745660
745657
745653
745648
745647
745630
745597
745596
745595
745594
745592
745590
745577
745576
745575
745574
745573
745572
745564
745563
745562
745561
745560
745559
745558
745557
745556
745555
745554
745542
745540
745539
745538
745537
745535
745534
745533
745532
745531
745530
745529
745527
745526
745525
745524
745523
745522
745521
745520
745519
745518
745517
745516
745512
745511
745510
745509
745508
745507
745506
745505
745504
745501
745500
745499
745498
745497
745496
745495
745494
745493
745492
745491
745490
745489
745488
745487
745486
745485
745484
745480
745478
745476
745475
745483
745482
745479
745477
745481
745474
745393
745387
745473
745472
745471
745470
745469
745468
745467
745466
745465
745464
745463
745462
745461
745460
745459
745458
745457
745456
745455
745454
745453
745452
745451
745450
745449
745448
745447
745446
745444
745389
745388
745386
745391
745424
745425
745426
745427
745428
745429
745430
745431
745432
745433
745434
745435
745436
745437
745439
745440
745441
745438
745423
745422
745421
745420
745414
745413
745410
745407
745403
745402
745401
745400
745399
745398
745397
745390
745392
745396
745395
745394
745385
745384
745383
745382
745379
745377
745376
745375
745374
745373
745372
745371
745370
745369
745368
745367
745366
745365
745363
745362
745361
745360
745359
745358
745357
745356
745355
745354
745353
745352
745351
745350
745349
745348
745347
745346
745345
745344
745343
745341
745340
745339
745338
745333
745330
745327
745326
745325
745324
745323
745322
745321
745318
745317
745316
745315
745314
745313
745312
745310
745308
745307
745305
745302
745300
745301
745299
745298
745297
745296
745295
745294
745293
745292
745291
745290
745289
745288
745274
745273
745272
745270
