886877
886875
886852
886847
886872
886869
886900
886892
886664
886660
886888
886883
886879
886878
886863
886862
886857
886270
886267
886601
886607
886659
886658
886599
886629
886276
886620
886812
886813
886814
886815
886816
886817
886786
886278
886208
886169
886753
886907
886896
886792
886799
886918
886915
886796
886789
886787
886748
886740
886732
886726
886921
886913
886910
886897
886798
886795
886754
886738
886724
886402
886399
886391
886378
886366
886341
886332
886306
886295
886397
886387
886385
886919
886911
886908
886801
886791
886751
886745
886357
886337
886329
886311
886297
886905
886893
886891
886797
886398
886388
886380
886373
886338
886320
886308
886296
886793
886750
886737
886916
886383
886371
886904
886790
886756
886747
886393
886362
886333
886327
886301
886377
886298
886392
886355
886334
886313
886294
886314
886503
886559
886825
886822
886821
886820
886819
886818
886184
886187
886868
886866
886865
886870
886849
886855
886824
886823
886177
886176
886194
886189
886767
886827
886830
886876
886880
886923
886884
886871
886874
886836
886848
886846
886840
886920
886909
886902
886785
886778
886769
886768
886764
886861
886873
886867
886859
886835
886887
886895
886922
886850
886856
886860
886858
886882
886881
886899
886832
886828
886826
886903
886906
886841
886837
886831
886759
886696
886690
886689
886917
886889
886885
886886
886788
886829
886772
886771
886845
886843
886839
886914
886912
886894
886854
886853
886809
886851
886844
886783
886761
886890
886758
886755
886612
886736
886784
886782
886742
886645
886735
886722
886671
886494
886493
886492
886489
886456
886455
886898
886528
886864
886842
886838
886834
886833
886811
886810
886808
886807
886806
886472
886805
886804
886803
886802
886800
886794
886781
886780
886779
886777
886776
886775
886774
886773
886770
886766
886765
886763
886762
886760
886757
886752
886749
886746
886744
886743
886741
886739
886491
886490
886465
886464
886454
886453
886734
886733
886731
886730
886729
886728
886727
886725
886723
886720
886719
886718
886717
886716
886715
886714
886713
886712
886711
886710
886709
886708
886707
886706
886705
886704
886703
886702
886701
886700
886699
886698
886697
886695
886694
886693
886692
886688
886687
886686
886685
886684
886683
886682
886681
886680
886679
886440
886676
886675
886674
886673
886672
886670
886669
886668
886667
886666
886665
886663
886662
886661
886655
886495
886463
886462
886461
886460
886457
886452
886447
886654
886653
886652
886437
886436
886651
886650
886649
886648
886647
886646
886644
886643
886642
886641
886640
886639
886638
886637
886636
886635
886634
886633
886632
886631
886630
886628
886627
886626
886625
886624
886623
886622
886619
886618
886617
886616
886615
886614
886613
886611
886610
886609
886608
886606
886605
886604
886603
886602
886600
886598
886597
886595
886594
886593
886592
886591
886590
886589
886588
886587
886586
886585
886584
886583
886582
886580
886579
886578
886577
886576
886575
886574
886573
886572
886571
886570
886569
886568
886567
886566
886565
886564
886563
886562
886561
886560
886558
886557
886556
886555
886554
886552
886551
886550
886549
886487
886488
886459
886458
886451
886450
886449
886448
886446
886445
886444
886547
886546
886545
886544
886543
886542
886541
886540
886539
886538
886537
886536
886535
886534
886533
886532
886531
886530
886529
886527
886526
886525
886524
886523
886522
886521
886520
886519
886518
886517
886516
886515
886514
886513
886512
886511
886510
886509
886508
886507
886506
886505
886504
886502
886501
886498
886497
886496
886486
886485
886484
886483
886482
886481
886480
886479
886478
886477
886476
886475
886474
886473
886471
886470
886469
886468
886467
886466
886443
886442
886441
886439
886438
886435
886434
886433
886432
886431
886430
886429
886428
886427
886426
886425
886424
886423
886422
886421
886420
886419
886418
886417
886416
886415
886414
886413
886412
886411
886410
886409
886408
886407
886406
886405
886404
886403
886401
886396
886394
886390
886389
886386
886384
886382
886381
886379
886376
886375
886374
886372
886370
886369
886368
886367
886365
886364
886363
886361
886360
886359
886358
886356
886354
886353
886352
886351
886350
886349
886348
886347
886346
886345
886344
886342
886340
886339
886336
886335
886331
886330
886325
886324
886323
886322
886321
886319
886318
886317
886315
886312
886310
886309
886307
886305
886304
886303
886302
886300
886299
886293
886292
886291
886290
886289
886288
886287
886286
886285
886284
886283
886282
886281
886280
886279
886277
886275
886274
886273
886272
886271
886268
886266
886265
886264
886263
886262
886261
886260
886259
886258
886256
886240
886239
886235
886233
886231
886230
886229
886227
886225
886222
886220
886219
886215
886213
886210
886206
886200
886198
886191
886193
886183
886182
886180
886179
886178
886172
