803959
803868
803867
803866
803865
803864
803863
803862
803499
803498
803497
803736
803737
803805
803879
803532
803534
803535
803642
803640
803623
803626
803731
803589
803598
803609
803624
803581
803599
803593
803730
803596
803590
803594
803588
803658
803910
803899
803620
803735
803605
803852
803853
803580
803591
803823
803827
803466
803734
803826
803824
803803
803468
803467
803960
803958
803957
803954
803953
803952
803950
803956
803955
803951
803949
803948
803947
803946
803945
803944
803941
803940
803943
803942
803939
803938
803937
803936
803935
803934
803933
803932
803930
803929
803928
803927
803926
803925
803924
803923
803922
803921
803920
803919
803918
803917
803916
803915
803914
803912
803909
803908
803907
803906
803905
803904
803903
803902
803901
803900
803898
803897
803896
803895
803894
803893
803892
803891
803890
803889
803888
803887
803886
803885
803884
803883
803882
803881
803880
803878
803877
803876
803875
803874
803873
803872
803871
803870
803869
803861
803860
803859
803858
803857
803856
803855
803854
803851
803850
803849
803848
803847
803846
803845
803844
803843
803842
803841
803840
803839
803838
803837
803836
803835
803834
803833
803832
803831
803830
803829
803828
803825
803822
803821
803820
803818
803817
803816
803815
803814
803813
803812
803811
803810
803809
803808
803807
803806
803804
803802
803801
803800
803799
803797
803796
803795
803794
803793
803792
803791
803790
803789
803787
803786
803785
803784
803783
803782
803781
803780
803779
803778
803777
803776
803775
803774
803773
803771
803770
803769
803768
803767
803766
803765
803764
803763
803762
803761
803760
803758
803757
803756
803755
803754
803753
803752
803751
803750
803749
803748
803747
803746
803745
803744
803743
803742
803741
803740
803739
803738
803733
803732
803729
803727
803725
803724
803723
803722
803721
803720
803719
803718
803717
803716
803715
803714
803713
803712
803711
803710
803709
803708
803707
803706
803705
803704
803703
803702
803701
803700
803699
803698
803697
803696
803695
803694
803693
803692
803691
803690
803689
803688
803687
803686
803685
803684
803683
803681
803680
803679
803678
803677
803676
803675
803674
803672
803671
803670
803669
803668
803667
803666
803665
803664
803663
803662
803661
803660
803657
803656
803655
803654
803653
803652
803651
803650
803649
803648
803647
803646
803645
803644
803643
803641
803639
803638
803637
803636
803635
803634
803633
803632
803631
803630
803628
803627
803625
803622
803621
803619
803618
803617
803616
803615
803614
803613
803612
803611
803608
803607
803606
803604
803603
803601
803600
803602
803597
803595
803592
803587
803586
803585
803584
803583
803582
803579
803578
803577
803576
803575
803574
803573
803572
803571
803570
803569
803568
803567
803565
803564
803563
803562
803561
803560
803559
803558
803557
803556
803554
803553
803552
803551
803550
803549
803548
803547
803546
803545
803544
803543
803542
803541
803540
803539
803538
803537
803536
803533
803531
803530
803529
803528
803527
803526
803525
803524
803523
803522
803521
803520
803519
803518
803517
803516
803515
803514
803513
803512
803511
803510
803509
803508
803507
803506
803505
803504
803503
803502
803501
803500
803496
803495
803494
803493
803492
803491
803490
803489
803488
803487
803486
803485
803484
803483
803482
803481
803480
803479
803478
803477
803476
803475
803474
803473
803472
803471
803470
803469
