746461
746459
746236
746612
746356
746368
746360
746353
746349
746344
746342
746357
746338
746336
746367
746354
746345
746362
746348
746355
746346
746350
746358
746361
746341
746339
746335
746364
746359
746352
746347
746343
746340
746337
746333
746238
746239
746248
746281
746282
746284
746285
746286
746315
746327
746400
746442
746446
746449
746496
746499
746573
746498
746495
746494
746493
746492
746489
746488
746487
746486
746485
746484
746483
746482
746481
746480
746479
746478
746477
746476
746475
746474
746473
746472
746471
746470
746469
746468
746467
746466
746465
746464
746462
746463
746237
746389
746385
746620
746618
746617
746616
746615
746614
746613
746611
746610
746609
746608
746607
746606
746605
746604
746603
746602
746601
746600
746599
746598
746597
746596
746595
746594
746593
746592
746591
746590
746589
746588
746587
746586
746584
746583
746582
746581
746580
746579
746578
746577
746576
746575
746574
746572
746571
746570
746569
746568
746567
746566
746565
746564
746563
746562
746561
746560
746559
746558
746557
746556
746555
746554
746553
746552
746551
746550
746549
746548
746547
746546
746545
746544
746543
746542
746541
746540
746539
746538
746537
746536
746535
746534
746533
746532
746531
746530
746529
746528
746527
746526
746525
746524
746523
746522
746521
746520
746519
746518
746517
746516
746515
746514
746513
746512
746511
746510
746509
746508
746507
746506
746505
746504
746503
746502
746501
746491
746490
746460
746457
746456
746455
746454
746453
746452
746451
746450
746448
746447
746445
746444
746443
746441
746440
746439
746438
746437
746436
746435
746434
746433
746431
746430
746429
746428
746427
746426
746425
746424
746423
746422
746421
746420
746419
746418
746417
746416
746415
746414
746413
746412
746410
746409
746407
746406
746405
746404
746403
746402
746401
746399
746398
746397
746396
746395
746394
746393
746391
746390
746388
746387
746386
746384
746383
746382
746381
746380
746379
746378
746377
746376
746375
746374
746373
746372
746371
746370
746369
746366
746365
746363
746351
746334
746332
746331
746330
746329
746328
746326
746325
746324
746323
746322
746321
746320
746319
746318
746317
746316
746314
746313
746312
746311
746310
746308
746307
746306
746305
746304
746303
746302
746301
746300
746299
746298
746297
746296
746295
746294
746292
746291
746290
746289
746288
746287
746279
746278
746277
746276
746275
746274
746273
746272
746271
746270
746269
746268
746267
746266
746265
746264
746263
746262
746261
746260
746259
746258
746257
746256
746255
746254
746253
746252
746251
746250
746249
746247
746246
746245
746244
746243
746242
746241
746240
746235
746234
746233
746232
746231
746230
746229
746228
