939848
939840
939884
939838
939886
939835
939885
939844
939878
939876
939880
939882
939879
939834
939875
939913
940040
940043
940039
940013
940011
939915
939916
939917
939918
939919
939920
939921
939922
939923
939924
939925
939927
939928
939929
939930
939931
939932
939933
939934
939935
939936
939937
939938
939939
939940
939941
939942
939943
939944
939945
939946
939957
939958
939867
939866
939990
939989
939988
939987
939986
939985
939984
939983
939982
939981
939980
939979
939976
939975
939974
939973
939972
939971
939970
939969
939968
939967
939966
939965
939964
939963
939962
939961
939960
939959
940002
940001
940000
939999
939998
939997
939995
939994
939993
939992
939991
939682
939681
939680
939679
939678
939677
939676
939675
939674
939673
939672
939671
939670
940009
940110
940109
940108
940107
940106
940105
940104
940103
940102
940101
940100
940099
940098
940097
940096
940095
940094
940093
940090
940089
940088
940087
940086
940085
940084
940083
940082
940081
940080
940079
940078
940077
940076
940075
940074
940073
940072
940071
940070
940067
940066
940065
940064
940058
940057
940056
940055
940054
940053
940052
940051
940050
940045
940042
940038
940034
940032
940030
940029
940022
940020
940018
940017
940012
940007
940006
940005
940004
940003
939996
939978
939977
939951
939950
939949
939948
939947
939914
939912
939911
939910
939908
939907
939905
939904
939903
939902
939901
939900
939899
939897
939896
939895
939894
939892
939891
939881
939877
939874
939873
939872
939871
939870
939869
939865
939864
939863
939862
939861
939860
939859
939858
939857
939856
939855
939852
939854
939853
939831
939830
939833
939828
939826
939825
939836
939824
939829
939827
939822
939821
939823
939837
939841
939832
939851
939850
939849
939847
939846
939845
939843
939842
939839
939820
939819
939818
939817
939816
939815
939814
939813
939812
939811
939810
939809
939808
939807
939806
939805
939804
939803
939802
939801
939800
939799
939798
939797
939796
939795
939758
939757
939756
939755
939754
939794
939793
939792
939791
939790
939789
939788
939787
939786
939785
939784
939783
939782
939781
939780
939779
939778
939777
939776
939775
939774
939773
939772
939771
939770
939769
939768
939767
939766
939765
939763
939762
939761
939764
939760
939759
939753
939752
939751
939750
939749
939748
939747
939746
939745
939744
939743
939742
939741
939740
939739
939738
939737
939736
939735
939734
939733
939732
939731
939730
939726
939725
939724
939723
939722
939721
939700
939701
939702
939703
939704
939705
939706
939707
939708
939709
939710
939711
939712
939713
939714
939715
939716
939717
939718
939719
939720
939699
939698
939697
939696
939695
939693
939692
939691
939690
939689
939688
939687
939686
939685
939684
939683
939669
939668
939667
939666
939665
939664
939663
939662
939661
939660
939659
939658
939657
939655
939654
939653
939652
939651
939650
939649
939648
939647
