897901
897902
898075
898074
897866
898048
897881
897917
897947
898059
898177
898315
898431
898300
898357
898360
898359
898022
898027
898256
898122
898092
898033
898364
898040
898031
898183
898093
898120
898095
898294
898227
898037
898097
898096
898029
898028
898363
898257
898094
898355
898226
898181
898023
898041
898034
898141
898121
898043
898042
898091
898035
898030
898117
898228
898039
898025
898032
898021
898019
897891
897898
898414
897899
898386
898408
897869
898411
898407
898396
898020
898415
897870
897964
897963
897955
897952
898311
898383
898352
898026
898024
897954
897953
897962
897961
897951
897950
897868
897967
897966
897965
897960
897959
897958
897957
897956
897949
897948
897945
897944
897943
898430
898429
898428
898427
898426
898425
898424
898423
898422
898421
898420
898419
898418
898417
898416
898412
898410
898409
898406
898405
898404
898403
898402
898401
898400
898399
898398
898397
898395
898394
898393
898392
898391
898390
898389
898388
898387
898385
898384
898382
898381
898380
898379
898378
898377
898376
898375
898374
898373
898372
898371
898370
898368
898367
898366
898365
898362
898361
898358
898356
898354
898353
898351
898350
898349
898348
898347
898346
898345
898344
898343
898342
898341
898340
898339
898338
898337
898336
898335
898334
898333
898332
898331
898330
898329
898328
898327
898326
898325
898324
898323
898322
898321
898320
898319
898318
898317
898316
898314
898313
898312
898310
898309
898308
898307
898306
898305
898304
898303
898302
898301
898299
898298
898296
898295
898293
898292
898291
898290
898289
898288
898287
898286
898285
898284
898283
898282
898281
898280
898279
898278
898277
898276
898275
898274
898273
898272
898271
898270
898269
898268
898266
898265
898264
898263
898262
898261
898260
898259
898258
898255
898254
898253
898252
898251
898250
898247
898246
898245
898244
898243
898242
898241
898240
898239
898238
897942
897941
897940
897939
897938
897937
897936
897935
897934
897933
897932
897931
897930
897929
897928
898237
898236
898235
898234
898233
898232
898231
898230
898229
898225
898224
898223
898222
898221
898220
898219
898218
898217
898216
898215
898214
898213
898212
898211
898210
898209
898208
898207
898206
898205
898204
898203
898202
898201
898200
898199
898198
898197
898196
898195
898194
898193
898192
898191
898190
898189
898188
898187
898186
897867
898184
898182
898180
898179
898178
898176
898175
898174
898173
898172
898170
898169
898168
898167
898166
898165
898164
898162
898161
898160
898159
898157
898156
898155
898154
898152
898151
898150
898149
898148
898147
898146
898143
898139
898138
898137
898136
898135
898134
898133
898131
898130
898129
898127
898126
898125
898124
898118
898116
898115
898114
898113
898112
898111
898110
898109
898108
898107
898106
898105
898104
898103
898102
898099
898098
898090
898089
898088
898087
898086
898085
898084
898081
898079
898078
898077
898076
898073
898072
898071
898070
898069
898068
898067
898066
898065
898064
898063
898062
898061
898060
898058
898057
898056
898054
898053
898052
898051
898050
898047
898046
898044
898038
898036
898004
898005
898006
898007
898008
898009
898012
898013
898014
898015
898016
898017
898018
898011
898010
898003
898002
898001
898000
897999
897998
897997
897996
897995
897994
897993
897992
897991
897988
897989
897990
897977
897978
897979
897980
897981
897982
897983
897984
897987
897986
897976
897975
897974
897973
897972
897971
897970
897969
897968
897946
897927
897926
897925
897924
897923
897922
897921
897920
897919
897918
897916
897914
897912
897911
897910
897909
897908
897907
897906
897905
897904
897903
897900
897897
897896
897895
897894
897893
897890
897889
897888
897887
897886
897885
897884
897883
897882
897880
897879
897878
897877
897874
897871
897865
897864
897863
897854
897855
897856
897857
897858
897859
897860
897861
