817388
817417
817418
817446
817491
817351
817141
817298
817315
817314
817312
817305
817300
817296
817294
817290
817287
817286
817462
817160
817207
817206
817201
817437
817203
817189
817184
817168
817316
817311
817297
817293
817288
817156
817461
817198
817182
817202
817165
817436
817295
817289
817308
817309
817304
817292
817163
817200
817195
817181
817176
817220
817214
817212
817187
817179
817172
817475
817474
817473
817472
817471
817470
817469
817468
817467
817466
817267
817273
817276
817279
817429
817210
817209
817208
817061
817062
817377
817376
817375
817374
817373
817372
817371
817370
817073
817064
817239
817237
817251
817481
817247
817248
817369
817367
817365
817364
817362
817360
817359
817357
817227
817236
817230
817228
817366
817500
817499
817498
817497
817496
817495
817494
817482
817483
817485
817486
817487
817488
817489
817490
817492
817493
817480
817479
817478
817477
817476
817465
817464
817463
817356
817460
817459
817458
817457
817456
817455
817454
817453
817452
817213
817218
817216
817451
817450
817449
817448
817447
817445
817444
817443
817442
817441
817440
817439
817438
817435
817434
817433
817432
817431
817430
817428
817427
817426
817425
817424
817423
817422
817421
817420
817419
817416
817415
817414
817413
817412
817411
817410
817409
817408
817407
817405
817404
817403
817400
817399
817398
817397
817396
817395
817394
817393
817391
817390
817389
817387
817386
817385
817384
817383
817382
817381
817380
817379
817378
817368
817363
817361
817358
817355
817354
817353
817352
817350
817348
817347
817346
817345
817344
817343
817342
817341
817340
817339
817338
817336
817335
817334
817333
817332
817331
817330
817328
817327
817326
817325
817324
817323
817322
817250
817235
817221
817321
817320
817319
817241
817217
817234
817318
817317
817313
817310
817307
817306
817303
817302
817301
817299
817291
817285
817284
817283
817282
817281
817280
817278
817277
817275
817274
817272
817271
817270
817269
817268
817266
817265
817264
817263
817262
817261
817260
817259
817258
817257
817256
817255
817254
817253
817252
817249
817246
817245
817244
817243
817242
817240
817238
817233
817232
817231
817229
817226
817224
817223
817222
817211
817205
817204
817199
817197
817194
817193
817178
817177
817175
817169
817164
817162
817158
817155
817151
817150
817148
817145
817144
817137
817136
817135
817134
817133
817132
817131
817130
817129
817128
817127
817126
817124
817123
817122
817121
817120
817119
817117
817112
817109
817106
817105
817104
817103
817102
817101
817100
817099
817097
817096
817095
817094
817093
817090
817088
817087
817086
817085
817084
817083
817082
817081
817080
817079
817078
817077
817076
817075
817074
817072
817070
817069
817068
817067
817066
817065
817063
817060
817058
817057
817056
817055
817054
817053
817052
817051
