889967
889966
890223
890289
890295
890294
890032
890031
890030
890049
890047
890293
890222
890292
890029
890027
890026
890014
890044
890042
890025
890028
890023
890034
890039
889955
889953
890038
890040
890033
890020
890024
890048
890046
890045
890041
890035
890235
890291
889965
889964
889954
890233
890319
890171
890084
890312
890302
890277
890124
890140
890307
890286
890282
890215
890269
890153
890163
890264
890263
890262
890125
890119
890112
890313
890305
890287
890145
890122
890115
890110
890279
890276
890270
890164
890154
890267
890118
890126
890123
890315
890306
890285
890281
890278
890170
890116
890311
890303
890284
890280
890275
890268
890152
890162
890111
890301
890283
890274
890161
890266
889997
890228
890227
890253
890252
890249
890248
890224
890258
890257
889920
889921
889922
889923
890256
890246
890245
890339
890338
890337
890336
890335
890334
890333
890332
890331
890330
890327
890325
890324
890323
890322
890321
890320
890318
890316
890310
890309
890308
890304
890300
890299
890298
890297
890296
889932
889946
889947
890290
890288
890273
890271
890272
890260
890232
890231
890259
890255
890244
890243
890242
890241
890240
890239
890238
890237
890230
890229
890226
890221
890220
890219
890218
890217
890216
890214
890213
890212
890211
890210
890208
890207
890206
890205
890204
890203
890202
890200
890199
890198
890197
890196
890195
890194
890193
890192
890191
890189
890188
890187
890186
890185
890182
890181
890180
890179
890178
890177
890176
890175
890174
890173
890172
890169
890168
890167
890166
890165
890160
890159
890158
890157
890156
890139
890136
890141
890155
890150
890149
890148
890147
890146
890144
890143
890142
890138
890137
890135
890134
890133
890132
890131
890130
890129
890128
890127
890121
890114
890113
890109
890108
890107
890106
890105
890103
890102
890101
890099
890100
890098
890097
890096
890095
890094
890093
890092
890091
890090
890089
890088
890087
890086
890085
890083
890082
890081
890080
890079
890078
890077
890076
890075
890074
890073
890069
890068
890067
890066
890065
890064
890063
890062
890061
890060
890059
890058
890057
890055
890054
890053
890051
890050
890036
890022
890021
890019
890018
890017
890016
890013
890012
890011
890010
890009
890008
890007
890006
890005
890004
890003
890002
890001
890000
889999
889998
889996
889995
889994
889993
889992
889991
889990
889989
889988
889987
889986
889985
889984
889983
889982
889981
889980
889979
889978
889977
889976
889975
889974
889973
889972
889971
889970
889969
889968
889963
889962
889961
889960
889959
889958
889957
889956
889952
889951
889950
889949
889948
889945
889944
889942
889941
889940
889939
889938
889937
889936
889935
889934
889933
889931
889930
889929
889928
889926
889924
