878853
878851
879049
879093
879061
879042
879087
878871
878865
878858
879152
878760
878761
878838
878893
878673
878680
878711
878762
878763
878764
878765
878785
878803
878811
878882
878883
878945
879161
879159
878914
878913
878911
878908
878917
878915
878912
878910
878909
878787
879155
879154
878750
878749
878751
879028
879038
879125
878736
878728
878708
878709
878712
878713
878720
878721
878725
878727
878704
878703
878702
878701
878700
878699
878698
878697
878695
878685
878706
878705
878707
878710
878716
878714
878715
878962
878681
878679
878676
878669
879044
879047
879048
879050
879051
879052
879054
879053
879055
879056
879060
879083
879085
879153
879147
879143
879151
879149
879141
879140
879139
879138
879137
879135
879134
879132
879131
879118
879130
879129
879128
879127
879126
879117
878735
878734
878677
878675
878672
879066
879095
879096
879097
879099
879102
879103
879110
879111
879112
879113
879114
879115
879116
879119
879120
879121
879122
879123
879124
878678
878674
878671
878670
879101
879098
879094
879092
879091
879090
879089
879088
879080
879079
879078
879077
879076
879075
879074
879073
879071
879070
879069
879068
879067
879064
879021
879020
879019
879018
879017
879016
879015
879014
879013
879012
879011
879010
879009
879008
879007
879001
879000
878999
878998
878997
878996
878994
878989
878995
878993
878992
878991
878990
878988
878987
879180
879179
879178
879177
879176
879175
879174
879173
879172
879171
879170
879169
879168
879167
879166
879165
879164
879163
879162
879160
879158
879157
879156
879150
879148
879146
879145
879144
879142
879136
879109
879108
879107
879106
879105
879104
879086
879084
879082
879081
879072
879065
879063
879062
879059
879058
879057
879045
879043
879041
879040
879039
879037
879036
879035
879034
879033
879032
879031
879030
879029
879027
879026
879025
879024
879023
879022
879006
879005
879004
879003
879002
878986
878985
878982
878981
878980
878979
878978
878977
878976
878975
878974
878973
878972
878971
878970
878969
878968
878967
878966
878965
878964
878963
878961
878960
878959
878958
878957
878956
878955
878954
878952
878951
878950
878949
878948
878947
878946
878944
878943
878942
878941
878940
878938
878937
878936
878935
878934
878933
878932
878930
878929
878928
878927
878926
878925
878924
878923
878922
878921
878920
878919
878907
878906
878905
878904
878903
878902
878901
878900
878899
878898
878896
878895
878892
878891
878890
878889
878888
878887
878886
878885
878884
878881
878880
878879
878878
878877
878876
878875
878874
878873
878872
878870
878869
878868
878867
878866
878864
878863
878862
878861
878860
878859
878857
878856
878855
878854
878852
878850
878848
878847
878846
878845
878844
878843
878842
878841
878840
878839
878836
878835
878834
878833
878832
878831
878830
878829
878828
878827
878826
878825
878824
878823
878822
878821
878820
878819
878818
878817
878816
878815
878814
878813
878812
878810
878809
878808
878807
878806
878805
878804
878802
878801
878800
878799
878798
878797
878796
878795
878794
878793
878792
878791
878790
878789
878788
878786
878784
878783
878782
878781
878780
878779
878778
878777
878776
878775
878774
878773
878772
878771
878770
878769
878768
878767
878766
878759
878758
878757
878756
878755
878754
878753
878752
878748
878747
878746
878745
878744
878743
878742
878741
878740
878739
878738
878737
878733
878732
878731
878730
878729
878726
878724
878723
878722
878719
878718
878717
878696
878694
878693
878692
878691
878690
878689
878688
878687
878686
878684
878683
878682
