772143
772153
772124
772183
772158
772362
772330
772328
772326
772337
772300
772315
772339
772329
772323
772338
772336
772334
772321
772391
772138
772381
772140
772131
772133
772398
772397
772396
772395
772394
772393
772392
772390
772386
772388
772387
772389
772383
772382
772380
772379
772378
772376
772375
772374
772373
772372
772371
772369
772368
772367
772366
772364
772363
772361
772360
772359
772358
772357
772356
772355
772354
772353
772352
772351
772350
772349
772348
772347
772346
772344
772343
772342
772341
772340
772335
772331
772327
772325
772324
772322
772320
772319
772318
772317
772316
772314
772313
772312
772311
772310
772309
772308
772307
772306
772305
772304
772303
772302
772301
772299
772298
772297
772296
772295
772294
772293
772292
772291
772290
772289
772288
772287
772286
772285
772284
772283
772282
772281
772280
772279
772278
772277
772276
772275
772274
772273
772272
772271
772270
772269
772268
772267
772266
772265
772264
772263
772262
772261
772260
772259
772258
772257
772256
772255
772254
772252
772251
772250
772248
772247
772246
772245
772244
772243
772242
772241
772240
772239
772238
772237
772236
772235
772234
772233
772232
772231
772208
772209
772210
772211
772212
772213
772214
772215
772216
772217
772218
772219
772220
772221
772222
772223
772224
772227
772226
772225
772197
772198
772199
772200
772201
772202
772203
772204
772205
772206
772207
772196
772195
772194
772193
772192
772191
772190
772189
772188
772187
772186
772185
772184
772182
772180
772181
772179
772178
772177
772176
772175
772174
772173
772172
772171
772170
772169
772168
772167
772166
772165
772164
772163
772160
772157
772156
772155
772151
772146
772149
772150
772148
772147
772145
772142
772152
772136
772135
772126
772125
