881123
881122
881326
881150
881219
881220
881222
881438
881279
881225
881459
881448
881446
881442
881441
881360
881358
881346
881339
881317
881452
881462
881357
881362
881363
881350
881458
881444
881447
881450
881361
881353
881351
881345
881280
881171
881342
881344
881216
881188
881184
881226
881445
881461
881356
881348
881343
881460
881190
881180
881440
881443
881189
881178
881455
881449
881341
881359
881352
881315
881349
881340
881186
881177
881215
881183
881185
881176
881415
881409
881407
881400
881308
881307
881300
881278
881124
881129
881126
881128
881135
881114
881130
881143
881140
881323
881322
881416
881413
881406
881405
881403
881399
881306
881304
881302
881298
881290
881277
881273
881271
881270
881132
881131
881134
881133
881106
881401
881398
881397
881299
881296
881295
881294
881293
881291
881499
881471
881389
881381
881377
881113
881309
881276
881275
881274
881268
881267
881266
881265
881504
881502
881501
881484
881503
881477
881487
881112
881252
881254
881498
881470
881491
881436
881439
881111
881497
881376
881110
881107
881105
881104
881103
881109
881395
881394
881396
881412
881272
881269
881264
881263
881262
881261
881260
881434
881432
881108
881512
881511
881510
881509
881508
881507
881506
881505
881500
881496
881495
881494
881493
881492
881490
881489
881488
881486
881485
881483
881482
881481
881480
881479
881478
881476
881475
881474
881473
881354
881472
881469
881468
881467
881466
881465
881464
881463
881457
881456
881454
881453
881451
881437
881435
881433
881431
881430
881429
881428
881427
881426
881425
881424
881423
881422
881421
881420
881418
881417
881414
881411
881410
881408
881404
881402
881393
881392
881391
881390
881388
881387
881386
881385
881384
881383
881382
881368
881367
881366
881365
881380
881379
881378
881375
881374
881373
881372
881371
881370
881369
881364
881347
881338
881337
881336
881335
881334
881333
881332
881331
881330
881329
881229
881328
881327
881325
881324
881321
881320
881319
881318
881316
881314
881313
881312
881311
881310
881305
881301
881297
881292
881289
881288
881287
881286
881285
881284
881283
881282
881281
881259
881258
881257
881256
881255
881251
881249
881248
881247
881245
881244
881243
881241
881240
881239
881238
881237
881236
881235
881234
881233
881232
881231
881230
881228
881224
881223
881221
881218
881217
881214
881213
881212
881210
881209
881208
881207
881206
881205
881204
881203
881202
881201
881200
881199
881198
881197
881196
881195
881194
881193
881192
881191
881187
881182
881181
881179
881175
881174
881172
881170
881169
881168
881167
881166
881165
881164
881163
881162
881161
881160
881159
881158
881157
881156
881155
881154
881153
881152
881151
881148
881149
881147
881146
881145
881144
881142
881141
881139
881138
881137
881136
881121
881120
881119
881118
881116
881115
