812427
812396
812395
812385
812380
812376
812407
812409
812412
812379
812391
812384
812408
812381
812383
812386
812382
812378
812420
812451
812471
812406
812426
812131
812130
812610
812612
812375
812377
812358
812399
812401
812499
812330
812333
812345
812347
812350
812351
812430
812614
812613
812609
812608
812607
812606
812605
812604
812603
812602
812601
812600
812599
812598
812597
812596
812595
812594
812593
812592
812591
812590
812589
812588
812587
812586
812585
812584
812583
812582
812581
812580
812578
812575
812574
812572
812571
812569
812565
812564
812563
812562
812561
812560
812557
812556
812555
812554
812553
812551
812550
812548
812547
812544
812543
812539
812538
812537
812536
812535
812534
812533
812532
812531
812530
812529
812528
812527
812526
812524
812523
812522
812520
812518
812517
812516
812515
812514
812513
812512
812511
812510
812509
812508
812507
812506
812505
812502
812501
812500
812493
812488
812487
812486
812485
812484
812483
812482
812481
812480
812479
812478
812477
812476
812475
812474
812473
812472
812470
812469
812468
812467
812466
812465
812464
812463
812462
812461
812460
812459
812458
812457
812456
812455
812454
812453
812452
812450
812449
812448
812447
812446
812445
812444
812443
812442
812441
812440
812439
812438
812437
812436
812435
812434
812433
812432
812431
812429
812428
812425
812424
812423
812422
812421
812419
812418
812417
812415
812414
812413
812411
812410
812405
812404
812403
812402
812398
812397
812394
812393
812392
812390
812389
812388
812387
812374
812373
812372
812371
812370
812367
812366
812365
812364
812363
812362
812361
812360
812359
812357
812356
812355
812354
812353
812352
812349
812348
812346
812344
812343
812340
812338
812337
812336
812335
812334
812332
812331
812329
812328
812327
812326
812325
812324
812323
812322
812321
812320
812319
812318
812317
812316
812314
812313
812312
812311
812309
812308
812307
812306
812305
812304
812303
812302
812301
812300
812299
812298
812297
812296
812295
812294
812293
812292
812291
812290
812289
812288
812287
812286
812285
812284
812283
812282
812281
812280
812279
812278
812277
812276
812275
812274
812273
812272
812271
812270
812269
812268
812267
812266
812265
812264
812263
812262
812261
812260
812259
812258
812257
812256
812255
812254
812253
812252
812251
812250
812249
812248
812247
812246
812245
812244
812243
812242
812241
812240
812239
812238
812237
812236
812235
812234
812233
812231
812229
812228
812227
812225
812224
812223
812222
812221
812220
812219
812218
812217
812216
812215
812214
812213
812212
812211
812210
812209
812208
812207
812206
812205
812204
812202
812201
812200
812199
812198
812197
812196
812195
812194
812193
812192
812191
812190
812189
812187
812186
812185
812184
812183
812181
812179
812178
812177
812176
812175
812173
812168
812167
812165
812164
812163
812162
812161
812160
812159
812158
812157
812156
812155
812154
812153
812152
812151
812150
812149
812148
812147
812145
812143
812142
812141
812140
812139
812138
812137
812136
812135
812134
812133
812132
812129
812128
812127
812126
812125
812124
812123
812122
812121
812120
812119
812118
812117
812116
