723397
723390
723406
723393
723400
723403
723396
723259
723584
723265
723385
723249
723273
723405
723234
723196
723181
723166
723244
723384
723224
723189
723164
723263
723258
723387
723187
723162
723391
723261
723394
723269
723267
723159
723241
723272
723168
723199
723157
723160
723158
723268
723163
723161
723569
723568
723567
723565
723564
723563
723562
723561
723560
723559
723558
723557
723555
723554
723553
723552
723551
723550
723549
723548
723547
723546
723545
723544
723543
723542
723540
723539
723538
723537
723536
723534
723533
723531
723528
723526
723523
723521
723520
723519
723518
723517
723516
723515
723514
723513
723512
723511
723510
723509
723508
723507
723506
723504
723503
723502
723169
723194
723266
723255
723239
723228
723501
723500
723499
723498
723497
723496
723495
723494
723493
723492
723491
723490
723489
723488
723487
723486
723485
723484
723483
723482
723481
723480
723479
723478
723477
723476
723475
723474
723473
723472
723467
723464
723463
723462
723461
723460
723459
723458
723457
723456
723455
723454
723453
723452
723451
723450
723449
723448
723447
723446
723445
723441
723439
723438
723437
723436
723435
723434
723433
723432
723431
723430
723429
723227
723197
723428
723427
723426
723425
723424
723423
723422
723421
723420
723419
723417
723415
723414
723116
723115
723114
723113
723112
723111
723110
723109
723108
723107
723106
723105
723104
723103
723102
723101
723100
723099
723098
723097
723096
723095
723094
723093
723092
723091
723090
723089
723088
723087
723086
723085
723084
723083
723082
723081
723080
723195
723188
723165
723079
723078
723077
723076
723075
723074
723073
723072
723071
723070
723069
723068
723067
723066
723065
723064
723063
723062
723061
723060
723059
723058
723057
723056
723055
723054
723053
723052
723051
723050
723049
723048
723047
723046
723045
723044
723043
723042
723041
723040
723039
723038
723037
723036
723031
723030
723029
723028
723027
723026
723025
723024
723023
723022
723021
723019
723018
723017
723016
723015
723014
723013
723011
723010
723009
723008
723007
723006
723005
723004
723003
723002
723001
723000
722999
722998
722997
722996
722995
722994
722993
722992
722991
722990
722989
722985
722983
722982
722981
722980
722979
722978
722977
722976
722975
722974
722973
722972
722971
722970
722969
722968
722967
722966
723630
723629
722948
722956
722964
723257
723293
723607
723616
723663
723645
723639
723636
723634
723633
723632
723631
723628
723627
723626
723625
723624
723623
723622
723621
723620
723618
723617
723615
723614
723613
723612
723611
723610
723609
723608
723606
723605
723604
723603
723602
723601
723600
723599
723598
723597
723596
723595
723594
723593
723592
723591
723590
723589
723587
723586
723585
723583
723582
723581
723580
723579
723578
723577
723576
723575
723574
723573
723572
723571
723570
723566
723556
723541
723535
723532
723530
723529
723527
723525
723524
723522
723505
723418
723416
723413
723412
723410
723409
723408
723407
723404
723402
723401
723399
723398
723395
723392
723389
723388
723386
723383
723382
723381
723380
723379
723378
723377
723376
723375
723374
723373
723372
723371
723370
723369
723368
723367
723366
723365
723364
723363
723361
723360
723359
723357
723356
723355
723354
723353
723352
723351
723350
723349
723348
723347
723346
723345
723344
723343
723342
723341
723340
723339
723338
723337
723012
723336
723335
723334
723333
723332
723331
723330
723329
723328
723327
723326
723325
723324
723323
723322
723321
723320
723319
723318
723317
723315
723313
723314
723316
723312
723311
723310
723309
723308
723307
723306
723305
723303
723302
723301
723300
723299
723298
723297
723296
723295
723294
723291
723289
723288
723287
723286
723285
723284
723283
723282
723281
723280
723279
723278
723277
723276
723275
723274
723271
723270
723264
723262
723260
723256
723254
723253
723252
723251
723250
723248
723247
723246
723245
723243
723242
723240
723238
723237
723236
723235
723233
723232
723231
723230
723229
723226
723225
723223
723222
723221
723220
723219
723218
723216
723215
723214
723213
723212
723211
723210
723209
723208
723207
723206
723205
723204
723202
723201
723200
723198
723193
723192
723191
723190
723186
723185
723184
723183
723182
723180
723179
723178
723177
723176
723175
723174
723173
723172
723171
723170
723167
723156
723155
723154
723152
723151
723150
723149
723148
723147
723146
723145
723144
723143
723142
723141
723140
723139
723138
723137
723136
723135
723134
723133
723132
723131
723130
723129
723128
723127
723126
723124
723123
723122
723121
723120
723119
723118
723020
722965
722963
722962
722961
722957
722955
722954
722953
722952
722951
722950
722949
722947
722946
722944
722943
722942
722941
722940
722939
722938
722937
722936
722935
722934
722933
722932
722931
722930
722929
722928
722927
722926
722925
722924
722923
722922
722921
722920
722919
722917
722916
722915
722914
722913
722912
722911
722910
722909
722907
722906
722905
722904
722902
722901
722899
722898
722897
722896
722895
722894
722893
722892
722891
722890
722889
722888
722887
722886
722885
722884
722883
722882
722881
722880
722879
722878
722877
722876
722875
722874
722873
722872
722871
722870
722869
722868
722867
722866
722865
