768862
768811
768903
768899
768869
768819
768814
768898
768857
768801
768812
768807
768790
768800
768785
768823
768813
768864
768822
768821
768816
768804
768782
768806
768820
768815
768805
768795
768784
768900
768780
768818
768798
768852
768817
768809
768783
768788
768854
768675
768764
768679
768677
768765
768676
768678
768682
769113
769112
769111
769110
769109
769108
769107
769106
769105
769104
769103
769102
769101
768923
768922
768921
768920
768641
768664
768665
768754
768830
768831
768832
768907
768911
768956
768966
768968
768984
768994
769009
769021
769080
769089
769092
769053
769052
769051
769050
769049
769048
769047
769046
769045
769044
769043
769042
769041
769040
769118
769117
769116
769115
769114
769100
769099
769098
769097
769096
769094
769093
769091
769090
769088
769087
769086
769085
769084
769082
769081
769077
769076
769075
769074
769073
769072
769071
769070
769069
769068
769067
769066
769065
769064
769063
769062
769061
769060
769059
769058
769057
769056
769055
769054
769039
769038
769037
769036
769035
769034
769033
769028
769029
769030
769026
769027
769024
769023
769025
769032
769031
769022
769020
769019
769018
769017
769016
769015
769014
769013
769011
769010
769008
769007
769006
769005
769004
769002
769001
769000
768999
768998
768997
768996
768995
768993
768991
768990
768989
768988
768986
768983
768981
768980
768979
768977
768976
768975
768974
768973
768972
768971
768970
768969
768967
768965
768964
768963
768962
768961
768960
768959
768958
768957
768955
768954
768953
768952
768951
768950
768949
768948
768947
768946
768945
768944
768943
768942
768941
768940
768939
768938
768937
768936
768935
768934
768933
768932
768930
768929
768927
768926
768925
768924
768919
768918
768917
768916
768915
768914
768913
768912
768910
768909
768908
768906
768905
768904
768902
768901
768897
768896
768894
768893
768892
768891
768890
768889
768888
768887
768886
768885
768884
768883
768882
768881
768880
768879
768874
768873
768872
768871
768870
768868
768867
768866
768865
768863
768861
768860
768859
768858
768856
768855
768853
768851
768850
768849
768848
768847
768844
768843
768842
768836
768838
768841
768840
768839
768837
768835
768834
768833
768829
768828
768827
768826
768825
768824
768724
768725
768726
768727
768728
768731
768733
768735
768736
768738
768739
768740
768742
768749
768750
768751
768752
768753
768755
768756
768758
768759
768760
768761
768762
768763
768766
768767
768768
768769
768770
768771
768772
768773
768774
768775
768776
768777
768778
768779
768786
768787
768789
768791
768792
768793
768794
768796
768797
768799
768810
768808
768803
768802
768781
768748
768747
768746
768745
768744
768743
768741
768737
768734
768732
768730
768729
768723
768722
768721
768720
768719
768718
768717
768716
768715
768714
768713
768712
768711
768710
768708
768707
768705
768704
768703
768702
768701
768699
768698
768697
768696
768695
768694
768693
768692
768691
768690
768689
768688
768687
768686
768685
768684
768683
768681
768680
768669
768668
768666
768663
768662
768661
768657
768653
768652
768651
768647
768646
768645
768643
768642
768640
768639
768638
768637
768636
768635
768634
768633
768632
768631
768630
768629
768622
768621
768619
768618
768617
768615
768613
768612
768609
768608
