752013
752014
752015
751969
751973
751971
752004
752030
751874
751997
751974
751975
751967
751939
751916
751954
751877
751881
752003
751873
751870
751858
751857
751875
752002
751956
751938
751880
751872
751917
751876
751869
751862
751856
751871
751883
751867
751861
751864
751859
752021
752020
752019
752017
751801
751802
751804
751808
751826
751902
751942
751968
751970
752048
751821
751800
751799
751798
751797
751796
751795
751794
751793
751792
751791
751790
751789
751788
751787
751785
751784
751783
751782
751780
751779
751777
751776
751775
751774
751773
751772
751771
751770
751769
751768
751767
751765
751764
751823
752028
751763
751761
751760
751759
751757
751756
751755
751754
751753
751751
751750
751749
751748
751746
751745
751744
751743
751742
751741
751740
751739
751738
751737
751736
751735
751734
751733
751732
751731
751730
751729
751728
751727
751726
751725
751724
751723
751722
751721
751720
751719
751718
751717
751716
751715
751714
751713
751712
751711
751710
751709
751708
751707
751822
751706
751705
751704
751703
751702
751701
751700
751699
751698
751697
751696
751695
751694
751693
751692
751691
751690
751689
751688
751687
751686
751685
751684
751683
751682
751681
751680
751679
751678
751677
751676
751675
751674
751673
751672
751671
751670
751669
751668
751667
751666
751665
751664
751663
751662
751661
751660
751659
751658
751657
751656
751824
751655
751654
751653
751652
751651
751650
751649
751648
751647
751646
751645
751644
751643
751642
751641
751640
751639
751638
751637
751636
751635
751634
751633
751632
751631
751630
751629
751628
751627
751626
751625
751624
751623
751622
751621
751620
751619
751618
751617
751616
751615
751614
751613
751612
751611
751610
751609
751608
751607
751606
751605
751604
751603
751602
751601
751600
751599
751598
751595
751594
751593
751592
752053
751591
751590
751589
751588
751587
751585
751583
751582
751581
751580
751579
751578
751577
751576
751575
751574
751573
751572
751571
751570
751569
751568
751567
751566
751565
751564
751563
751562
751561
751560
751559
751558
751557
751556
751555
751554
751553
751552
751551
751550
751549
751548
751547
751546
751545
751544
751543
751542
751541
751540
751905
752027
752055
752054
752052
752051
752050
752049
752047
752046
752045
752044
752043
752041
752040
752039
752038
752037
752036
752035
752034
752033
752032
752029
752026
752025
752024
752023
752022
752018
752016
752012
752011
752010
752009
752008
752007
752006
752005
752001
752000
751999
751998
751996
751995
751994
751993
751992
751991
751990
751989
751988
751539
751538
751537
751536
751535
751534
751533
751532
751531
751530
751529
751528
751527
751526
751525
751524
751523
751522
751521
751520
751519
751518
751517
751516
751515
751514
751513
751512
751511
751510
751509
751508
751507
751506
751505
751504
751503
751502
751501
751500
751499
751498
751497
751495
751496
751494
751493
751492
751491
751490
751489
751986
751985
751984
751983
751892
751982
751981
751980
751979
751978
751977
751976
751972
751966
751965
751964
751963
751314
751962
751961
751960
751959
751958
751957
751896
751895
751894
751955
751953
751952
751951
751950
751949
751948
751947
751946
751945
751944
751943
751941
751940
751937
751936
751935
751934
751933
751932
751931
751929
751928
751927
751926
751925
751924
751923
751922
751921
751920
751919
751918
751915
751914
751913
751912
751889
751893
751911
751910
751909
751908
751907
751906
751903
751901
751900
751899
751898
751897
751890
751891
751888
751887
751886
751885
751884
751882
751879
751878
751868
751866
751865
751863
751860
751855
751854
751853
751852
751851
751850
751849
751848
751847
751846
751845
751844
751843
751842
751841
751840
751839
751838
751837
751836
751835
751834
751833
751832
751831
751830
751829
751828
751827
751825
751820
751819
751818
751817
751816
751815
751814
751813
751812
751811
751488
751487
751486
751485
751484
751483
751482
751481
751480
751479
751478
751477
751476
751475
751474
751473
751472
751471
751470
751469
751468
751467
751466
751465
751464
751463
751462
751461
751460
751459
751458
751457
751456
751455
751454
751453
751452
751451
751450
751449
751448
751447
751446
751445
751444
751443
751442
751441
751440
751439
751438
751437
751436
751435
751434
751433
751432
751431
751430
751810
751809
751807
751806
751805
751803
751786
751781
751778
751766
751762
751758
751752
751747
751597
751596
751586
751584
751429
751428
751427
751426
751425
751424
751423
751422
751421
751420
751419
751418
751417
751415
751414
751413
751412
751411
751410
751409
751408
751407
751406
751405
751404
751316
751401
751398
751396
751395
751317
751315
751313
751312
751311
751310
751309
751308
751307
