737003
736985
736983
736783
736781
736784
736984
736786
737008
736895
736961
736880
736878
737002
736964
736990
737005
736894
736875
736824
736823
736905
737004
736879
736927
736924
736999
736991
736972
736925
736926
736787
736867
736866
736865
736863
736860
736794
736818
736869
736883
736885
736910
736954
736978
737037
737036
737035
737034
737033
737032
737031
737030
737029
737028
737027
737026
737025
737024
737018
737017
737016
737015
737013
737012
737011
737009
737007
737006
737001
737000
736998
736997
736995
736993
736992
736989
736988
736986
736982
736981
736980
736979
736977
736976
736975
736974
736973
736971
736970
736968
736967
736966
736965
736963
736962
736960
736959
736958
736957
736956
736955
736953
736952
736951
736950
736949
736948
736947
736946
736945
736943
736942
736941
736939
736938
736937
736936
736935
736933
736932
736930
736929
736928
736923
736922
736921
736920
736919
736918
736917
736916
736915
736914
736913
736912
736911
736909
736908
736907
736906
736904
736903
736902
736901
736900
736899
736898
736896
736897
736893
736892
736891
736890
736889
736888
736887
736886
736884
736882
736881
736876
736874
736873
736872
736871
736870
736868
736864
736862
736861
736859
736858
736856
736836
736838
736839
736841
736842
736844
736845
736846
736848
736849
736851
736852
736854
736855
736853
736850
736847
736843
736840
736837
736835
736834
736833
736832
736831
736830
736829
736828
736826
736825
736822
736821
736820
736819
736817
736816
736815
736814
736812
736811
736810
736809
736808
736807
736806
736805
736804
736803
736802
736801
736800
736799
736798
736797
736796
736795
736793
736792
736791
736790
736789
736788
736785
736773
736764
736745
736744
736741
736740
736739
736738
736737
736736
736735
736734
736733
736732
