726894
726908
726892
726882
726879
726972
726904
726889
726893
726886
726975
726884
726887
726900
726915
726883
726566
726911
726906
726902
726878
726687
726682
726895
726916
726912
726699
726694
726950
726901
726949
726948
726946
726945
726944
726942
726941
726940
726939
726938
726936
726934
726933
726932
726931
726930
726929
726662
726661
726660
726659
726657
726656
726655
726654
726653
726652
726651
726649
726648
726647
726646
726645
726643
726640
726639
726637
726635
726633
726632
726631
726630
726629
726627
726626
726624
726622
726620
726636
726697
726644
726658
726748
726683
726676
726891
726634
726689
726663
726971
726905
726898
726885
726888
726914
726910
726881
726880
726685
726650
726760
726753
726695
726698
726693
726690
726679
726664
726642
726675
726672
726534
726538
726537
726541
726928
726927
726926
726787
726530
726542
726535
726539
726531
726560
726540
726536
726532
726558
726601
726600
726543
726599
726598
726758
726757
726756
726755
726754
726752
726751
726750
726749
726747
726746
726745
726744
726743
726741
726740
726739
726738
726737
726597
726596
726595
726594
726593
726803
726806
726816
726848
726868
726973
726974
726562
726559
726592
726590
726589
726588
726582
726581
726579
726578
726577
726576
726995
726993
726992
726990
726989
726988
726987
726986
726985
726984
726983
726982
726981
726980
726979
726977
726976
726575
726574
726573
726572
726970
726969
726968
726967
726966
726965
726964
726963
726962
726961
726960
726959
726958
726957
726956
726955
726954
726953
726952
726951
726947
726943
726937
726935
726734
726736
726735
726925
726924
726923
726921
726920
726919
726918
726917
726913
726909
726907
726903
726899
726897
726896
726890
726877
726876
726875
726874
726873
726872
726871
726870
726869
726867
726866
726865
726864
726863
726860
726820
726858
726855
726854
726853
726852
726851
726850
726849
726847
726846
726845
726844
726843
726842
726841
726840
726839
726838
726837
726836
726835
726834
726833
726832
726831
726830
726829
726828
726827
726826
726825
726823
726822
726819
726818
726817
726815
726814
726813
726812
726811
726810
726809
726808
726807
726805
726804
726802
726801
726557
726721
726774
726800
726799
726798
726797
726796
726795
726794
726793
726792
726791
726790
726789
726788
726786
726785
726784
726783
726782
726781
726780
726779
726778
726777
726776
726775
726772
726771
726770
726769
726768
726767
726766
726765
726764
726763
726762
726761
726759
726733
726732
726731
726730
726729
726728
726727
726726
726725
726724
726723
726722
726720
726719
726718
726717
726716
726715
726713
726712
726711
726710
726709
726708
726707
726706
726705
726704
726703
726702
726701
726700
726696
726692
726691
726688
726686
726684
726681
726680
726678
726677
726674
726673
726671
726670
726669
726668
726667
726666
726665
726619
726618
726617
726616
726615
726614
726613
726612
726611
726609
726607
726606
726604
726603
726602
726571
726570
726591
726587
726586
726585
726584
726583
726580
726569
726568
726567
726565
726564
726563
726561
726556
726555
726554
726553
726552
726551
726550
726549
726548
726547
726546
726545
726544
