744379
744143
744300
744291
744289
744298
744277
744251
744312
744139
744259
744265
744276
744292
744272
744268
744256
744089
744264
744245
744275
744381
744142
744296
744297
744260
744287
744290
744294
744208
744207
744206
744380
744383
744385
744386
744387
744389
744395
744210
744205
744212
744203
744201
744285
744307
744422
744421
744420
744419
744418
744417
744416
744415
744414
744413
744412
744409
744408
744407
744406
744405
744404
744403
744402
744401
744400
744399
744398
744397
744394
744393
744392
744391
744390
744388
744384
744382
744378
744376
744375
744374
744373
744372
744371
744370
744369
744368
744037
744332
744362
744190
744293
744365
744364
744363
744361
744360
744359
744358
744356
744355
744352
744350
744348
744347
744346
744344
744343
744342
744341
744339
744338
744337
744336
744334
744333
744331
744330
744329
744328
744327
744326
744325
744324
744322
744321
744319
744318
744317
744316
744315
744314
744313
744155
744154
744211
744310
744309
744204
744209
744202
744306
744305
744304
744303
744302
744301
744299
744295
744288
744286
744284
744283
744282
744280
744278
744274
744273
744271
744270
744269
744267
744266
744263
744262
744261
744258
744257
744255
744254
744253
744252
744249
744248
744247
744246
744244
744243
744242
744241
744240
744239
744238
744237
744236
744235
744234
744233
744232
744231
744230
744229
744228
744227
744226
744225
744224
744223
744222
744221
744220
744219
744218
744217
744216
744215
744214
744213
744156
744151
744200
744199
744198
744197
744196
744195
744194
744193
744192
744191
744189
744188
744187
744186
744185
744184
744152
744153
744182
744181
744180
744179
744178
744177
744176
744175
744174
744173
744172
744171
744170
744157
744169
744168
744167
744160
744166
744165
744164
744159
744163
744162
744161
744158
744150
744149
744148
744147
744146
744145
744144
744141
744140
744138
744137
744136
744135
744134
744133
744132
744131
744130
744129
744128
744127
744126
744125
744124
744123
744122
744121
744120
744119
744118
744117
744116
744115
744114
744113
744112
744111
744110
744109
744108
744107
744106
744105
744104
744103
744102
744101
744100
744099
744098
744097
744096
744095
744094
744093
744092
744091
744090
744088
744087
744086
744085
744084
744083
744082
744080
744079
744078
744077
744060
744061
744062
744063
744064
744065
744066
744068
744070
744072
744073
744075
744076
744074
744071
744069
744067
744059
744057
744053
744052
744051
744050
744049
744048
744047
744046
744045
744044
744043
744042
744041
744039
744038
744036
744035
744034
744033
744032
744031
744030
744029
744028
744027
744026
744025
744024
744023
744022
744021
744020
744019
744018
744017
744016
744015
744014
744013
744012
744011
744010
744009
744008
744007
744006
744005
744004
744003
744002
744001
743999
743998
743997
743996
743995
743994
743993
743991
743990
743989
743988
743986
743992
743987
743985
743984
743983
