844454
844445
844387
844405
844339
844221
844229
843993
843991
844428
844227
844195
844189
844188
844241
844253
844236
844224
844239
844235
844225
844337
844336
844453
844379
844334
844144
844147
844177
844136
843994
844228
843969
844148
844187
844159
844160
844162
844163
844158
844182
844183
843999
844017
844021
844023
844024
844025
844026
844112
843840
844613
844611
844223
844258
844256
844233
844194
844141
844140
843967
844238
844237
844176
844180
844255
844226
844222
844606
844600
844603
844609
844146
844142
844175
844149
843995
843986
844133
843928
843927
843958
843931
843959
843956
843955
843957
843954
843952
843858
843856
843854
843853
843852
843850
843953
844614
844612
844610
844608
844607
844605
844604
844602
844601
844599
844598
844597
844596
844595
844594
844593
844592
844591
844590
844589
844588
844587
844586
844585
844584
844582
844580
844579
844578
844577
844576
844575
844574
844573
844572
844571
844570
844569
844568
844567
844566
844565
844551
844548
844537
844534
844532
844527
844525
844521
844519
844518
844517
844516
844515
844514
844513
844512
844511
844510
844509
844508
844506
844505
844504
844469
844470
844471
844473
844474
844475
844477
844478
844479
844481
844482
844483
844486
844487
844488
844490
844492
844495
844496
844497
844498
844499
844500
844501
844502
844503
844494
844493
844491
844489
844485
844484
844480
844476
844472
844468
844467
844466
844465
844464
844463
844462
844458
844457
844456
844455
844335
844449
844448
844446
844443
844442
844441
844440
844439
844438
844436
844435
844434
844433
844432
844431
844430
844429
844427
844426
844425
844424
844423
844422
844421
844420
844419
844418
844417
844416
844415
844414
844413
844412
844410
844409
844408
844407
844406
844404
844403
844402
844401
844400
844399
844398
844397
844396
844395
844394
844393
844392
844391
844390
844384
844382
844381
844377
844373
844380
844378
844376
844374
844372
844371
844370
844369
844367
844366
844365
844364
844363
844361
844360
844359
844358
844357
844355
844354
844353
844352
844350
844349
844348
844347
844346
844344
844343
844341
844340
844338
844331
844329
844328
844327
844325
844323
844316
844314
844313
844312
844311
844310
844309
844308
844307
844306
844305
844301
844300
844295
844293
844290
844285
844282
844277
844275
844270
844268
844266
844261
844242
844232
844231
844220
844219
844217
844216
844215
844214
844213
844212
844211
844210
844209
844208
844207
844206
844205
844203
844201
844200
844199
844198
844197
844196
844193
844192
844191
844190
844186
844185
844184
844181
844179
844178
844174
844173
844172
844171
844170
844169
844168
844167
844166
844165
844164
844161
844157
844156
844155
844154
844153
844152
844151
844150
844145
844143
844139
844138
844137
844135
844134
844132
844131
844130
844129
844128
844127
844126
844125
844124
844122
844123
844121
844120
844119
844118
844117
844116
844115
844114
844113
844111
844110
844109
844108
844107
844106
844105
844104
844103
844102
844101
844100
844099
844098
844097
844096
844095
844094
844093
844092
844091
844090
844089
844088
844087
844086
844084
844083
844082
844081
844080
844079
844078
844077
844076
844075
844074
844073
844072
844071
844070
844069
844068
844067
844065
844064
844063
844062
844060
844058
844057
844055
844054
844053
844052
844051
844050
844049
844048
844047
844045
844043
844042
844041
844040
844039
844038
844037
844036
844035
844034
844033
844032
844031
844030
844029
844028
844027
844022
844020
844019
844016
844015
844013
844011
844010
844009
844008
844007
844006
844005
844004
843990
843992
843996
844003
844002
844001
844000
843998
843997
843987
843984
843985
843983
843982
843981
843980
843979
843978
843977
843976
843975
843972
843970
843968
843964
843963
843962
843961
843960
843951
843950
843949
843948
843947
843946
843945
843944
843943
843942
843941
843940
843939
843938
843937
843936
843934
843933
843932
843930
843929
843926
843925
843924
843923
843922
843921
843920
843919
843918
843917
843916
843915
843914
843913
843912
843910
843909
843908
843907
843906
843905
843880
843865
843863
843862
843861
843857
843855
843851
843849
843848
843847
843846
843845
843844
843843
843842
843841
843839
843838
843837
843836
843835
843834
843833
843832
843831
843830
843829
843828
843827
843826
843825
843824
843823
843822
843821
843820
843819
843818
843817
843816
843815
