825454
825445
825435
825430
825459
825453
825448
825441
825432
825420
825229
825227
825221
825219
825374
825371
825150
825140
825149
825136
825228
825225
825127
825119
825186
825185
825373
825370
825181
825180
825226
825224
825223
825372
825183
825189
825148
825134
825126
825369
825366
825367
825195
825179
825188
825234
825233
825232
825231
825230
825222
825220
825218
825217
825182
825199
825196
825147
825133
825122
825125
825118
825123
825121
825193
825194
825124
824987
824989
824990
824991
824992
825175
825237
825238
825239
825240
825242
825309
825310
825457
825447
825436
825427
825423
824985
824988
824994
824983
824982
824977
824976
825031
825032
825033
825037
825038
824964
824963
824970
824969
825455
825450
825446
825442
825438
825431
825429
825426
825425
825424
825422
825421
825418
825355
824965
824973
824972
824975
824974
825353
825347
825354
825356
825359
825360
825216
825215
824981
824979
824978
825352
825351
825350
825349
825348
825346
825344
825339
825030
824968
824967
824966
825470
825469
825468
825467
825466
825465
825464
825463
825462
825419
825417
825458
825456
825452
825451
825449
825444
825443
825440
825439
825437
825434
825433
825428
825416
825415
825414
825413
825412
825411
825410
825409
825408
825407
825406
825405
825404
825403
825402
825401
825400
825398
825397
825396
825395
825394
825393
825392
825390
825389
825388
825387
825386
825385
825384
825383
825382
825381
825380
825379
825378
825377
825376
825375
825365
825364
825363
825362
825361
825358
825357
825345
825343
825342
825341
825340
825338
825029
825337
825336
825335
825334
825333
825332
825331
825330
825329
825328
825327
825326
825325
825324
825323
825322
825321
825320
825319
825318
825317
825316
825315
825314
825313
825312
825311
825308
825307
825306
825305
825304
825302
825301
825300
825299
825298
825297
825296
825295
825294
825293
825292
825291
825290
825289
825288
825287
825286
825285
825284
825283
825282
825280
825279
825278
825277
825276
825275
825274
825273
825272
825271
825270
825269
825268
825267
825266
825265
825264
825263
825262
825261
825260
825259
825258
825257
825256
825255
825254
825253
825252
825251
825250
825249
825248
825247
825246
825245
825243
825241
825236
825235
825214
825213
825209
825208
825207
825206
825205
825204
825203
825202
825201
825200
825198
825197
825192
825191
825190
825187
825184
825178
825177
825176
825174
825173
825172
825171
825170
825168
825167
825166
825165
825164
825163
825162
825161
825160
825159
825158
825157
825156
825155
825154
825153
825152
825151
825146
825145
825144
825143
825142
825141
825139
825138
825137
825135
825132
825130
825129
825120
825116
825115
825114
825113
825112
825111
825109
825094
825076
825066
825063
825062
825060
825053
825052
825051
825050
825049
825048
825046
825045
825044
825043
825042
825041
825040
825039
825036
825034
825028
825027
825026
825025
825024
825023
825022
825021
825020
825019
825018
825017
825016
825015
825014
825013
825012
825011
825010
825009
825008
825007
825006
825005
825004
825003
825002
825001
825000
824999
824998
824997
824996
824995
824986
824984
824980
824971
824962
824961
824960
824959
824958
824957
824956
824955
824953
824952
824951
824950
824949
