866061
866062
866100
866128
866104
866089
866084
866076
866099
866103
866087
866069
866066
866088
866094
866086
866085
865877
865875
865873
866091
866101
866078
866081
866096
866095
866077
866068
866057
865876
865872
865870
865949
865948
866141
865825
865831
865820
865817
865822
865829
865826
865823
865818
865814
865811
865809
865808
865816
865812
865830
865819
866063
866056
865874
865828
865821
865810
865813
865815
865827
866054
866067
865824
866105
866102
866053
866046
866043
866041
866030
866020
866019
866073
866072
866070
866176
866175
866174
866173
866165
866150
866168
866167
866166
866156
866155
866154
866044
866042
866040
866131
866132
866136
866153
866152
865942
866039
866038
866129
866017
866015
866147
866144
865781
866113
866140
866162
866160
866159
866158
866149
866148
866014
866177
866172
866170
866164
866163
866161
866157
866146
866145
866143
866142
866139
866138
866055
866134
866133
866127
866126
866125
866124
866122
866121
866120
866119
866118
866117
866116
866115
866114
866112
866111
866110
866109
866108
866107
866106
866098
866097
866093
866092
866090
866083
866082
866080
866079
866075
866074
866071
866064
866060
866059
866058
866052
866051
866050
866037
866036
866035
866034
866049
866048
866033
866032
866031
866029
866028
866027
866026
866025
866024
866023
866022
866021
866018
866013
866012
866011
866010
866009
866007
866005
866003
866002
866001
866000
865999
865998
865997
865996
865995
865994
865992
865991
865990
865989
865988
865987
865986
865985
865984
865983
865982
865981
865980
865979
865977
865975
865972
865971
865970
865969
865968
865967
865966
865965
865964
865963
865962
865961
865960
865959
865958
865957
865956
865955
865954
865953
865952
865951
865950
865947
865946
865945
865944
865943
865941
865940
865939
865938
865937
865936
865935
865934
865933
865932
865931
865930
865929
865928
865927
865926
865925
865924
865923
865922
865921
865920
865919
865918
865917
865916
865915
865914
865913
865912
865911
865910
865909
865908
865907
865906
865905
865904
865903
865902
865901
865899
865898
865897
865896
865895
865894
865893
865892
865891
865890
865889
865888
865887
865886
865885
865884
865883
865881
865880
865879
865878
865871
865869
865868
865867
865866
865865
865864
865863
865862
865861
865860
865859
865858
865857
865856
865855
865854
865853
865852
865851
865850
865849
865848
865847
865846
865845
865844
865843
865842
865841
865840
865839
865838
865837
865836
865835
865834
865833
865832
865807
865806
865805
865802
865801
865800
865799
865798
865797
865796
865795
865794
865793
865792
865791
865790
865789
865788
865787
865786
865785
865784
865783
865782
865780
865779
865778
865777
865776
865775
