769202
769203
769187
769188
769201
769213
769234
769235
769236
769245
769177
769179
769364
769173
769176
769412
769430
769440
769469
769381
769484
769444
769368
769365
769361
769357
769468
769374
769377
769456
769453
769372
769354
769465
769459
769380
769470
769376
769359
769352
769348
769346
769349
769341
769339
769307
769305
769367
769301
769304
769284
769281
769467
769461
769457
769450
769379
769378
769282
769298
769369
769363
769353
769355
769360
769350
769347
769366
769340
769291
769290
769296
769302
769294
769390
769391
769396
769397
769509
769238
769237
769510
769508
769507
769506
769505
769504
769503
769502
769501
769500
769499
769498
769497
769495
769494
769493
769492
769491
769489
769488
769487
769486
769485
769483
769482
769481
769480
769479
769478
769477
769476
769475
769474
769473
769471
769466
769464
769463
769462
769460
769458
769455
769454
769452
769451
769449
769448
769447
769446
769445
769442
769441
769395
769392
769389
769388
769439
769438
769437
769436
769435
769434
769433
769432
769431
769429
769428
769427
769426
769425
769424
769423
769422
769421
769420
769418
769417
769416
769415
769414
769413
769411
769409
769408
769407
769406
769405
769404
769402
769401
769400
769399
769398
769387
769386
769385
769384
769394
769383
769382
769375
769370
769362
769358
769356
769351
769345
769344
769343
769342
769338
769337
769336
769335
769334
769333
769328
769326
769325
769321
769320
769319
769318
769317
769315
769314
769313
769312
769311
769310
769309
769308
769306
769299
769297
769295
769292
769289
769288
769287
769286
769285
769283
769280
769279
769278
769277
769276
769275
769274
769273
769272
769271
769270
769269
769268
769267
769266
769265
769264
769263
769262
769261
769260
769259
769258
769256
769255
769254
769253
769252
769251
769250
769249
769248
769247
769246
769244
769243
769242
769241
769240
769239
769232
769231
769230
769229
769228
769227
769226
769225
769223
769222
769221
769220
769219
769218
769217
769216
769215
769212
769211
769208
769207
769204
769200
769199
769198
769197
769196
769195
769194
769192
769191
769190
769189
769186
769185
769184
769183
769182
769181
769180
769178
769175
769174
769141
769172
769171
769170
769169
769168
769167
769166
769165
769164
769163
769162
769161
769160
769159
769158
769156
769155
769154
769153
769152
769151
769150
769149
769148
769147
769146
769145
769144
769143
769142
769140
769139
769138
769137
769136
769135
769134
769133
769132
769131
769130
769129
769128
769127
769126
769125
769122
769123
769121
769124
769120
769119
