830132
830136
830366
830148
830134
830149
830139
830135
830112
830082
830146
830067
830100
830094
830078
830076
830057
830052
830046
830081
830367
830365
830137
830133
830113
830099
830077
830075
830093
830066
830055
830051
830039
830036
830035
830033
830131
830364
830096
830065
830040
830111
830047
830064
830049
830053
830339
830338
830337
830336
830335
830333
830332
830331
830330
830328
830327
830326
830324
830147
830145
830144
829995
829997
829956
829957
829958
829959
829960
830083
830292
830342
830343
830348
830388
830389
830390
830406
830405
830404
830403
830402
830401
830400
830399
830398
830397
830396
830395
830394
830393
830392
830391
830387
830386
830385
830384
830383
830382
830381
830380
830379
830378
830377
830376
830375
830374
830373
830372
830371
830370
830323
830322
830321
830320
830369
830368
830363
830358
830354
830353
830352
830357
830356
830351
830350
830349
830355
830347
830346
830345
830344
830341
830340
830334
830329
830325
830319
830318
830317
830316
830315
830314
830313
830312
830311
830310
830308
830305
830304
830303
830302
830301
830300
830299
830298
830297
830293
830294
830295
830291
830289
830287
830285
830284
830283
830282
830281
830280
830279
830277
830276
830275
830274
830273
830272
830271
830270
830269
830268
830266
830265
830264
830263
830262
830261
830260
830259
830258
830257
830256
830255
830254
830253
830252
830251
830250
830249
830248
830246
830245
830244
830243
830242
830241
830239
830238
830237
830236
830233
830232
830231
830230
830229
830228
830227
830226
830225
830224
830223
830222
830221
830220
830219
830218
830216
830215
830214
830213
830212
830211
830210
830209
830208
830207
830206
830205
830204
830203
830202
830201
830200
830199
830198
830196
830195
830194
830158
830193
830192
830191
830190
830189
830188
830187
830186
830185
830184
830183
830182
830181
830180
830179
830178
830177
830176
830175
830174
830173
830172
830171
830170
830169
830168
830167
830166
830164
830163
830162
830161
830160
830159
830157
830104
830156
830155
830154
830153
830152
830151
830150
830143
830141
830140
830138
830129
830128
830127
830126
830125
830124
830123
830121
830120
830119
830118
830116
830117
830115
830114
830110
830109
830108
830107
830106
830105
830103
830102
830101
830098
830097
830095
830092
830091
830090
830089
830088
830087
830086
830085
830084
830080
830079
830074
830073
830072
830071
830070
830069
830068
830063
830062
830061
830060
830059
830058
830056
830054
830050
830048
830045
830044
830043
830042
830041
830038
830037
830034
830032
830031
830030
830029
830027
830026
830025
830024
830023
830022
830021
830020
830019
830018
830017
830016
830015
830014
830013
830012
830011
830010
830009
830008
830006
830005
830003
830002
830001
830000
829999
829998
829993
829991
829990
829989
829988
829986
829985
829984
829983
829982
829981
829980
829978
829977
829975
829974
829973
829971
829970
829968
829967
829966
829965
829964
829963
829962
829955
829954
829953
829952
829951
