887812
887568
887576
887581
887725
887766
887852
887837
887739
887700
887667
887679
887636
887668
887710
887747
887799
887811
887950
887943
887869
887867
887875
887908
887880
887941
887953
887851
887836
887745
887807
887764
887793
887742
887744
887674
887868
887874
887907
887879
887938
887942
887940
887906
887877
887872
887866
887850
887835
887738
887703
887746
887675
887665
887634
887632
887737
887939
887849
887905
887878
887873
887832
887763
887865
887806
887937
887698
887663
887741
887633
887740
887696
887635
887765
887770
887757
887758
887771
887705
887583
887726
887813
887933
887990
887991
887676
887678
887673
887672
887677
887989
887988
887691
887690
887688
887681
887680
888003
888002
888001
888000
887999
887998
887997
887996
887995
887994
887993
887992
887987
887986
887985
887984
887983
887982
887981
887980
887979
887978
887977
887976
887975
887974
887973
887972
887971
887970
887969
887968
887967
887966
887965
887964
887963
887962
887961
887960
887959
887958
887957
887956
887955
887954
887952
887951
887949
887948
887947
887946
887945
887944
887936
887935
887934
887932
887931
887930
887929
887928
887927
887926
887925
887924
887923
887922
887921
887920
887919
887918
887917
887916
887915
887914
887913
887912
887911
887910
887904
887903
887902
887901
887900
887899
887898
887897
887896
887895
887894
887893
887892
887876
887871
887891
887890
887889
887888
887887
887886
887885
887884
887883
887882
887881
887870
887864
887863
887862
887861
887860
887858
887857
887856
887855
887854
887853
887848
887847
887846
887845
887844
887843
887842
887682
887683
887687
887841
887840
887839
887686
887834
887833
887831
887830
887829
887828
887827
887826
887825
887824
887823
887822
887821
887820
887819
887818
887817
887815
887808
887805
887804
887803
887802
887801
887800
887797
887796
887795
887794
887792
887791
887789
887787
887785
887784
887783
887782
887781
887780
887779
887778
887777
887776
887775
887774
887773
887767
887761
887759
887756
887754
887755
887753
887752
887751
887750
887749
887748
887743
887736
887735
887734
887733
887730
887729
887728
887727
887724
887723
887722
887721
887720
887718
887717
887716
887715
887714
887713
887712
887711
887709
887708
887707
887706
887704
887702
887701
887699
887697
887695
887694
887693
887692
887689
887685
887684
887671
887670
887669
887666
887664
887662
887661
887660
887659
887658
887657
887656
887655
887654
887653
887652
887651
887650
887649
887648
887647
887646
887645
887644
887643
887642
887641
887640
887639
887638
887637
887631
887630
887629
887627
887626
887625
887624
887623
887622
887621
887620
887619
887618
887617
887616
887615
887614
887613
887612
887611
887610
887609
887608
887607
887606
887605
887604
887603
887602
887601
887600
887599
887596
887595
887594
887593
887592
887591
887590
887589
887588
887587
887586
887585
887584
887582
887580
887579
887578
887577
887575
887574
887573
887572
887571
887570
887569
887567
887566
887565
887564
887563
887562
887561
887560
887559
887558
887557
887556
887555
887554
887553
887552
887551
887550
887549
887548
887547
887546
887545
