766586
766448
766368
766372
766365
766363
766356
766446
766383
766376
766375
766373
766357
766355
766351
766360
766361
766369
766367
766364
766362
766359
766353
766352
766358
766354
766350
766478
766639
766325
766324
766323
766322
766321
766320
766319
766318
766317
766316
766315
766314
766313
766312
766310
766309
766308
766307
766306
766305
766304
766303
766302
766301
766642
766641
766607
766606
766645
766644
766600
766655
766654
766653
766652
766651
766650
766649
766648
766646
766643
766640
766637
766636
766635
766634
766633
766632
766630
766628
766627
766626
766625
766624
766623
766622
766621
766620
766619
766618
766617
766616
766615
766614
766613
766612
766610
766605
766604
766603
766602
766601
766599
766598
766597
766595
766594
766593
766592
766590
766589
766587
766585
766583
766582
766581
766580
766576
766575
766574
766573
766572
766570
766569
766566
766571
766568
766565
766564
766563
766562
766561
766560
766559
766558
766557
766556
766555
766554
766553
766552
766498
766499
766551
766550
766549
766548
766547
766546
766545
766544
766543
766542
766541
766540
766539
766538
766537
766536
766535
766533
766532
766531
766530
766529
766528
766527
766526
766525
766524
766523
766522
766521
766519
766518
766517
766500
766501
766502
766503
766504
766505
766506
766507
766508
766509
766510
766511
766512
766513
766514
766515
766516
766497
766496
766495
766494
766493
766492
766491
766490
766489
766488
766487
766485
766484
766483
766482
766481
766480
766479
766477
766473
766472
766471
766469
766468
766467
766466
766465
766464
766463
766462
766460
766458
766456
766455
766454
766453
766452
766451
766450
766449
766447
766445
766444
766443
766442
766441
766440
766439
766438
766436
766435
766433
766432
766431
766430
766429
766428
766426
766424
766422
766421
766420
766419
766417
766416
766415
766414
766413
766412
766411
766410
766409
766408
766407
766406
766405
766404
766403
766402
766401
766400
766398
766397
766396
766395
766394
766393
766392
766391
766390
766389
766388
766387
766386
766385
766384
766382
766381
766380
766379
766378
766377
766374
766371
766370
766366
766349
766348
766347
766346
766345
766344
766343
766342
766341
766340
766339
766338
766337
766336
766335
766334
766333
766332
766331
766330
766329
766328
766327
766326
766311
766300
766299
766298
766297
766296
766295
766294
766293
766292
766291
766290
766289
766288
766287
766286
766285
766284
766283
766282
766281
766280
766279
766278
766277
766276
766275
766274
766273
766272
766270
766269
766268
766267
766266
766265
766264
766260
766262
766261
766263
