793827
794377
794376
794375
794374
794373
794336
794337
794231
794085
793939
793937
793567
794093
794335
794338
794089
794339
794230
794080
794209
794208
794006
794005
794004
794003
794002
794001
793934
794405
793640
794400
794399
794398
794397
794396
794395
794394
794393
794392
794391
794390
794389
794388
794387
794386
794385
794384
793620
793626
793913
793924
794293
794297
794298
794301
794409
794233
794269
794321
794111
794112
794114
794117
794119
794122
794124
794126
794127
794130
794131
794133
794134
794135
794136
794137
794138
794140
794142
794144
794146
794147
794150
794152
794153
794155
794156
794158
794159
794161
794162
794163
794164
794166
794168
794169
794170
794171
794173
794175
794176
794177
794178
794180
794182
794184
794185
794188
794190
794192
794109
794106
794104
794102
794101
794099
794097
794096
794094
794091
794090
794088
794086
794084
794082
794079
794078
794077
794075
794010
794009
794008
793994
793993
793992
793991
793990
793989
793988
793987
793986
793985
793984
793983
793982
793981
793980
793979
793978
793977
793976
793974
793973
793972
793971
793970
793969
793968
793967
793966
793965
793964
793963
793962
793959
793956
793953
793951
793949
793946
793944
793942
793940
793936
793935
793932
793930
793929
793928
793926
793923
793922
793919
793917
793914
793910
793907
793904
793901
793899
793895
793893
793892
793890
793889
793887
793885
793883
793880
793879
793877
793874
793870
793869
793867
793864
793862
793860
793856
793855
793853
793851
793850
793849
793848
793847
793846
793845
793844
793843
793842
793841
793840
793839
793838
794436
794434
794432
794448
794447
794426
794425
794424
794419
794452
794451
794449
794438
794433
794428
794423
794446
794445
794444
794443
794442
794441
794440
794431
794430
794429
794427
794418
794417
794416
794420
794450
794421
794439
794415
794408
794407
794411
794410
794414
794412
794437
794435
794422
794413
794406
794404
794403
794401
794383
794382
794381
794380
793806
793805
793804
793803
793802
793801
793800
793798
793797
793795
793794
793792
793791
793789
793788
793787
793786
793785
793784
793783
793782
793781
793780
793779
793778
793777
793776
793775
793774
793773
793772
793771
793770
793769
793768
793767
793766
793765
793763
793761
793760
793759
793758
793757
793756
793753
793752
793751
793750
793749
793748
793747
793746
793744
793741
794379
794378
794372
794371
794370
794369
794368
794367
794366
794365
794364
794363
794362
794361
794360
794359
794358
794356
794355
794352
794350
794347
794354
794353
794348
794346
794345
794344
794343
794342
794341
794340
794333
794332
794331
794330
794329
794328
794327
794326
794325
794324
794323
794322
794320
794316
794315
794314
794313
794312
794311
794310
794309
794308
794307
794306
794304
794303
794302
794299
794296
794295
794292
794291
794290
794289
794288
794287
794285
794284
794283
794282
794281
794280
794279
794278
794277
794276
794275
794274
794273
794272
794271
794270
794268
794267
794266
794265
794264
794263
794262
794261
794260
794259
794257
794256
794255
794253
794252
794251
794250
794249
794248
794247
794246
794245
794244
794243
794242
794241
794240
794239
794237
794236
794235
794234
794232
794229
794228
794227
794226
794225
794224
794222
794221
794220
794219
794218
794217
794216
794215
794214
794213
794212
794211
794210
794207
794206
794205
794204
794203
794202
794199
794198
794197
794196
794195
794194
794193
794191
794189
794187
794186
794183
794181
794179
794174
794172
794167
794165
794160
794157
794154
794151
794149
794148
794145
794143
794141
794139
794132
794129
794128
794123
794121
794120
794118
794116
794115
794113
794110
794108
794107
794105
794103
794098
794095
794092
794087
794083
794076
794074
794073
794072
794071
794070
794069
794068
794067
794066
794065
794064
794063
794062
794061
794060
794059
794058
794057
794056
794055
794054
794053
794052
794051
794050
794049
794047
794046
794045
794044
794042
794041
794040
794039
794038
794037
794036
794035
794034
794033
794032
794031
794030
794029
794028
794027
794026
794025
794024
794023
794022
794021
794020
794019
794018
794017
794016
794015
794014
794013
794012
794011
794007
794000
793999
793998
793997
793996
793995
793975
793961
793960
793958
793957
793955
793954
793952
793950
793948
793947
793945
793943
793941
793938
793933
793931
793927
793925
793921
793920
793918
793916
793915
793912
793911
793909
793908
793906
793905
793903
793902
793900
793898
793897
793896
793894
793891
793888
793886
793884
793882
793881
793878
793876
793875
793873
793872
793871
793868
793866
793865
793863
793861
793859
793858
793857
793854
793852
793837
793836
793835
793834
793833
793832
793831
793830
793829
793828
793826
793825
793824
793823
793822
793821
793820
793819
793818
793817
793816
793815
793814
793813
793812
793811
793810
793809
793808
793807
793799
793796
793793
793790
793764
793762
793755
793754
793745
793743
793742
793740
793739
793738
793737
793736
793735
793734
793733
793732
793731
793728
793727
793726
793725
793724
793723
793722
793721
793720
793719
793718
793717
793716
793715
793714
793713
793712
793711
793710
793709
793708
793707
793706
793705
793703
793701
793699
793698
793697
793696
793695
793694
793693
793692
793691
793690
793689
793688
793687
793686
793685
793684
793683
793682
793681
793680
793679
793678
793677
793676
793675
793674
793673
793672
793671
793670
793669
793668
793667
793666
793665
793664
793663
793662
793661
793660
793659
793658
793657
793656
793655
793654
793653
793650
793649
793648
793647
793646
793644
793643
793642
793641
793638
793637
793636
793635
793634
793633
793632
793631
793630
793629
793628
793627
793625
793624
793623
793622
793621
793619
793618
793617
793616
793614
793612
793610
793608
793607
793606
793605
793604
793603
793602
793601
793599
793598
793597
793596
793595
793594
793593
793592
793591
793590
793589
793588
793587
793586
793585
793584
793583
793582
793581
793580
793579
793578
793577
793576
793574
793573
793572
793571
793570
793569
793568
793566
793565
793564
793563
793562
793561
793560
793559
793558
793557
