742142
742018
742021
742043
742020
742104
742011
741995
742046
741985
742012
742129
742130
742133
742127
742134
742124
741876
741885
742030
742040
742042
742072
742081
742110
742113
742114
742115
742128
742132
742126
742125
742156
742160
742159
742158
742155
742154
742153
742152
742151
742150
742149
742135
742136
742147
742146
742145
742144
742143
742141
742140
742139
742138
742137
742123
742122
742131
742121
742120
742119
742118
742117
742116
742112
742111
742109
742108
742107
742106
742105
741940
741941
742103
742102
742101
742100
742099
742098
742097
742096
742095
742094
742093
742092
742091
742089
742088
742087
742086
742085
742084
742083
742082
742080
742078
742076
742075
742074
742073
742071
742070
742068
742067
742066
742065
742064
742063
742062
742061
742060
742059
742058
742057
742056
742055
742054
742053
742052
742051
742050
742049
742048
742047
742045
742044
742041
742039
742038
742037
742036
742034
742033
742032
742031
742029
742028
742027
742026
742025
742024
742023
742022
742019
742017
742016
742015
742014
742013
742010
742008
742007
742006
742005
742004
742003
742002
742001
742000
741999
741998
741997
741996
741994
741993
741992
741991
741990
741989
741988
741986
741984
741983
741982
741981
741980
741979
741978
741976
741974
741973
741972
741971
741970
741969
741968
741967
741964
741963
741962
741961
741959
741958
741957
741956
741955
741954
741953
741952
741951
741950
741949
741948
741947
741946
741945
741944
741943
741942
741882
741881
741880
741939
741938
741937
741936
741934
741932
741931
741930
741929
741928
741927
741926
741925
741924
741923
741922
741921
741919
741914
741913
741912
741911
741910
741909
741908
741907
741905
741904
741902
741901
741900
741899
741898
741897
741896
741895
741894
741893
741892
741891
741890
741889
741888
741887
741886
741884
741883
741879
741878
741877
