826204
826196
826019
826021
826024
826480
826471
826464
826484
826481
826478
826477
826473
826468
826465
826483
826482
826479
826475
826474
826472
826470
826469
826467
826463
826461
826457
826455
826454
826135
826224
826405
826319
826300
826295
826289
826134
826125
826284
826277
826275
826138
826244
826115
826374
826359
826183
826201
826200
826110
826448
826406
826223
826182
826122
826301
826291
826282
826147
826121
826119
826118
826180
826163
826177
826120
826258
826108
826105
826045
826202
826315
826297
826287
826279
826274
826051
826050
826048
826117
826415
826158
826352
826116
826243
826109
826049
826445
826364
826347
826221
826111
826132
826241
826178
826409
826403
826046
826107
826386
826028
826131
826193
826381
826459
826530
826283
826041
826509
826510
826040
826462
826532
826529
826528
826527
826526
826525
826524
826523
826522
826521
826518
826517
826516
826515
826514
826520
826519
826513
826512
826511
826508
826507
826506
826505
826504
826503
826502
826501
826500
826499
826498
826497
826496
826495
826494
826493
826492
826491
826490
826489
826488
826487
826486
826485
826476
826458
826456
826453
826452
826451
826450
826449
826447
826446
826444
826443
826442
826440
826439
826438
826437
826435
826434
826433
826432
826431
826430
826429
826428
826427
826426
826425
826424
826423
826422
826421
826420
826418
826417
826416
826413
826410
826408
826407
826404
826402
826401
826400
826399
826398
826397
826396
826395
826394
826393
826392
826389
826388
826385
826384
826382
826380
826379
826378
826377
826376
826375
826373
826372
826371
826369
826365
826361
826357
826356
826355
826354
826353
826351
826349
826348
826346
826345
826344
826343
826342
826340
826339
826338
826337
826336
826335
826334
826332
826331
826330
826328
826327
826324
826323
826322
826320
826318
826316
826314
826313
826312
826310
826308
826307
826306
826305
826304
826303
826302
826299
826298
826296
826293
826290
826288
826285
826281
826280
826278
826276
826272
826271
826270
826269
826268
826267
826266
826265
826264
826262
826261
826260
826259
826257
826256
826255
826253
826252
826251
826249
826248
826247
826246
826245
826242
826240
826239
826238
826237
826236
826235
826234
826233
826232
826231
826230
826228
826227
826226
826225
826222
826220
826219
826218
826217
826216
826215
826214
826213
826212
826211
826209
826208
826207
826205
826199
826198
826197
826195
826194
826191
826190
826189
826187
826186
826185
826184
826181
826179
826176
826175
826174
826173
826172
826171
826170
826169
826168
826167
826166
826165
826164
826159
826157
826156
826155
826154
826153
826152
826151
826150
826149
826148
826146
826145
826144
826143
826142
826141
826140
826139
826137
826136
826133
826130
826129
826128
826127
826126
826124
826123
826113
826112
826106
826104
826103
826102
826101
826100
826099
826098
826097
826096
826095
826094
826093
826091
826090
826089
826088
826087
826086
826085
826084
826083
826082
826081
826080
826079
826078
826077
826076
826075
826074
826073
826072
826071
826070
826066
826065
826064
826062
826061
826060
826059
826058
826057
826056
826055
826054
826053
826052
826047
826043
826042
826038
826037
826036
826035
826034
826033
826032
826031
826030
826029
826027
826026
826025
826022
826020
826018
826016
826015
826014
826012
826011
826010
826004
826005
826009
826008
826007
826006
826003
