838582
838581
838579
838578
838576
838575
838526
838608
838602
838326
838316
838605
838536
838538
838606
838601
838522
838537
838321
838315
838320
838313
838280
838264
838397
838523
838317
838314
838607
838600
838597
838266
838279
838545
838539
838535
838325
838318
838312
838524
838525
838603
838599
838596
838322
838319
838311
838278
838262
838334
838333
838332
838336
838335
838277
838275
838261
838308
838306
838284
838283
838282
838281
838271
838276
838274
838258
838259
838620
838584
838559
838161
838619
838613
838594
838587
838562
838558
838555
838162
838126
838125
838129
838128
838593
838589
838586
838565
838561
838557
838612
838592
838574
838573
838572
838611
838590
838588
838585
838564
838560
838556
838160
838159
838157
838122
838123
838124
838127
838136
838156
838158
838117
838116
838115
838366
838359
838358
838365
838364
838363
838362
838361
838360
838357
838356
838354
838353
838155
838130
838438
838461
838487
838533
838352
838351
838350
838349
838348
838347
838346
838345
838344
838343
838342
838341
838121
838118
838643
838642
838641
838640
838639
838638
838637
838636
838635
838634
838633
838632
838631
838629
838628
838627
838626
838625
838624
838623
838622
838621
838610
838609
838571
838570
838604
838568
838567
838566
838598
838595
838591
838583
838580
838577
838569
838563
838554
838553
838552
838551
838550
838549
838548
838547
838546
838544
838542
838541
838540
838534
838532
838531
838530
838529
838528
838527
838521
838520
838519
838518
838517
838516
838515
838514
838513
838512
838511
838510
838509
838508
838507
838506
838505
838504
838502
838501
838500
838499
838496
838495
838494
838493
838492
838491
838490
838489
838488
838486
838485
838484
838483
838482
838481
838479
838478
838477
838476
838475
838474
838473
838472
838471
838469
838468
838467
838464
838466
838465
838463
838462
838460
838459
838458
838457
838456
838455
838454
838453
838452
838451
838449
838448
838447
838444
838443
838442
838441
838440
838439
838437
838436
838435
838434
838433
838432
838431
838430
838429
838428
838427
838426
838424
838423
838422
838421
838420
838419
838418
838417
838416
838415
838414
838413
838412
838411
838410
838409
838407
838406
838405
838404
838403
838401
838400
838399
838398
838396
838395
838394
838393
838392
838391
838390
838389
838388
838387
838386
838385
838384
838383
838382
838380
838379
838378
838377
838376
838375
838374
838373
838372
838371
838370
838369
838368
838367
838355
838288
838287
838289
838292
838340
838339
838338
838337
838293
838294
838291
838290
838331
838329
838328
838327
838324
838323
838310
838309
838307
838305
838304
838303
838302
838301
838300
838299
838298
838297
838296
838295
838286
838285
838273
838265
838255
838253
838252
838249
838247
838239
838237
838235
838233
838231
838229
838227
838226
838224
838218
838214
838206
838205
838204
838203
838202
838201
838197
838196
838194
838169
838168
838167
838166
838165
838164
838163
838154
838152
838151
838149
838148
838146
838145
838141
838140
838138
838137
838134
838132
838120
838119
838114
