806853
806852
806851
806850
806849
806846
806843
806842
806825
806824
806822
806821
806820
806819
806817
806815
806839
806838
806837
806835
806834
806829
806828
806847
806848
806840
806841
806833
806832
806831
806830
807281
807282
807264
807211
807267
807209
807156
807147
807213
807265
807148
807263
807260
807258
807232
806867
806878
807123
807316
807317
807102
807154
807206
807235
807019
807006
806957
806950
806945
806938
806944
806933
806932
806874
806937
806921
806916
806914
806910
806909
806901
806898
807266
807017
807009
806956
807262
807261
807234
806947
806919
807158
807149
807016
806943
806873
806912
806911
806907
806905
806899
807014
806949
806936
806931
806918
806915
806902
807056
807005
807013
806946
806869
806908
806906
807055
807059
807058
806981
806980
806776
806773
806801
806794
806789
806802
806784
806768
806796
806775
806785
806777
807239
807240
807241
807242
807244
807245
807246
807247
807249
807250
807251
807252
807253
807254
807255
807256
807257
806770
806790
806795
806782
806774
806800
806786
806783
807233
807243
807236
807231
807230
807229
807228
807226
807225
807224
807223
807222
807221
807220
807219
807218
807217
807216
807215
807214
807343
807342
807341
807340
807339
807338
807337
807336
807335
807334
807333
807332
807331
807330
807329
807328
807327
807326
807325
807324
807323
807322
807321
807320
807319
807318
807312
807311
807310
807309
807308
807307
807306
807305
807304
807303
807302
807301
807299
807298
807297
807296
807295
807294
807293
807292
807291
807290
807289
807287
807286
807285
807284
807283
807280
807279
807278
807277
807276
807275
807274
807273
807300
807288
807272
807271
807270
807269
807268
807259
807248
807238
807237
807227
807212
807210
807208
807207
807205
807204
807203
807202
807201
807200
807199
807198
807197
807196
807195
807194
807193
807192
807191
807190
807189
807188
807187
807186
807185
807184
807183
807182
807181
807180
807179
807178
807177
807176
807175
807174
807173
807172
807171
807170
807169
807168
807167
807166
807165
807164
807163
807162
807161
807160
807159
807157
807155
807153
807152
807151
807150
807146
807145
807144
807143
807142
807141
807140
807139
807138
807137
807136
807135
807134
807133
807132
807131
807130
807129
807128
807127
807126
807125
807122
807121
807120
807118
807117
807116
807115
807114
807113
807112
807111
807110
807109
807108
807107
807106
807105
807104
807103
807101
807100
807099
807098
807097
807096
807095
807094
807093
807092
807090
807089
807088
807087
807086
807085
807084
807083
807082
807081
807080
807079
807078
807077
807076
807075
807074
807073
807072
807071
807070
807069
807068
807067
807066
807065
807063
807062
807061
807060
807057
807054
807053
807052
807051
807050
807049
807048
807047
807046
807045
807044
807043
807042
807041
807040
807039
807038
807036
807033
807032
807031
807030
807029
807028
807027
807026
807025
807024
807023
807010
807022
807021
807020
807018
807015
807012
807004
807008
807007
807003
807002
807001
807000
806999
806998
806997
806996
806995
806994
806993
806992
806991
806990
806989
806988
806987
806986
806985
806984
806983
806982
806979
806978
806977
806976
806975
806974
806973
806972
806971
806970
806969
806967
806966
806965
806964
806963
806962
806961
806960
806958
806959
806948
806955
806954
806942
806935
806934
806930
806952
806951
806941
806940
806939
806929
806928
806927
806926
806925
806924
806923
806922
806920
806917
806913
806904
806903
806900
806897
806896
806895
806894
806893
806892
806891
806890
806889
806888
806887
806885
806884
806883
806882
806881
806880
806879
806877
806876
806875
806872
806871
806870
806868
806866
806865
806864
806863
806862
806861
806860
806859
806858
806857
806856
806855
806854
806845
806844
806836
806827
806826
806818
806816
806814
806813
806812
806811
806810
806809
806808
806807
806806
806805
806804
806803
806799
806798
806797
806793
806791
806788
806787
806781
806780
806779
806778
806772
806771
806769
806767
806766
806765
806764
806763
806762
806761
806760
806759
806758
806757
806756
806755
806754
806753
806752
806751
806750
806749
806748
806747
806746
806745
806744
806743
806742
806740
806739
806738
806737
806736
806735
806734
806733
806732
806731
806730
806729
806728
806727
806726
806725
806724
806723
806722
806721
806720
806719
