788611
787969
787971
787883
788605
788494
788452
788463
788446
788554
788631
788616
788591
788560
788448
788633
788634
788466
788451
788447
788442
788495
788304
788468
788615
788462
788630
788595
788299
788457
788305
788306
788555
788465
788449
788460
788617
788596
788454
788294
788556
788445
788450
788278
787878
788368
788369
788371
788373
788374
788375
788376
788377
788378
788379
788380
788381
788382
788383
788384
788386
788388
788389
788390
788391
788392
788393
788394
788395
788396
788397
788399
788400
788402
788403
788404
788406
788408
788409
788367
788366
788365
788364
788362
788360
788359
788358
788357
788356
788355
788354
788353
788352
788351
788349
788348
788347
788346
788345
788344
788342
788341
788340
788339
788338
788337
788336
788335
788333
788332
788331
788330
788329
788328
788326
788325
788324
788322
788321
788320
788319
788318
788317
788315
788314
788313
788312
788311
788309
788303
788302
788301
788300
788298
788297
788296
788295
788290
788283
788282
788281
788280
788279
788277
788276
788275
788274
788273
788272
788271
788270
788269
788268
788267
788266
788265
788264
788263
788262
788261
788259
788258
788257
788256
788255
788254
788252
788251
788250
788249
788247
788245
788243
788242
788241
788240
788239
788238
788236
788234
788233
788232
788231
788230
788228
788225
788224
788223
788221
788220
788217
788216
788215
788212
788211
788209
788208
788207
788206
788205
788202
788201
788200
788199
788198
788197
788196
788195
788194
788192
788191
788190
788188
788186
788187
788185
788184
788183
788182
788181
788179
788178
788177
788176
788175
788174
788172
788171
788170
788169
788168
788167
788166
788165
788164
788163
788161
788160
788159
788158
788157
788155
788154
788153
788152
788151
788150
788149
788148
788147
788145
788144
788143
788142
788141
788140
788139
788138
788137
788136
788135
788134
788133
788132
788131
788130
788129
788128
788127
788126
788125
788124
788123
788122
788121
788120
788119
788118
788117
788116
788115
788114
788113
788112
788111
788110
788109
788108
788107
788106
788105
788104
788103
788102
788101
788100
788099
788098
788097
788096
788095
788094
788092
788091
788090
788622
788620
788619
788089
788088
788087
788086
788085
788084
788083
788082
788080
788079
788078
788077
788076
788075
788074
788073
788072
788071
788070
788068
788067
788066
788065
788064
788062
788061
788060
788059
788058
788057
788056
788055
788054
788053
788051
788050
788049
788048
788047
788046
787940
788486
788589
788613
788647
788676
788673
788670
788669
788668
788667
788665
788664
788663
788662
788661
788660
788659
788658
788657
788656
788654
788653
788652
788651
788650
788649
788648
788646
788641
788640
788639
788638
788636
788635
788629
788628
788627
788626
788625
788624
788614
788610
788609
788608
788607
788606
788598
788599
788600
788602
788604
788603
788601
788597
788594
788593
788592
788590
788588
788587
788586
788585
788584
788583
788582
788581
788580
788579
788578
788577
788576
788575
788573
788572
788571
788570
788569
788568
788567
788566
788565
788564
788563
788562
788561
788559
788558
788557
788553
788552
788551
788550
788549
788548
788546
788545
788544
788543
788542
788541
788540
788539
788538
788537
788536
788535
788534
788533
788532
788531
788530
788529
788528
788526
788525
788524
788523
788045
788044
788043
788042
788041
788040
788039
788038
788037
788036
788035
788034
788033
788031
788030
788029
788028
788027
788026
788025
788024
788023
788022
788021
788020
788019
788018
788017
788016
788015
788014
788012
788011
788010
788009
788008
788007
788006
788005
788004
788003
788002
788000
787999
787998
787997
787996
787995
787994
787993
787992
787991
787990
788522
788521
788520
788519
788518
788517
788516
788515
788514
788513
788512
788511
788510
788509
788508
788507
788506
788505
788504
788503
788502
788501
788500
788499
788497
788496
788438
788437
788436
788435
788434
788433
788432
788431
788430
788429
788493
788492
788491
788490
788489
788488
788487
788485
788484
788483
788482
788481
788480
788479
788478
788477
788476
788475
788474
788473
788472
788471
788470
788469
788467
788464
788461
788459
788458
788455
788453
788444
788443
788441
788440
788439
788428
788427
788425
788424
788423
788422
788421
788420
788419
788418
788417
788416
788415
788414
788413
788412
788411
788410
788407
788405
788401
788398
788387
788385
788372
788370
788363
788361
788350
788343
788334
788327
788323
788316
788310
788308
788307
788285
788288
788289
788291
788292
788293
788287
788284
788286
788260
788253
788248
788246
788244
788237
788235
788229
788227
788226
788222
788219
788218
788214
788213
788210
788204
788203
788193
788189
788180
788173
788162
788156
788146
788093
788081
788069
788063
788052
788032
788013
788001
787989
787988
787987
787986
787985
787983
787982
787981
787979
787977
787976
787975
787974
787973
787972
787970
787968
787967
787966
787965
787964
787963
787962
787961
787960
787959
787958
787957
787956
787955
787954
787953
787952
787951
787950
787949
787948
787947
787946
787945
787944
787943
787942
787941
787939
787938
787937
787936
787935
787934
787933
787932
787931
787930
787929
787928
787927
787926
787925
787924
787923
787922
787921
787920
787919
787918
787917
787916
787915
787914
787913
787912
787911
787910
787909
787908
787907
787906
787905
787904
787903
787902
787901
787900
787899
787897
787896
787895
787894
787893
787892
787891
787890
787889
787888
787887
787886
787885
787884
787882
787881
787880
787879
787877
