737372
737340
737373
737335
737252
737371
737336
737318
737330
737251
737196
737324
737334
737300
737328
737368
737248
737326
737320
737303
737247
737212
737187
737249
737082
737085
737308
737220
737221
737222
737223
737225
737250
737062
737056
737097
737176
737286
737293
737312
737374
737412
737411
737410
737409
737408
737407
737406
737405
737404
737403
737402
737401
737400
737399
737398
737346
737397
737396
737395
737394
737393
737343
737344
737392
737391
737390
737389
737388
737387
737386
737385
737384
737383
737382
737381
737380
737379
737378
737377
737376
737375
737349
737370
737369
737367
737366
737365
737364
737363
737362
737361
737360
737348
737350
737359
737358
737357
737356
737355
737354
737353
737347
737345
737352
737351
737342
737341
737339
737338
737337
737333
737332
737331
737329
737327
737325
737323
737322
737321
737317
737316
737315
737314
737313
737311
737309
737307
737306
737304
737302
737301
737299
737298
737297
737296
737295
737294
737292
737291
737290
737289
737288
737285
737284
737283
737282
737281
737280
737279
737278
737277
737275
737274
737273
737272
737271
737270
737269
737268
737267
737266
737265
737264
737262
737260
737258
737257
737256
737255
737254
737253
737246
737245
737244
737243
737242
737241
737240
737239
737238
737237
737236
737235
737234
737232
737231
737230
737229
737228
737227
737226
737224
737219
737217
737216
737215
737214
737211
737210
737209
737208
737207
737206
737205
737204
737203
737202
737201
737200
737199
737198
737197
737195
737194
737193
737192
737191
737190
737189
737188
737186
737185
737183
737182
737181
737180
737179
737178
737177
737174
737173
737172
737171
737170
737169
737143
737144
737145
737146
737147
737148
737149
737150
737151
737152
737153
737154
737155
737156
737157
737159
737160
737161
737162
737163
737164
737165
737166
737168
737167
737158
737142
737141
737140
737139
737135
737136
737138
737137
737134
737133
737132
737131
737130
737128
737127
737126
737125
737124
737123
737122
737121
737120
737119
737118
737117
737116
737115
737114
737113
737112
737111
737110
737109
737108
737107
737106
737105
737103
737102
737101
737100
737099
737098
737096
737095
737094
737093
737091
737090
737089
737088
737087
737086
737084
737083
737081
737080
737079
737078
737077
737076
737075
737074
737073
737072
737071
737070
737069
737068
737067
737064
737063
737060
737059
737058
737057
737055
737051
737049
737048
737047
737046
737044
737043
737042
737041
737040
737039
737038
