933841
933840
933842
933855
933804
933790
933787
933799
933791
933794
933788
933802
933789
933676
933681
933682
933709
933786
933785
933803
933678
933699
933710
933795
933798
933784
933680
933675
933805
933797
933793
933783
933796
933792
933782
933683
933679
933677
933674
933714
933808
933814
933756
933871
933870
933869
933872
933868
933867
933866
933865
933864
933863
933862
933861
933860
933859
933858
933853
933852
933851
933850
933849
933848
933847
933846
933845
933844
933843
933839
933838
933837
933836
933835
933834
933833
933832
933831
933830
933829
933828
933827
933826
933825
933824
933823
933822
933821
933820
933819
933818
933817
933816
933815
933813
933812
933811
933810
933809
933807
933806
933801
933800
933781
933780
933779
933778
933777
933776
933773
933772
933771
933770
933769
933768
933765
933764
933763
933762
933761
933758
933757
933755
933754
933753
933751
933750
933749
933748
933747
933746
933745
933744
933743
933742
933741
933740
933739
933737
933736
933735
933733
933732
933731
933730
933729
933728
933727
933726
933725
933724
933723
933722
933721
933720
933719
933718
933717
933716
933713
933712
933708
933706
933705
933704
933703
933702
933701
933700
933697
933688
933696
933695
933692
933694
933693
933689
933691
933690
933687
933686
933684
933673
933672
933671
933670
933668
933666
933665
933664
933663
933662
933661
933650
933649
933648
933647
933646
933645
933644
933643
933642
933641
933640
933639
933638
933637
933636
933635
933634
933633
933632
933631
933630
933629
933627
933625
933624
933623
933622
933621
933620
933619
933618
933607
933608
933609
933610
933611
933612
933613
933614
933615
933617
933616
933606
