757782
757783
757784
757785
757786
757788
757789
757790
757791
757792
757793
757794
757795
757796
757797
757798
757799
757800
757801
757802
757803
757804
757805
757806
757808
757809
757810
757811
757812
757732
757737
757738
757739
757740
757741
757742
757743
757744
757745
757746
757747
757748
757749
757750
757751
757752
757753
757754
757755
757756
757757
757758
757759
757760
757761
757762
757763
757764
757765
757766
757767
757768
757769
757771
757772
757775
757776
757777
757778
757779
757780
757781
757350
757602
757603
757604
757605
757606
757607
757608
757609
757610
757611
757612
757613
757614
757615
757616
757617
757618
757619
757620
757621
757622
757623
757624
757625
757626
757627
757628
757629
757630
757631
757632
757633
757634
757635
757636
757637
757638
757639
757640
757641
757642
757643
757644
757645
757646
757647
757648
757649
757650
757651
757652
757653
757654
757655
757656
757657
757658
757659
757660
757662
757663
757665
757666
757667
757673
757674
757679
757680
757681
757683
757684
757685
757686
757690
757692
757693
757694
757696
757697
757699
757700
757703
757704
757706
757707
757708
757709
757710
757711
757715
757716
757717
757719
757721
757722
757726
757727
757729
757730
757731
757598
757599
757600
757601
757390
757353
757388
757355
757336
757308
757348
757344
757389
757357
757356
757346
757338
757354
757337
757497
757498
757499
757500
757501
757502
757503
757504
757505
757506
757507
757508
757509
757510
757511
757512
757513
757514
757515
757516
757517
757518
757519
757520
757521
757522
757523
757524
757525
757526
757527
757528
757529
757530
757531
757542
757553
757556
757559
757562
757580
757581
757582
757583
757584
757585
757586
757587
757588
757589
757590
757591
757592
757593
757594
757595
757596
757597
757345
757339
757335
757445
757444
757443
757442
757430
757429
757428
757427
757426
757425
757424
757423
757422
757421
757420
757418
757365
757404
757458
757467
757469
757678
757268
757278
757815
757287
757319
757272
757816
757276
757817
757291
757813
757819
757290
757273
757280
757814
757289
757281
757271
757818
757288
757279
757277
757473
757470
757474
757468
757472
757807
757787
757774
757736
757735
757734
757733
757728
757725
757724
757723
757720
757718
757714
757713
757712
757705
757702
757701
757698
757695
757691
757689
757688
757687
757682
757677
757676
757675
757672
757671
757670
757669
757668
757664
757661
757532
757533
757534
757535
757536
757537
757538
757539
757540
757541
757543
757544
757545
757546
757548
757549
757550
757551
757552
757554
757555
757557
757558
757560
757561
757563
757564
757565
757566
757567
757568
757569
757570
757571
757572
757573
757574
757575
757576
757577
757578
757579
757547
757496
757495
757494
757493
757492
757491
757490
757489
757488
757487
757486
757485
757484
757483
757482
757481
757480
757479
757478
757471
757475
757466
757465
757464
757463
757462
757461
757460
757459
757457
757456
757455
757454
757453
757452
757450
757449
757448
757447
757446
757441
757440
757439
757438
757437
757436
757435
757434
757433
757432
757431
757419
757417
757416
757415
757413
757414
757412
757411
757410
757409
757408
757407
757406
757405
757403
757402
757401
757400
757399
757398
757397
757395
757392
757391
757387
757386
757385
757384
757383
757382
757381
757380
757379
757378
757377
757375
757374
757373
757372
757371
757370
757369
757368
757366
757364
757363
757362
757361
757359
757358
757352
757351
757349
757347
757342
757341
757340
757334
757333
757332
757331
757327
757326
757325
757324
757322
757321
757320
757318
757317
757316
757314
757312
757310
757309
757307
757306
757305
757304
757303
757302
757301
757300
757299
757298
757297
757296
757295
757294
757293
757292
757286
757285
757284
757283
757282
757275
757274
757270
757269
757267
757266
757265
757264
757263
757262
