880876
880882
880873
880881
880880
880878
880877
880782
880770
880810
880812
880813
880814
880895
880957
880968
880922
880920
880848
880846
880836
880902
880909
880906
880921
880845
880837
880833
880844
880970
880924
880839
880843
881014
881004
880847
880908
880904
880835
880842
880838
880969
880923
880840
880907
880905
880903
880869
880967
880918
880841
881072
881071
881102
881101
881082
881081
881070
881069
881024
881019
881013
881012
881010
881009
881023
881029
881018
881008
881078
881080
881028
881016
881022
880773
881006
880958
880759
880758
880757
881100
881099
881098
881097
881096
881095
881094
881093
881092
881091
881090
881089
881088
881087
881086
881085
881084
881083
881079
881077
881076
881075
881074
881073
881068
881067
881066
880755
881065
881064
881063
881062
881060
881059
881058
881057
881056
881055
881054
881053
881052
881050
881049
881048
881047
881046
881045
881044
881043
881042
881041
881040
881039
881038
881037
881036
881035
881034
881033
881032
881031
881030
881027
881026
881025
881021
881020
881017
881015
881011
881005
881003
881002
881001
881000
880999
880998
880997
880996
880995
880994
880993
880992
880991
880990
880989
880988
880987
880986
880985
880984
880983
880982
880981
880980
880979
880978
880977
880976
880975
880974
880973
880972
880971
880966
880965
880964
880963
880962
880961
880960
880959
880956
880955
880954
880953
880952
880951
880950
880949
880948
880947
880946
880945
880944
880943
880942
880941
880940
880939
880938
880937
880936
880935
880934
880933
880932
880931
880930
880929
880928
880927
880926
880925
880917
880916
880915
880914
880913
880912
880911
880910
880901
880900
880899
880898
880897
880896
880894
880893
880892
880891
880890
880889
880888
880887
880886
880885
880884
880883
880879
880875
880874
880872
880871
880870
880868
880867
880866
880865
880864
880863
880862
880861
880860
880859
880858
880857
880856
880855
880854
880853
880852
880851
880850
880849
880834
880832
880831
880830
880829
880828
880827
880826
880825
880824
880823
880822
880821
880820
880819
880818
880817
880816
880815
880809
880808
880807
880806
880805
880804
880803
880802
880801
880800
880799
880798
880797
880796
880795
880794
880793
880792
880791
880790
880789
880788
880787
880786
880785
880784
880781
880780
880779
880778
880777
880776
880775
880774
880767
880764
880766
880765
880763
880762
880761
880760
880753
880752
880751
880750
880749
880748
880747
880746
880745
880744
