914006
914005
914004
914003
914008
914007
914029
914028
914027
914186
914184
914182
914038
914037
914072
914040
914039
914076
914146
914145
914121
914095
914175
914128
914080
914074
914127
914125
914077
914075
914070
914023
914019
914014
913945
913933
913986
913982
913990
913988
913978
913975
913941
913928
913904
913948
913943
914101
914103
914078
914174
914123
914092
914079
914073
914069
914022
914018
914012
913916
913932
913931
914071
913930
913936
914021
914017
914015
914068
913891
914122
913925
913980
913973
913940
913974
913926
913901
913924
914020
914016
914013
913989
913987
913981
913977
913947
913950
913976
913939
913890
913934
913929
913913
913889
914129
914124
913927
913921
913898
913887
913969
913877
914036
914035
914034
914032
914187
914185
914183
913869
913868
913867
913866
913865
913863
913862
913861
913860
913859
913858
913856
913851
913850
914031
914030
914081
913853
913847
913846
914097
914143
914181
914180
914179
914177
914176
914173
914172
914171
914169
914170
914168
914167
914166
914165
914164
914163
914162
914161
914160
914159
914158
914157
914156
914155
914154
914153
914152
914151
914150
914149
914148
914147
914144
914142
914141
914140
914139
914138
914135
914134
914133
914132
914131
914130
914120
914119
914118
914117
914116
914112
914111
914110
914109
914108
914107
914106
914105
914104
914102
914100
914099
914094
914086
914084
914083
914082
914067
914065
914064
914062
914061
914060
914059
914058
914057
914055
914052
914050
914049
914048
914047
914046
914045
914044
914043
914042
914041
914026
914024
914011
914010
914001
913994
913993
913992
913991
913985
913984
913983
913979
913972
913971
913970
913968
913967
913966
913965
913964
913963
913962
913961
913960
913959
913958
913957
913956
913955
913954
913953
913952
913951
913949
913946
913942
913937
913935
913920
913919
913918
913915
913910
913909
913908
913907
913906
913905
913903
913902
913900
913897
913895
913893
913892
913888
913886
913885
913884
913883
913882
913881
913880
913879
913878
913876
913875
913874
913873
913870
913849
913848
913864
913854
913845
913844
913843
913842
913841
913840
913839
913838
913837
913836
913835
913834
913833
913832
913831
913830
913829
913828
913827
913826
913824
913823
913822
913821
913820
913819
913818
913817
913816
913815
913814
913813
913810
913809
913808
913807
913803
913802
913801
913800
913799
913798
913797
913796
913795
913794
913793
913792
913791
913790
913789
913788
913787
913786
913785
913784
913783
913780
913779
913778
913777
913776
913775
913774
913773
913772
913771
913770
913769
913768
913767
913766
913765
913764
913763
913762
913761
913760
913759
913758
913757
913756
913755
913754
913753
913752
913751
913750
913749
913748
913747
913746
913745
913744
913743
913742
913741
913740
913739
913738
913736
