895402
895423
895422
895674
895673
895415
895421
895414
895413
895399
895416
895420
895418
895405
895404
895411
895410
895409
895408
895407
895596
895594
895587
895577
895667
895688
895686
895371
895372
895374
895378
895599
895403
895400
895398
895397
895675
895672
895812
895500
895534
895541
895514
895567
895568
895579
895765
895750
895509
895522
895493
895468
895760
895774
895745
895609
895580
895555
895537
895533
895458
895462
895780
895779
895784
895553
895668
895666
895756
895763
895576
895513
895507
895523
895494
895531
895504
895466
895540
895538
895511
895521
895702
895690
895660
895662
895465
895499
895528
895512
895691
895669
895661
895575
895508
895518
895464
895459
895530
895496
895536
895502
895520
895687
895665
895659
895463
895498
895529
895685
895664
895683
895663
895658
895461
895497
895506
895519
895527
895539
895526
895510
895501
895492
895517
895460
895535
895525
895516
895491
895391
895383
895384
895375
895770
895649
895606
895586
895604
895380
895385
895769
895648
895772
895373
895361
895354
895351
895387
895771
895585
895561
895773
895358
895560
895592
895360
895379
895678
895344
895376
895386
895573
895647
895363
895367
895731
895733
895822
895821
895819
895817
895816
895815
895814
895813
895811
895810
895809
895808
895807
895806
895805
895804
895801
895803
895802
895800
895799
895798
895797
895796
895795
895794
895793
895792
895791
895790
895789
895788
895787
895786
895785
895349
895356
895365
895782
895781
895778
895777
895776
895775
895768
895767
895766
895764
895762
895761
895759
895758
895757
895755
895754
895753
895752
895751
895749
895748
895747
895746
895743
895364
895742
895741
895740
895739
895738
895737
895736
895735
895734
895732
895730
895729
895728
895727
895726
895725
895724
895723
895722
895721
895718
895717
895716
895715
895714
895712
895711
895359
895353
895710
895709
895708
895707
895706
895705
895704
895703
895701
895352
895346
895350
895700
895699
895698
895697
895696
895694
895693
895692
895689
895684
895682
895681
895680
895679
895345
895343
895677
895676
895671
895670
895348
895657
895656
895655
895654
895653
895652
895651
895650
895646
895645
895644
895643
895362
895642
895641
895640
895639
895638
895637
895636
895635
895634
895633
895632
895631
895630
895629
895628
895627
895626
895625
895624
895623
895622
895621
895382
895366
895370
895620
895619
895618
895617
895616
895615
895614
895613
895611
895610
895608
895607
895605
895603
895602
895601
895597
895347
895593
895591
895590
895589
895584
895583
895582
895581
895388
895574
895572
895571
895570
895569
895566
895565
895564
895563
895559
895558
895390
895389
895556
895554
895552
895550
895549
895548
895547
895546
895545
895544
895543
895542
895532
895524
895515
895505
895503
895495
895490
895489
895488
895487
895486
895485
895484
895483
895482
895481
895480
895479
895478
895477
895476
895475
895474
895473
895472
895471
895470
895469
895467
895457
895456
895455
895454
895453
895452
895451
895450
895449
895448
895447
895446
895445
895443
895442
895441
895440
895439
895438
895436
895435
895434
895433
895432
895431
895430
895429
895428
895427
895426
895425
895424
895419
895417
895412
895401
895396
895395
895394
895393
895392
895381
895377
895368
895357
895355
895342
895341
