815531
815725
815824
815910
815979
816003
815687
815928
815953
815952
815944
815946
815943
815692
815663
815655
815918
815942
815697
815658
815652
815628
815664
815696
815958
815947
815941
815954
815950
815945
815939
815665
815657
815660
815907
815693
815633
815632
815654
815653
815648
815659
815656
815651
815649
815540
815992
815990
815998
815539
815732
816015
816014
816013
816012
816011
816010
816009
816008
816007
816006
816005
816004
816002
816001
816000
815999
815997
815996
815995
815994
815993
815991
815989
815988
815987
815986
815985
815984
815983
815982
815981
815980
815978
815977
815976
815975
815974
815973
815972
815971
815970
815969
815968
815967
815966
815965
815964
815963
815962
815961
815960
815959
815956
815955
815951
815949
815948
815940
815938
815937
815936
815935
815934
815933
815796
815798
815800
815806
815932
815931
815929
815927
815926
815925
815924
815920
815919
815917
815799
815797
815795
815916
815915
815914
815913
815912
815911
815909
815908
815906
815905
815904
815903
815902
815901
815900
815898
815897
815896
815895
815894
815803
815794
815807
815804
815893
815892
815891
815890
815889
815888
815887
815886
815885
815884
815883
815882
815881
815880
815801
815793
815879
815791
815790
815877
815876
815875
815874
815873
815872
815871
815870
815869
815868
815867
815865
815864
815863
815861
815805
815809
815808
815860
815859
815858
815857
815856
815855
815854
815853
815852
815850
815848
815847
815846
815845
815844
815843
815842
815841
815840
815839
815838
815837
815836
815835
815834
815832
815831
815830
815828
815827
815826
815825
815616
815615
815614
815823
815822
815821
815820
815819
815818
815817
815816
815815
815814
815812
815811
815810
815802
815792
815789
815788
815787
815786
815785
815784
815783
815782
815781
815780
815779
815778
815777
815776
815775
815774
815773
815772
815771
815770
815769
815767
815766
815765
815764
815763
815762
815761
815760
815759
815758
815757
815756
815755
815754
815753
815752
815751
815750
815749
815748
815747
815746
815745
815744
815743
815742
815741
815740
815739
815738
815737
815736
815735
815734
815731
815730
815729
815728
815727
815726
815724
815723
815722
815721
815720
815719
815718
815717
815716
815715
815714
815710
815709
815708
815707
815706
815705
815704
815703
815702
815701
815699
815698
815691
815690
815689
815686
815685
815684
815683
815682
815681
815680
815679
815678
815676
815675
815674
815673
815671
815670
815669
815668
815667
815666
815662
815661
815650
815647
815646
815645
815644
815643
815642
815641
815640
815639
815638
815637
815636
815635
815634
815631
815630
815629
815627
815626
815625
815624
815623
815622
815621
815620
815619
815618
815617
815613
815612
815611
815610
815609
815607
815606
815605
815604
815603
815602
815601
815599
815598
815597
815595
815594
815593
815591
815590
815589
815588
815587
815586
815585
815584
815583
815582
815581
815580
815579
815578
815576
815571
815568
815567
815564
815561
815558
815556
815553
815552
815548
815546
815544
815543
815542
815541
815538
815535
815534
815533
815532
815529
815528
815527
815526
815525
815524
815523
815522
815521
815520
815519
815518
815517
815516
815515
815514
815513
815512
815511
815510
815509
815508
815507
815506
815505
815503
815502
815501
815500
815499
815498
815497
815496
