817923
817922
817921
817526
817564
817565
817566
817567
817569
817570
817791
817861
817681
817686
817920
817919
817918
817744
817684
817680
817661
817638
817711
817742
817746
817678
817660
817659
817637
817658
817682
817743
817741
817745
817701
817657
817639
817694
817740
817700
817656
817640
817677
817654
817641
817932
817779
817778
817704
817703
817702
817916
817917
817927
817665
817666
817664
817667
817582
817581
817926
817925
817924
817749
817750
817751
817752
817762
817763
817764
817765
817766
817767
817768
817758
817757
817756
817755
817754
817753
817761
817760
817915
817914
817913
817748
817747
818161
818160
818159
818158
818156
818155
818154
818153
818152
818151
818150
818149
818148
818147
818146
818145
818144
818143
818142
818141
818140
818139
818138
818137
818136
818135
818134
818133
818132
818131
818130
818129
818128
818127
818126
818125
818124
818123
818122
818121
818120
818119
818118
818117
818116
818115
818114
818112
818111
818110
817949
817948
817947
817946
817945
817944
817943
817942
817941
817940
817939
818109
818108
818107
818106
818105
818104
818103
818102
818101
818100
818098
818099
818097
818096
818095
818094
818093
818092
818091
818090
818089
818088
818087
818086
818085
818084
818083
818082
818081
818080
818079
818078
818077
818076
818075
818074
818073
818072
818071
818070
818069
818068
818067
818066
818065
818064
818063
818062
818061
818060
818059
818058
818057
818056
818055
818054
818053
818052
818051
818050
818049
818048
818047
818046
818045
818044
818043
818042
818041
818040
818039
818038
818037
818036
818035
818034
818033
818032
818031
818030
818029
818028
818027
818026
818025
818024
818023
818022
818021
818020
818019
818018
818017
818016
818015
818014
818013
818012
818011
818010
818009
818008
818007
818006
818005
818004
818003
818002
818001
818000
817999
817998
817997
817996
817995
817994
817993
817992
817991
817990
817989
817988
817987
817986
817985
817984
817983
817982
817981
817980
817979
817978
817977
817976
817975
817974
817973
817972
817971
817970
817969
817968
817967
817966
817965
817964
817963
817962
817961
817960
817959
817958
817957
817956
817955
817954
817953
817952
817951
817950
817938
817937
817936
817935
817934
817933
817931
817929
817928
817911
817912
817910
817909
817889
817886
817879
817907
817906
817905
817904
817903
817877
817876
817875
817874
817901
817873
817902
817900
817899
817898
817896
817895
817893
817892
817891
817890
817888
817887
817885
817884
817883
817882
817881
817880
817878
817872
817871
817870
817869
817868
817867
817866
817864
817863
817862
817860
817859
817858
817857
817856
817855
817854
817844
817843
817842
817841
817840
817839
817838
817837
817836
817835
817834
817833
817832
817831
817830
817829
817828
817827
817826
817825
817824
817823
817822
817821
817820
817819
817818
817817
817816
817815
817814
817813
817812
817811
817808
817807
817806
817805
817804
817803
817802
817800
817799
817797
817796
817795
817794
817793
817792
817790
817789
817788
817787
817786
817785
817784
817783
817782
817781
817780
817777
817776
817775
817774
817773
817772
817671
817670
817771
817770
817769
817712
817759
817739
817738
817737
817736
817735
817734
817733
817732
817729
817728
817725
817724
817723
817721
817719
817718
817730
817727
817726
817722
817720
817717
817716
817715
817714
817713
817710
817709
817708
817707
817706
817705
817699
817698
817697
817696
817695
817693
817692
817691
817690
817689
817688
817687
817685
817683
817679
817676
817675
817674
817673
817672
817669
817668
817663
817662
817653
817652
817651
817650
817649
817648
817646
817643
817642
817636
817635
817634
817631
817629
817627
817626
817625
817624
817623
817622
817621
817620
817619
817618
817617
817616
817615
817614
817612
817611
817610
817609
817608
817607
817606
817605
817604
817603
817602
817601
817600
817599
817598
817597
817596
817595
817594
817593
817591
817590
817589
817588
817587
817586
817585
817584
817583
817580
817579
817578
817577
817576
817575
817574
817572
817571
817568
817563
817562
817561
817560
817559
817558
817557
817556
817555
817554
817553
817552
817551
817550
817549
817545
817546
817548
817547
817544
817543
817542
817540
817539
817538
817537
817536
817535
817534
817533
817532
817531
817530
817529
817528
817527
817525
817524
817523
817522
817521
817520
817519
817518
817517
817516
817515
817514
817513
817512
817511
817510
817509
817508
817507
817506
817505
817504
817503
817502
817501
