801988
801969
801724
801726
801855
801841
801759
801847
801837
801850
801834
801691
801831
801696
801690
801685
801669
801665
801664
801662
801661
801648
801568
801695
801687
801825
801844
801818
801651
801656
801983
801659
801654
801689
801684
801663
801647
801655
801902
801979
801918
801919
801920
801921
801822
801827
801828
801824
801829
801845
801846
801848
801849
801851
801852
801853
801854
801856
801857
801858
801859
801860
801861
801862
801863
801865
801866
801867
801868
801869
801870
801871
801872
801873
801874
801875
801876
801877
801878
801879
801880
801881
801882
801883
801884
801885
801886
801887
801891
801673
801674
801675
801804
801793
801800
801810
801811
801805
801792
801789
801790
801796
801787
801786
801784
801922
801987
801986
801985
801982
801981
801978
801977
801976
801975
801974
801973
801972
801971
801970
801968
801967
801960
801958
801957
801956
801955
801954
801953
801952
801951
801950
801949
801948
801947
801946
801945
801944
801943
801942
801941
801940
801939
801938
801937
801936
801935
801934
801933
801932
801931
801930
801929
801928
801927
801926
801925
801924
801923
801917
801916
801915
801914
801913
801912
801911
801910
801909
801908
801907
801906
801905
801904
801903
801901
801900
801899
801898
801897
801896
801895
801894
801893
801890
801889
801888
801791
801785
801783
801843
801842
801840
801839
801838
801781
801836
801835
801777
801770
801764
801763
801864
801833
801832
801830
801826
801821
801820
801819
801817
801815
801814
801813
801812
801809
801808
801742
801744
801807
801806
801803
801802
801801
801799
801798
801797
801795
801794
801788
801782
801780
801779
801778
801776
801775
801774
801773
801772
801771
801769
801768
801767
801766
801765
801762
801761
801760
801758
801745
801746
801748
801747
801757
801756
801755
801753
801752
801751
801750
801743
801741
801740
801739
801738
801737
801736
801733
801732
801730
801729
801728
801727
801725
801723
801722
801721
801720
801719
801718
801717
801716
801714
801713
801711
801710
801709
801708
801707
801706
801705
801704
801703
801702
801701
801700
801699
801698
801697
801694
801693
801692
801688
801686
801683
801682
801681
801679
801678
801677
801676
801672
801671
801670
801668
801667
801666
801658
801657
801652
801645
801641
801639
801638
801637
801636
801635
801634
801633
801632
801631
801630
801629
801628
801627
801626
801625
801624
801623
801622
801621
801620
801619
801618
801616
801615
801614
801613
801612
801611
801610
801609
801608
801607
801606
801605
801604
801603
801602
801601
801600
801599
801598
801597
801596
801594
801592
801591
801590
801589
801588
801587
801586
801585
801584
801583
801581
801580
801579
801578
801577
801576
801575
801574
801572
801571
801570
801569
801566
801567
801565
801564
801563
801562
801561
801560
801558
801559
801557
801556
801555
801554
801553
801552
801551
801550
801549
801548
801547
