934302
934711
934701
934707
934720
934717
934716
934723
934722
934715
934708
934714
934718
934724
934719
934713
934706
934698
934696
934690
934684
934683
934487
934627
934533
934522
934673
934559
934596
934574
934595
934592
934590
934691
934671
934591
934587
934521
934710
934709
934721
934712
934705
934703
934682
934489
934689
934697
934626
934607
934621
934588
934589
934583
934529
934525
934484
934695
934681
934623
934602
934629
934580
934579
934486
934527
934520
934672
934670
934628
934585
934526
934488
934485
934727
934304
934303
934311
934310
934309
934556
934555
934553
934552
934308
934307
934437
934678
934466
934572
934570
934569
934567
934563
934562
934335
934336
934337
934338
934339
934341
934342
934343
934344
934345
934346
934347
934348
934349
934351
934352
934353
934355
934356
934357
934359
934360
934361
934362
934364
934365
934366
934367
934368
934369
934371
934726
934725
934704
934702
934700
934699
934692
934686
934694
934693
934688
934687
934685
934680
934679
934677
934676
934674
934669
934668
934667
934666
934665
934664
934663
934662
934660
934659
934658
934657
934656
934655
934654
934653
934652
934651
934650
934649
934648
934647
934646
934645
934644
934643
934642
934641
934640
934639
934634
934633
934632
934631
934630
934619
934618
934612
934611
934609
934608
934606
934605
934604
934603
934601
934599
934598
934597
934594
934593
934561
934586
934584
934582
934581
934578
934577
934576
934573
934571
934568
934565
934560
934558
934557
934554
934551
934550
934549
934548
934547
934546
934545
934544
934543
934542
934541
934540
934539
934538
934537
934536
934535
934534
934532
934531
934530
934528
934524
934519
934518
934503
934502
934513
934506
934500
934498
934505
934504
934509
934508
934515
934514
934507
934516
934510
934499
934517
934512
934511
934496
934495
934494
934493
934492
934491
934490
934482
934481
934480
934479
934478
934477
934475
934474
934473
934472
934471
934470
934469
934468
934467
934465
934463
934462
934461
934460
934459
934374
934458
934457
934456
934455
934454
934453
934452
934451
934450
934449
934448
934447
934446
934445
934444
934443
934442
934441
934440
934439
934436
934435
934434
934433
934431
934430
934429
934427
934428
934426
934425
934424
934423
934422
934421
934420
934419
934418
934417
934416
934414
934413
934412
934411
934410
934409
934408
934406
934405
934403
934402
934397
934396
934395
934394
934393
934392
934391
934390
934389
934388
934387
934386
934384
934385
934383
934382
934381
934380
934379
934378
934377
934376
934375
934373
934372
934363
934358
934354
934350
934340
934334
934333
934332
934331
934329
934328
934327
934326
934325
934324
934323
934322
934321
934320
934319
934318
934317
934316
934315
934314
934313
934312
934301
934297
934296
934295
