864647
864645
864640
864674
864661
864658
865026
864975
864967
864966
864986
864985
864965
864973
864983
864962
864969
864982
864980
864607
864606
864548
864553
864556
864562
864710
864968
864851
864963
864978
864979
864853
864649
864641
864977
864974
864854
864691
864683
864673
864667
864964
864970
864690
864659
864866
864852
864676
864657
864960
864648
864971
864644
864689
864663
864684
864849
864669
864688
864651
864642
864850
864972
864959
864650
864643
864675
864677
864668
865103
865102
864672
864679
865109
865105
865106
865108
865092
865095
865094
865093
865085
865084
865082
865081
865091
864790
865079
864699
864638
864833
864587
865088
865087
865064
865063
865055
865054
865052
865048
865047
865046
865045
865090
865089
865100
865101
865025
865027
865028
865029
865030
864949
864948
864947
864916
864915
864894
864892
864891
864883
864881
864877
864869
865004
865003
865002
865001
865000
864999
864998
864997
864848
864844
864841
864889
864882
864880
864839
864809
864814
864806
864887
864888
864886
865007
865006
865005
864950
864945
864811
864876
864996
864995
864994
864993
864992
864991
864990
864989
864988
864987
864900
864899
864898
864897
864896
864895
864901
864902
864903
864904
864905
864923
864927
864930
864931
864932
864938
864937
864936
864935
864934
864933
864940
864939
864943
864942
864941
864928
865051
864921
864918
864917
864914
864911
864910
865042
865041
865040
865039
865035
865034
865018
865015
865014
865013
865132
865139
865138
865137
865136
865135
865134
865133
865131
865130
865129
865128
865127
865126
865124
865123
865122
865121
865120
865119
865118
865117
865116
865115
865114
865113
865112
865111
865110
865107
865104
865099
865098
865097
865096
865086
865083
865080
864802
864799
864797
864796
865078
865077
865076
865075
865074
865072
865071
865070
865069
865068
865067
865066
865065
865062
865061
865060
865059
865058
865057
865056
865053
865050
865011
865049
865044
864913
865012
865010
865009
865043
865038
865036
865033
865032
865031
865024
865023
865022
865021
865020
865019
865017
865016
865008
864794
864793
864791
864789
864788
864787
864786
864785
864784
864783
864984
864981
864961
864958
864956
864953
864951
864957
864955
864954
864952
864946
864944
864929
864926
864925
864924
864922
864920
864919
864908
864907
864906
864893
864890
864884
864879
864878
864682
864681
864678
864875
864874
864872
864871
864870
864868
864867
864865
864864
864862
864860
864859
864858
864856
864855
864847
864846
864845
864843
864842
864840
864838
864837
864836
864835
864834
864832
864831
864830
864829
864828
864827
864826
864825
864824
864823
864822
864821
864820
864818
864817
864816
864815
864813
864812
864810
864808
864807
864805
864804
864803
864801
864800
864798
864795
864792
864782
864781
864779
864778
864777
864776
864775
864774
864773
864772
864771
864770
864769
864768
864767
864766
864765
864764
864763
864762
864761
864760
864759
864758
864757
864756
864755
864754
864753
864752
864751
864750
864749
864748
864747
864746
864745
864744
864743
864742
864741
864740
864739
864738
864737
864736
864735
864734
864733
864732
864731
864730
864729
864728
864727
864726
864725
864724
864723
864722
864721
864720
864719
864718
864717
864716
864715
864714
864713
864712
864708
864707
864706
864705
864704
864703
864702
864701
864700
864698
864697
864696
864695
864694
864693
864692
864687
864686
864685
864680
864671
864670
864666
864665
864664
864662
864660
864656
864655
864654
864653
864652
864646
864639
864637
864636
864635
864634
864633
864632
864631
864630
864629
864628
864627
864626
864625
864624
864623
864622
864621
864620
864619
864618
864617
864616
864615
864614
864613
864612
864611
864610
864609
864608
864605
864603
864602
864601
864600
864599
864598
864597
864596
864595
864594
864593
864591
864590
864588
864586
864585
864584
864583
864582
864581
864580
864579
864578
864577
864576
864575
864574
864573
864572
864571
864570
864569
864568
864567
864565
864564
864563
864561
864560
864559
864558
864555
864552
864551
864550
864547
864546
864545
864544
864543
864542
