897458
897413
897457
897493
897492
897491
897486
897484
897489
897488
897476
897504
897384
897433
897530
897601
897620
897799
897460
897478
897634
897637
897824
897821
897822
897641
897566
897820
897639
897635
897630
897570
897346
897345
897563
897344
897343
897503
897355
897364
897363
897361
897412
897410
897362
897360
897673
897667
897682
897671
897781
897774
897687
897685
897798
897678
897790
897387
897631
897675
897672
897401
897677
897797
897680
897395
897391
897575
897633
897658
897663
897676
897684
897779
897803
897399
897594
897683
897775
897778
897679
897686
897681
897657
897351
897674
897851
897852
897853
897850
897849
897847
897848
897846
897845
897844
897843
897842
897841
897840
897839
897838
897837
897836
897835
897834
897832
897831
897830
897829
897828
897827
897826
897825
897823
897819
897818
897817
897816
897815
897814
897813
897812
897811
897810
897809
897808
897807
897806
897805
897804
897802
897801
897800
897738
897796
897795
897794
897793
897792
897791
897789
897788
897787
897786
897785
897784
897783
897782
897780
897777
897776
897773
897772
897771
897770
897769
897768
897767
897766
897765
897764
897763
897762
897761
897760
897759
897758
897757
897756
897755
897754
897753
897752
897751
897750
897749
897748
897747
897746
897745
897744
897743
897742
897741
897740
897739
897733
897649
897737
897736
897735
897734
897732
897731
897730
897729
897728
897573
897390
897727
897725
897724
897723
897722
897721
897720
897719
897718
897717
897716
897715
897714
897713
897712
897711
897710
897708
897707
897706
897704
897703
897702
897699
897696
897695
897694
897693
897692
897691
897690
897689
897688
897319
897670
897669
897668
897666
897665
897664
897662
897661
897660
897659
897656
897655
897654
897653
897652
897651
897650
897648
897647
897646
897645
897644
897643
897642
897640
897638
897636
897632
897629
897628
897627
897626
897625
897624
897623
897621
897616
897615
897614
897613
897612
897611
897609
897608
897607
897606
897604
897603
897602
897600
897599
897597
897596
897595
897593
897592
897591
897590
897589
897588
897587
897586
897585
897584
897583
897582
897581
897580
897572
897574
897579
897578
897577
897576
897571
897569
897568
897567
897565
897564
897562
897561
897560
897559
897558
897557
897556
897555
897554
897553
897552
897551
897550
897549
897548
897547
897546
897545
897544
897543
897542
897541
897540
897539
897299
897538
897537
897536
897535
897534
897533
897532
897531
897529
897528
897527
897525
897524
897523
897522
897521
897520
897519
897518
897517
897516
897515
897514
897513
897511
897510
897509
897508
897507
897506
897505
897502
897500
897499
897497
897496
897495
897494
897490
897487
897485
897483
897482
897481
897480
897479
897477
897475
897474
897473
897472
897469
897471
897470
897468
897467
897466
897465
897464
897463
897462
897461
897459
897456
897455
897454
897453
897452
897451
897450
897449
897448
897447
897446
897445
897444
897443
897442
897441
897440
897439
897438
897437
897436
897435
897434
897431
897430
897429
897427
897426
897425
897424
897423
897422
897421
897420
897415
897414
897409
897408
897407
897406
897405
897404
897403
897402
897400
897398
897397
897396
897394
897393
897392
897389
897388
897386
897385
897383
897382
897381
897380
897379
897378
897377
897376
897375
897374
897373
897372
897371
897370
897369
897368
897367
897366
897359
897358
897357
897356
897354
897353
897352
897350
897349
897348
897347
897342
897341
897340
897339
897338
897337
897336
897335
897334
897333
897332
897331
897330
897329
897328
897327
897325
897324
897322
897321
897320
897318
897317
897316
897315
897314
897313
897312
897311
897310
897309
897308
897307
897306
897305
897304
897303
897302
897301
897300
897298
897297
897296
897295
