748070
748061
748029
748036
747905
747907
748319
748201
748337
748331
748258
748193
748168
748200
748086
748035
748211
748208
748080
748166
748037
748091
748332
748198
748051
748048
748046
748177
748189
748165
748042
748041
748083
748077
748033
748082
748081
748245
748206
748194
748207
748214
748191
748176
748167
748089
748049
748045
748040
748050
748044
748032
748034
748047
748039
747921
747920
748066
748064
748063
748360
748358
748357
747930
748106
748113
748155
748159
748199
748345
748350
748349
748067
748068
748071
748340
748341
748336
748304
748240
748236
748234
748230
748216
748215
748213
748311
748299
748293
748210
748209
748367
748366
748365
748364
748363
748362
748361
748355
748354
748353
748352
748351
748348
748347
748346
748344
748343
748342
748339
748338
748333
748324
748272
748212
748204
748202
748205
748203
748196
748195
748192
748190
748188
748187
748186
748185
748184
748183
748182
748181
748180
748179
748178
748175
748174
748173
748171
748169
748127
748126
748125
748123
748124
748164
748163
748162
748161
748160
748158
748157
748156
748154
748153
748152
748026
748025
748150
748151
748149
748148
748147
748146
748145
748144
748143
748142
748140
748024
748139
748138
748137
748136
748135
748134
748133
748132
748131
748130
748022
748023
748027
748129
748128
748122
748121
748120
748119
748118
748117
748116
748115
748114
748112
748111
748110
748109
748108
748107
748105
748104
748103
748102
748101
748100
748096
748095
748094
748093
748092
748090
748088
748087
748085
748084
748079
748078
748076
748075
748074
748073
748072
748069
748065
748062
748060
748059
748058
748056
748055
748054
748053
748052
748043
748038
748031
748030
748021
748020
748019
748018
748017
748016
748015
748014
748013
748012
748011
748010
748009
748008
748006
748005
748004
748003
748002
748001
748000
747999
747998
747997
747996
747995
747994
747993
747992
747991
747990
747989
747988
747987
747986
747985
747984
747983
747982
747981
747980
747979
747978
747977
747976
747975
747974
747973
747972
747971
747970
747938
747939
747940
747941
747942
747943
747944
747945
747946
747947
747948
747949
747950
747951
747952
747953
747954
747955
747956
747957
747958
747959
747960
747961
747962
747963
747964
747965
747966
747967
747968
747969
747937
747936
747935
747934
747933
747932
747931
747929
747928
747927
747926
747925
747924
747923
747922
747919
747918
747917
747916
747915
747914
747912
747911
747910
747909
747908
747906
747904
747903
747902
747901
747900
747899
747898
747897
747896
