807859
807858
808139
808122
808118
808113
808121
808116
808110
808107
808120
808115
808112
808019
808067
807866
807867
808029
808032
808111
808108
808109
808119
808117
807955
807954
807953
807952
807951
807950
807949
807948
807947
807946
807945
807944
807991
807990
807989
807987
807879
807878
807819
807817
807824
807973
807970
807821
807822
807820
807825
807823
807818
807870
808155
808154
808153
808152
808151
808150
808149
808148
808147
808146
808145
808144
808143
808142
808141
808138
808137
808136
808135
808134
808133
808132
808131
808130
808129
808128
808127
808126
808125
808124
808123
808114
808106
808105
808104
808103
808102
808101
808100
808099
808098
808097
808095
808094
808091
808090
808089
808088
808087
808086
808085
808084
808083
808082
808081
808080
808079
808078
807965
807964
807963
807962
807961
808077
808076
808075
808074
808073
808072
808070
808069
808068
808066
808065
808064
808063
808062
808061
808060
808059
808058
808057
808055
808054
808053
808052
808051
808050
808049
808048
808047
808046
808045
808044
808043
808042
808041
808040
808039
808038
808036
808035
808034
808033
808031
808030
808028
808027
808026
808025
808024
808023
808022
808021
808020
808018
808017
808016
808015
808014
808013
808012
808011
808009
808008
808007
808006
808005
808004
808003
808001
807999
807997
807996
807995
807994
807993
807992
807986
807985
807984
807983
807982
807981
807980
807979
807978
807977
807976
807975
807974
807972
807971
807969
807968
807956
807967
807957
807958
807959
807960
807966
807943
807942
807941
807940
807939
807938
807937
807936
807935
807934
807933
807932
807931
807930
807929
807928
807927
807926
807925
807924
807923
807922
807921
807919
807918
807917
807916
807915
807914
807913
807910
807909
807908
807906
807905
807904
807903
807902
807900
807899
807896
807895
807892
807889
807888
807887
807886
807885
807884
807882
807881
807880
807877
807876
807875
807874
807873
807872
807871
807869
807868
807865
807864
807863
807862
807861
807860
807857
807856
807855
807854
807853
807852
807851
807850
807849
807848
807847
807846
807845
807844
807843
807842
807841
807840
807839
807838
807837
807836
807835
807834
807833
807832
807831
807830
807829
807828
807827
807826
