900648
900647
900646
900629
900650
900826
900894
900740
900737
900731
900891
900872
900729
900726
900736
900728
900871
900893
900892
900870
900739
900733
900730
900719
900904
900900
900899
900725
900717
900732
900724
900869
900738
900723
900901
900897
900906
900903
900898
900905
900896
900720
900722
900634
900633
900632
900713
900764
900763
900762
900761
900760
900759
900758
900757
900637
900636
900635
900640
900639
900638
900657
900658
900659
900756
900755
900754
900753
900752
900751
900750
900749
900748
900747
900746
900745
900743
900908
900907
900902
900895
900890
900889
900888
900887
900886
900885
900884
900883
900882
900881
900880
900879
900878
900877
900876
900875
900874
900873
900868
900867
900866
900865
900864
900863
900862
900860
900859
900858
900857
900856
900855
900854
900853
900852
900851
900850
900849
900848
900847
900846
900845
900844
900843
900842
900841
900840
900839
900838
900837
900836
900835
900834
900833
900832
900830
900829
900828
900827
900825
900823
900821
900820
900819
900818
900817
900816
900815
900814
900813
900812
900811
900810
900809
900808
900807
900806
900803
900800
900799
900797
900796
900795
900793
900792
900791
900790
900789
900788
900787
900786
900785
900784
900783
900782
900780
900779
900778
900777
900776
900775
900774
900773
900772
900771
900770
900769
900768
900767
900766
900765
900742
900741
900735
900734
900727
900721
900718
900716
900715
900714
900712
900711
900710
900709
900708
900707
900706
900705
900704
900702
900701
900700
900699
900698
900697
900696
900695
900694
900693
900692
900691
900690
900689
900688
900687
900686
900685
900684
900683
900682
900681
900679
900678
900677
900676
900675
900674
900673
900672
900671
900670
900669
900668
900667
900666
900665
900664
900663
900662
900661
900660
900656
900655
900654
900653
900652
900651
900645
900644
900643
900642
900641
900630
