826933
826936
826930
826938
826940
826941
826641
826957
826955
826932
826915
826638
826636
826639
826718
826736
826954
826774
826716
826911
826953
826928
826717
826707
826645
826644
826909
826951
826615
826614
826773
826715
826937
826536
826873
826881
826598
826753
826860
826922
826925
826929
826934
826993
826921
826924
826926
826583
826582
826581
826580
827020
827018
827015
827014
827012
827011
827010
827009
827007
827006
827005
827004
827003
827002
827001
827000
826999
826998
826997
826996
826995
826994
826992
826991
826990
826989
826988
826987
826986
826985
826984
826983
826982
826981
826980
826979
826978
826977
826976
826975
826974
826973
826972
826971
826970
826969
826968
826967
826966
826965
826964
826963
826962
826961
826960
826959
826958
826956
826952
826950
826949
826948
826947
826946
826945
826944
826943
826942
826935
826939
826931
826927
826923
826920
826919
826917
826916
826914
826913
826910
826908
826907
826906
826905
826903
826902
826901
826900
826899
826898
826897
826896
826895
826894
826891
826890
826889
826888
826886
826884
826883
826882
826879
826878
826877
826876
826872
826871
826870
826869
826868
826867
826866
826865
826864
826863
826862
826861
826859
826858
826857
826856
826855
826854
826853
826852
826851
826850
826849
826848
826846
826845
826844
826843
826841
826840
826838
826837
826836
826834
826833
826832
826831
826830
826829
826828
826827
826826
826825
826824
826822
826821
826820
826819
826818
826817
826816
826815
826814
826813
826812
826811
826810
826809
826808
826807
826806
826805
826804
826803
826802
826801
826800
826799
826798
826797
826796
826795
826794
826793
826792
826791
826790
826789
826788
826787
826786
826785
826784
826783
826781
826779
826777
826776
826775
826772
826770
826769
826768
826767
826766
826765
826764
826763
826762
826761
826760
826759
826758
826757
826756
826754
826752
826751
826750
826749
826748
826747
826746
826745
826744
826743
826742
826741
826740
826739
826738
826737
826735
826734
826733
826732
826731
826730
826726
826725
826724
826723
826722
826721
826720
826719
826714
826713
826712
826711
826710
826709
826708
826706
826705
826704
826703
826702
826701
826700
826699
826698
826697
826696
826695
826694
826693
826692
826691
826690
826689
826688
826687
826686
826685
826684
826683
826682
826681
826680
826679
826678
826677
826676
826675
826674
826673
826672
826671
826669
826668
826667
826666
826665
826664
826663
826660
826658
826655
826653
826642
826640
826635
826618
826613
826612
826611
826610
826609
826608
826607
826606
826605
826602
826604
826603
826601
826600
826599
826597
826596
826595
826594
826593
826592
826591
826590
826589
826588
826587
826586
826585
826584
826579
826578
826577
826576
826575
826574
826573
826572
826571
826570
826569
826568
826567
826566
826565
826564
826563
826562
826561
826560
826559
826558
826557
826556
826555
826554
826553
826552
826551
826550
826549
826548
826547
826546
826545
826544
826543
826542
826541
826540
826539
826534
826533
