802579
802578
802577
802572
802571
802570
802568
802567
802566
802564
802457
802454
802429
802428
802948
802949
802508
802507
802503
802624
802587
802562
802560
802554
802552
802550
802546
802541
802521
802543
802542
802585
802545
802559
802688
802683
802563
802544
802589
802519
802586
802553
802522
802561
802555
802549
802514
802520
802516
802775
802691
802692
802713
802621
802622
802623
802652
802654
802540
802744
802745
802916
802915
802914
802913
802912
802911
802910
802909
802908
802907
802906
802905
802904
802903
802902
802901
802900
802899
802898
802897
802896
802895
802894
802893
802892
802891
802890
802889
802888
802887
802886
802885
802884
802883
802882
802881
802880
802879
802878
802877
802876
802875
802874
802873
802872
802871
802870
802869
802868
802867
802866
802865
802864
802863
802862
802861
802860
802859
802858
802857
802856
802855
802854
802488
802502
802489
802661
802492
802491
802493
802494
802657
802504
802505
802506
802853
802852
802851
802850
802849
802848
802847
802846
802845
802844
802843
802842
802840
802839
802838
802837
802836
802835
802834
802833
802832
802831
802830
802829
802828
802827
802826
802825
802824
802823
802822
802821
802820
802819
802818
802817
802816
802815
802814
802813
802812
802811
802810
802809
802808
802807
802806
802805
802804
802803
802802
802801
802800
802799
802798
802797
802796
802795
802794
802793
802792
802791
802790
802789
802788
802787
802786
802785
802783
802782
802781
802780
802779
802778
802777
802774
802676
802678
802954
802953
802952
802951
802950
802947
802946
802945
802944
802943
802942
802941
802940
802939
802938
802937
802936
802935
802934
802932
802931
802933
802930
802929
802928
802927
802926
802925
802924
802923
802922
802921
802920
802918
802917
802841
802784
802773
802772
802771
802770
802769
802768
802767
802766
802765
802764
802763
802762
802761
802760
802759
802758
802757
802756
802755
802754
802753
802752
802751
802750
802749
802748
802747
802746
802743
802742
802741
802740
802739
802738
802737
802736
802735
802734
802733
802732
802731
802730
802729
802728
802727
802726
802725
802724
802723
802722
802721
802720
802719
802718
802717
802716
802715
802714
802712
802711
802710
802709
802708
802707
802706
802705
802703
802702
802701
802699
802698
802696
802695
802694
802693
802689
802687
802686
802684
802682
802681
802680
802675
802679
802677
802674
802673
802672
802671
802670
802669
802668
802667
802666
802664
802663
802660
802659
802658
802656
802655
802651
802650
802649
802648
802647
802646
802645
802644
802643
802642
802641
802640
802639
802638
802637
802636
802635
802634
802633
802632
802631
802630
802629
802628
802627
802626
802625
802620
802617
802616
802615
802614
802613
802612
802611
802610
802609
802608
802607
802606
802605
802604
802603
802602
802601
802600
802599
802598
802597
802596
802595
802594
802593
802592
802591
802590
802588
802583
802582
802581
802576
802575
802574
802573
802558
802557
802556
802551
802547
802539
802538
802537
802536
802534
802533
802532
802531
802530
802529
802528
802527
802526
802525
802524
802523
802501
802499
802498
802518
802517
802515
802513
802512
802511
802510
802509
802500
802497
802496
802495
802490
802486
802485
802484
802483
802482
802481
802480
802479
802478
802477
802476
802475
802474
802473
802472
802471
802470
802469
802468
802467
802466
802465
802464
802463
802462
802461
802460
802459
802458
802456
802455
802453
802452
802451
802450
802449
802448
802447
802446
802445
802444
802443
802442
802440
802439
802438
802437
802435
802434
802433
802432
802431
802430
802427
802426
802425
802424
802423
802422
802421
802420
802419
802418
802417
802416
802415
802414
802413
802412
802411
802410
802409
802408
802407
802406
802405
802404
802403
802402
802401
802400
802399
802398
802396
802395
802394
802393
802392
802391
802390
802389
802388
802387
802386
802385
802383
802382
802381
802380
802379
802377
802376
802375
802373
802372
