942277
942073
942273
942023
942129
942006
942005
942004
941971
941972
941973
941974
941975
941976
941977
941978
941979
941980
941981
941982
941983
941984
941985
941986
941987
941988
941989
941990
941991
941992
941993
942320
942318
942317
942316
942314
942312
942311
942310
942309
942308
942307
942306
942305
942304
942303
942302
942301
942300
942299
942298
942297
942296
942295
942294
942293
942292
942291
942290
942289
942288
942287
942286
942285
942284
942283
942282
942280
942279
942278
942275
942274
942271
942270
942269
942268
942267
942266
942265
942264
942263
942262
942261
942260
942259
942258
942257
942256
942255
942254
942253
942252
942251
942250
942249
942248
942247
942246
942245
942244
942243
942242
942241
942239
942236
942234
942231
942230
942229
942226
942220
942219
942218
942217
942216
942215
942214
942213
942212
942211
942209
942208
942207
942206
942205
942204
942203
942202
942201
942200
942199
942198
942197
942196
942195
942194
942193
942192
942191
942190
942189
942188
942187
942186
942184
942183
942182
942181
942180
942179
942178
942177
942176
942175
942174
942172
942170
942167
942166
942163
942161
942160
942159
942158
942157
942156
942154
942153
942152
942151
942150
942149
942148
942147
942146
942145
942144
942142
942139
942136
942134
942133
942131
942130
942126
942125
942124
942122
942121
942120
942118
942116
942114
942113
942105
942084
942091
942090
942094
942087
942098
942104
942095
942097
942096
942103
942093
942092
942089
942086
942085
942088
942083
942082
942081
942080
942079
942078
942077
942076
942074
942075
942072
942071
942070
942069
942068
942067
942066
942065
942064
942063
942062
942061
942060
942059
942058
942057
942056
942055
942054
942053
942052
942051
942050
942049
942047
942024
942022
942021
942020
942019
942018
942017
942016
942015
942014
942013
942011
942009
942008
942007
942003
942002
942001
942000
941998
941997
941996
941995
941994
941970
