727089
727086
727111
727094
727098
727085
727099
727100
727101
727167
727105
727312
727117
727097
727329
727327
727082
727459
727458
727457
727456
727455
727452
727451
727450
727449
727448
727447
727141
727138
727137
727263
727310
727186
727139
727187
727168
727104
727091
727090
727487
727486
727485
727484
727483
727482
727481
727480
727478
727476
727475
727474
727473
727472
727471
727470
727469
727468
727467
727466
727465
727464
727463
727462
727461
727460
727446
727445
727444
727443
727442
727441
727440
727439
727438
727437
727435
727434
727432
727431
727430
727429
727428
727426
727425
727422
727421
727420
727418
727416
727415
727413
727412
727411
727409
727410
727408
727406
727405
727403
727402
727401
727400
727398
727397
727396
727395
727393
727392
727391
727390
727389
727388
727384
727382
727381
727378
727376
727375
727372
727370
727369
727088
727172
727081
727368
727367
727366
727365
727364
727363
727361
727360
727359
727358
727357
727356
727355
727353
727352
727351
727349
727348
727347
727346
727344
727341
727339
727338
727235
727234
727233
727232
727231
727230
727229
727228
727227
727226
727224
727223
727222
727221
727220
727219
727218
727217
727215
727214
727213
727212
727211
727210
727209
727208
727207
727206
727205
727204
727203
727202
727200
727199
727198
727197
727070
727069
727068
727067
727066
727065
727064
727063
727062
727061
727092
727080
727142
727140
727114
727087
727313
727267
727084
727544
727543
727542
727541
727548
727547
727546
727545
727556
727553
727552
727540
727539
727537
727536
727532
727531
727530
727529
727538
727535
727534
727533
727528
727299
727298
727295
727296
727145
727241
727245
727252
727258
727283
727330
727331
727514
727524
727557
727555
727554
727195
727236
727237
727551
727550
727549
727527
727526
727525
727523
727522
727521
727520
727519
727518
727517
727516
727515
727513
727512
727510
727509
727508
727507
727506
727505
727504
727503
727502
727501
727500
727499
727498
727496
727494
727493
727492
727423
727419
727414
727491
727404
727399
727394
727386
727489
727385
727488
727479
727477
727454
727453
727436
727433
727427
727417
727407
727387
727383
727380
727379
727377
727374
727373
727371
727362
727354
727343
727342
727340
727337
727336
727335
727334
727333
727332
727328
727326
727325
727324
727323
727322
727321
727320
727319
727318
727317
727316
727315
727314
727311
727309
727308
727307
727306
727305
727304
727303
727302
727301
727300
727297
727294
727293
727292
727291
727290
727289
727287
727286
727285
727284
727193
727282
727281
727280
727279
727276
727275
727273
727272
727271
727270
727269
727268
727266
727265
727264
727262
727261
727260
727259
727257
727256
727255
727254
727253
727251
727250
727249
727248
727247
727246
727244
727243
727238
727225
727216
727201
727196
727194
727192
727191
727003
727039
727077
727078
727121
727179
727190
727189
727188
727184
727183
727182
727181
727180
727178
727177
727176
727175
727174
727173
727171
727170
727169
727166
727165
727164
727163
727162
727161
727150
727149
727160
727159
727158
727157
727156
727155
727148
727147
727152
727151
727146
727144
727143
727136
727135
727134
727133
727132
727131
727130
727128
727127
727126
727125
727124
727123
727122
727120
727119
727118
727116
727115
727113
727112
727109
727108
727107
727106
727102
727096
727095
727093
727083
727079
727076
727075
727073
727072
727071
727060
727059
727058
727056
727055
727054
727053
727052
727051
727050
727049
727048
727047
727046
727045
727044
727043
727042
727041
727040
727038
727037
727036
727035
727033
727018
727019
727020
727021
727022
727023
727024
727025
727026
727027
727028
727029
727030
727031
727032
727017
727016
727015
727014
727013
727011
727010
727009
727008
727006
727005
727004
727002
727001
727000
726999
726998
726997
726996
