333903
333902
333901
333900
333898
333897
333896
333895
333894
333893
333892
333891
333890
333889
333888
333887
333886
333885
333884
333883
333882
333881
333879
333878
333877
333876
333875
333874
333873
333872
333871
333870
333869
333868
333867
333866
333865
333864
333862
333861
333860
333951
333950
333947
333946
333943
333942
333941
333939
333938
333936
333935
333934
333932
333931
333930
333929
333928
333927
333926
333925
333924
333923
333922
333921
333920
333919
333918
333917
333916
333915
333914
333913
333912
333911
333910
333909
