334001
334000
333999
333998
333997
333996
333995
333994
333993
333992
333990
333989
333988
333987
333986
333985
333984
333983
333982
333981
333980
333979
333978
333977
333976
333975
333974
333973
333972
333971
333970
333969
333968
333967
333966
333965
333964
333963
333962
333961
333960
333959
333957
333955
333954
333953
333952
334048
334047
334046
334045
334044
334043
334042
334041
334040
334039
334038
334036
334035
334034
334033
334032
334031
334030
334029
334028
334027
334026
334025
334024
334023
334022
334021
334020
334019
334018
334017
334016
334015
334014
334013
334012
334011
334010
334009
334008
334007
334006
334005
334004
334003
334002
