902965
902903
902902
902678
902674
902599
902604
902603
902682
902756
902757
902758
902761
902812
902823
902824
902850
902851
902855
902858
902860
902866
902876
902960
902777
902633
902628
902624
902620
902617
902612
902773
902631
902626
902621
902614
902771
902630
902627
902623
902619
902616
902613
902611
902622
902618
902768
902717
902712
902714
902711
902668
902970
902892
902887
902879
902878
902877
902874
902873
902904
902829
902827
902843
902842
902841
902840
902839
902838
902602
902598
902942
902940
902969
902968
902967
902966
902964
902963
902962
902961
902958
902957
902956
902955
902954
902953
902952
902951
902950
902949
902948
902947
902946
902945
902943
902939
902938
902937
902936
902935
902934
902933
902932
902931
902930
902929
902928
902927
902926
902925
902924
902923
902922
902921
902920
902919
902918
902917
902916
902915
902914
902913
902912
902911
902910
902909
902908
902907
902906
902905
902901
902900
902837
902836
902835
902832
902831
902899
902898
902897
902896
902895
902894
902891
902890
902889
902886
902885
902884
902883
902882
902881
902880
902875
902872
902871
902870
902869
902868
902867
902865
902863
902859
902857
902856
902854
902853
902852
902849
902848
902847
902846
902845
902844
902834
902825
902822
902821
902819
902818
902817
902816
902815
902814
902813
902809
902808
902807
902806
902805
902804
902803
902802
902801
902800
902799
902798
902797
902796
902793
902792
902791
902790
902789
902788
902787
902786
902785
902784
902783
902782
902780
902779
902778
902776
902775
902772
902769
902766
902764
902763
902755
902754
902753
902752
902751
902750
902749
902748
902747
902746
902745
902744
902743
902742
902741
902740
902739
902738
902737
902736
902735
902734
902733
902732
902731
902730
902729
902728
902727
902726
902725
902724
902723
902722
902721
902720
902719
902718
902716
902715
902713
902710
902708
902707
902706
902705
902704
902702
902701
902700
902699
902698
902697
902696
902695
902694
902693
902692
902691
902690
902689
902688
902687
902686
902685
902684
902683
902681
902680
902679
902677
902676
902675
902673
902672
902671
902670
902669
902667
902666
902665
902664
902663
902644
902643
902642
902662
902661
902660
902659
902658
902657
902656
902655
902654
902653
902652
902651
902650
902649
902648
902647
902646
902645
902641
902640
902638
902637
902639
902636
902635
902634
902632
902629
902625
902615
902610
902609
902608
902607
902601
902600
902597
902596
902595
902605
902594
902593
902592
902591
902590
902589
902588
902587
902586
902585
902584
902583
902582
902581
902580
902579
902577
902576
902575
902574
902572
902571
902570
902569
902568
902567
902566
902565
902564
902563
902562
902561
902560
902558
902557
902556
902555
902554
902552
902551
902549
902548
902547
902545
902544
902543
902542
902541
902540
902539
902538
902537
902536
902535
902534
902533
