324198
324197
324196
324195
324194
324193
324192
324191
324190
324189
324188
324187
324186
324185
324184
324183
324182
324181
324178
324173
324170
324147
324143
324071
324180
324177
324176
324175
324172
324171
324169
324168
324167
324166
324165
324164
324163
324162
324161
324160
324159
324158
324157
324156
324155
324154
324153
324151
324149
324146
324145
324144
324142
324141
324140
324139
324138
324137
324136
324135
324134
324133
324132
324131
324130
324129
324128
324127
324126
324125
324124
324123
324122
324121
324120
324119
324118
324117
324116
324115
324114
324113
324112
324111
324110
324109
324108
324107
324106
324105
324104
324103
324102
324101
324100
324099
324098
324097
324096
324095
324094
324093
324092
324091
324090
324089
324087
324086
324085
324084
324083
324082
324081
324080
324078
324077
324076
324075
324074
324073
324072
324222
324221
324220
324219
324218
324217
324216
324215
324214
324213
324212
324211
324210
324294
324293
324292
324291
324290
324289
324288
324287
324286
324285
324284
324281
324280
324279
324278
324277
324276
324275
324274
324273
324272
324233
324238
324265
324271
324270
324269
324268
324267
324266
324264
324263
324262
324261
324259
324258
324257
324256
324255
324254
324253
324252
324251
324250
324249
324247
324246
324245
324244
324242
324241
324240
324239
324237
324236
324235
324232
324231
324230
324228
324229
324227
324226
324225
324224
324223
324209
324208
324207
324206
324205
324204
324203
324202
324201
324200
324199
324346
324345
324344
324343
324342
324341
324340
324339
324380
324370
324379
324378
324376
324375
324374
324373
324372
324371
324369
324368
324367
324366
324365
324364
324363
324362
324361
324360
324358
324357
324356
324355
324354
324348
324353
324352
324351
324350
324349
324347
324305
324338
324337
324335
324334
324333
324332
324331
324330
324329
324328
324327
324326
324325
324324
324323
324322
324321
324320
324319
324318
324317
324316
324314
324313
324312
324311
324310
324309
324308
324307
324306
324304
324303
324299
324298
324297
324296
324505
324504
324503
324502
324499
324496
324495
324494
324493
324492
324491
324490
324489
324488
324487
324486
324485
324484
324482
324483
324481
324480
324479
324478
324477
324476
324462
324475
324474
324473
324472
324471
324470
324469
324468
324466
324465
324464
324463
324461
324460
324459
324458
324457
324456
324455
324454
324453
324452
324451
324450
324449
324448
324447
324446
324445
324444
324443
324442
324441
324440
324439
324438
324437
324436
324435
324434
324433
324432
324431
324430
324428
324427
324426
324425
324424
324423
324422
324421
324420
324419
324418
324417
324416
324415
324414
324413
324412
324411
324410
324409
324408
324407
324406
324405
324404
324403
324402
324401
324400
324399
324398
324397
324396
324395
324394
324393
324392
324391
324390
324389
324388
324386
324385
324384
324383
324382
324381
324643
324647
324646
324645
324644
324642
324641
324640
324618
324626
324631
324632
324633
324639
324638
324637
324636
324635
324634
324630
324628
324625
324624
324623
324622
324621
324620
324619
324617
324616
324615
324614
324613
324612
324611
324610
324609
324608
324607
324606
324605
324604
324603
324601
324600
324599
324574
324598
324597
324596
324595
324594
324593
324591
324590
324589
324588
324587
324586
324585
324584
324581
324580
324578
324577
324576
324575
324572
324571
324570
324569
324568
324567
324566
324565
324564
324563
324562
324561
324560
324559
324558
324557
324556
324555
324554
324553
324552
324551
324550
324549
324548
324546
324543
324545
324544
324541
324540
324511
324523
324530
324538
324537
324536
324535
324534
324533
324532
324531
324529
324528
324527
324526
324525
324524
324522
324521
324520
324519
324518
324517
324516
324515
324514
324513
324512
324510
324509
324508
324507
324506
324705
324704
324703
324702
324701
324700
324699
324698
324697
324696
324695
324694
324691
324690
324689
324688
324687
324685
324684
324683
324682
324681
324680
324679
324678
324677
324676
324675
324672
324671
324670
324668
324667
324666
324665
324664
324663
324662
324661
324660
324659
324658
324657
324656
324655
324654
324653
324652
324651
324650
324649
324648
324723
324769
324768
324767
324766
324763
324762
324760
324759
324758
324757
324756
324755
324754
324753
324752
324751
324750
324749
324748
324747
324746
324745
324744
324742
324741
324740
324739
324738
324737
324736
324735
324734
324733
324732
324731
324730
324729
324728
324727
324726
324724
324722
324721
324720
324718
324717
324716
324714
324713
324712
324711
324710
324709
324708
324707
324706
324862
324861
324860
324859
324858
324857
324856
324855
324854
324853
324852
324851
324850
324849
324848
324847
324846
324845
324844
324843
324842
324841
324840
324839
324838
324837
324836
324835
324834
324833
324832
324831
324830
324829
324828
324827
324826
324825
324824
324823
324822
324821
324820
324819
324818
324817
324816
324815
324814
324813
324812
324811
324810
324808
324806
324805
324804
324803
324802
324801
324800
324799
324798
324797
324796
324794
324793
324792
324791
324790
324789
324788
324787
324786
324782
324780
324779
324778
324777
324775
324774
324773
324771
324770
324979
324978
324977
324976
324975
324974
324973
324972
324971
324970
324969
324968
324967
324966
324965
324964
324963
324962
324961
324960
324959
324958
324957
324956
324955
324954
324953
324952
324951
324950
324949
324948
324947
324946
324945
324944
324943
324942
324941
324895
324894
324893
324892
324891
324890
324889
324888
324887
324886
324885
324884
324883
324882
324881
324880
324879
324878
324877
324876
324875
324874
324873
324872
324871
324870
324869
324868
324867
324866
324865
324864
324863
325041
325040
325039
325038
325037
324980
325035
325032
325031
325030
325029
325028
325027
325026
325025
325024
325023
325022
325021
325020
325019
325018
325017
325016
325015
325014
325013
325012
325011
325010
325008
325007
325005
325004
325003
325002
325001
325000
324999
324998
324997
324996
324994
324993
324992
324991
324990
324989
324988
324987
324986
324985
324984
324983
324982
324981
324940
324937
324906
325089
325090
325091
325092
325093
325094
325095
325096
325097
325098
325145
325143
325142
325141
325140
325139
325138
325137
325136
325135
325112
325111
325106
325108
325105
325104
325102
325101
325126
325125
325134
325133
325132
325131
325130
325129
325127
325117
325124
325123
325122
325121
325120
325119
325118
325116
325115
325114
325113
325110
325109
325107
325103
325100
325099
325088
325087
325042
325082
325083
325086
325085
325084
325077
325076
325075
325074
325073
325072
325071
325070
325069
325068
325067
325066
325065
325064
325063
325062
325061
325060
325059
325058
325057
325056
325055
325054
325053
325052
325051
325050
325048
325047
325046
325045
325044
325043
325218
325217
325216
325215
325214
325213
325212
325211
325210
325208
325207
325206
325205
325204
325203
325202
325201
325200
325199
325198
325197
325196
325195
325194
325193
325192
325190
325189
325169
325187
325186
325185
325183
325182
325181
325180
325179
325178
325177
325176
325175
325174
325173
325172
325171
325170
325168
325167
325166
325165
325164
325163
325162
325161
325160
325159
325158
325157
325156
325155
325154
325153
325146
325254
325253
325251
325250
325249
325248
325247
325246
325245
325244
325243
325242
325241
325240
325239
325238
325237
325236
325235
325234
325233
325232
325231
325230
325229
325228
325227
325226
325225
325224
325222
325221
325270
325271
325272
325274
325276
325278
325279
325280
325283
325285
325286
325287
325288
325289
325290
325291
325292
325293
325294
325295
325296
325297
325298
325299
325301
325302
325303
325304
325328
325327
325326
325325
325324
325323
325322
325321
325273
325320
325319
325318
325317
325316
325314
325313
325312
325311
325310
325309
325308
325307
325306
325305
325300
325284
325282
325281
325277
325275
325269
325268
325267
325266
325265
325263
325262
325261
325260
325259
325258
325257
325256
325255
325362
325361
325360
325348
325359
325358
325357
325434
325433
325432
325431
325430
325429
325428
325427
325426
325425
325424
325423
325422
325421
325420
325419
325418
325417
325416
325415
325414
325413
325412
325411
325410
325409
325408
325407
325406
325405
325404
325403
325402
325401
325400
325399
325398
325397
325396
325395
325394
325393
325392
325391
325390
325389
325388
325387
325386
325385
325384
325383
325382
325380
325379
325378
325377
325376
325375
325373
325371
325370
325369
325368
325367
325366
325365
325364
325363
325356
325355
325354
325353
325352
325351
325350
325349
325347
325346
325341
325340
325336
325335
325334
325333
325331
325448
325447
325446
325445
325444
325443
325442
325441
325440
325439
325438
325437
325436
325435
325449
325450
325451
325452
325453
325454
325545
325544
325543
325537
325498
325504
325526
325536
325535
325534
325533
325532
325531
325530
325529
325528
325527
325522
325521
325519
325520
325518
325517
325516
325515
325514
325513
325512
325511
325510
325509
325508
325507
325506
325505
325503
325502
325501
325500
325499
325497
325496
325495
325494
325493
325492
325491
325490
325489
325488
325487
325486
325485
325482
325484
325483
325481
325480
325477
325476
325475
325474
325473
325472
325471
325470
325455
325456
325457
325458
325459
325460
325461
325462
325463
325464
325465
325466
325467
325468
325469
325621
325620
325619
325618
325617
325616
325615
325614
325613
325612
325611
325610
325609
325608
325607
325606
325605
325604
325603
325602
325601
325600
325593
325599
325598
325597
325596
325595
325594
325587
325586
325585
325584
325583
325582
325581
325580
325578
325575
325574
325573
325572
325571
325569
325568
325567
325566
325565
325564
325563
325562
325561
325558
325556
325555
325554
325551
325550
325549
325548
325547
325546
325642
325641
325640
325639
325638
325695
325694
325693
325692
325691
325690
325689
325688
325687
325686
325685
325684
325683
325682
325681
325680
325679
325678
325677
325676
325675
325674
325673
325672
325671
325669
325668
325667
325666
325665
325664
325663
325662
325661
325660
325659
325658
325657
325656
325654
325653
325652
325651
325650
325649
325648
325647
325670
325646
325645
325644
325643
325737
325736
325735
325734
325733
325732
325731
325730
325729
325728
325727
325726
325725
325709
325710
325724
325723
325721
325720
325718
325717
325715
325714
325713
325712
325711
325708
325705
325704
325703
325702
325701
325700
325697
325696
325622
325637
325633
325632
325631
325630
325629
325628
325627
325626
325625
325624
325623
325800
325799
325796
325795
325794
325788
325787
325789
325786
325792
325791
325790
325793
325785
325784
325783
325782
325781
325780
325779
325778
325777
325776
325775
325774
325773
325772
325771
325770
325769
325767
325766
325765
325764
325763
325762
325761
325760
325759
325758
325757
325756
325755
325754
325753
325752
325751
325750
325749
325748
325747
325746
325745
325744
325743
325742
325741
325740
325739
325738
325850
325847
325846
325845
325844
325843
325842
325841
325840
325839
325838
325836
325835
325833
325832
325831
325877
325876
325872
325870
325867
325865
325862
325860
325856
325855
325853
325851
325848
325837
325830
325921
325919
325916
325915
325914
325909
325908
325907
325905
325904
325849
325903
325902
325901
325900
325863
325898
325896
325895
325894
325893
325892
325891
325890
325889
325888
325887
325886
325885
325884
325883
325882
325881
325834
325852
325854
325858
325861
325864
325866
325868
325871
325874
325875
325878
325869
325828
325827
325826
325825
325824
325823
325822
325821
325820
325819
325818
325816
325815
325814
325813
325812
325811
325810
325809
325808
325807
325804
325803
325802
325801
325967
325926
325960
325964
325968
325966
325965
325963
325962
325961
325959
325958
325957
325956
325955
325954
325953
325952
325951
325950
325949
325948
325946
325945
325944
325943
325941
325938
325937
325934
325933
325932
325931
325930
325929
325928
325927
325925
325924
326047
326037
326036
326035
326034
326033
326032
326031
326030
326029
326028
326027
326026
326025
326024
326023
326022
326021
326020
326019
326018
326017
326016
326015
326014
326013
326012
326011
326010
326009
326008
326007
326006
326005
326004
326003
326094
326091
326089
326088
326087
326086
326085
326084
326083
326082
326045
326062
326081
326080
326079
326078
326077
326076
326075
326074
326073
326072
326071
326069
326068
326067
326066
326065
326064
326063
326061
326060
326059
326058
326057
326056
326055
326054
326052
326051
326050
326049
326048
326046
326044
326043
326042
326041
326040
326039
326038
325999
326000
326001
326002
325996
325997
325998
325995
325994
325993
325992
325991
325990
325989
325988
325987
325985
325983
325982
325981
325980
325979
325978
325977
325975
325974
325973
325972
325971
325970
325969
326132
326157
326163
326148
326159
326182
326181
326180
326179
326178
326177
326176
326175
326174
326173
326172
326171
326170
326169
326168
326167
326146
326166
326165
326164
326162
326161
326160
326158
326156
326155
326154
326153
326151
326150
326149
326147
326145
326144
326143
326142
326140
326139
326138
326137
326136
326135
326131
326130
326129
326128
326127
326126
326124
326123
326122
326121
326120
326119
326117
326116
326115
326114
326113
326112
326110
326111
326109
326108
326107
326106
326105
326104
326103
326102
326101
326100
326099
326098
326096
326214
326185
326211
326271
326270
326269
326268
326267
326266
326265
326264
326263
326262
326261
326260
326259
326258
326257
326256
326255
326254
326253
326252
326251
326250
326249
326248
326247
326246
326245
326244
326243
326242
326241
326240
326239
326238
326237
326236
326235
326234
326233
326232
326231
326230
326229
326228
326227
326226
326225
326224
326223
326222
326221
326220
326216
326218
326217
326215
326212
326210
326209
326208
326207
326206
326205
326204
326203
326202
326201
326200
326199
326198
326197
326196
326195
326194
326193
326192
326191
326190
326189
326188
326187
326186
326303
326352
326351
326350
326349
326348
326347
326346
326345
326344
326343
326335
326336
326337
326338
326339
326340
326341
326342
326334
326333
326332
326331
326330
326329
326328
326327
326321
326326
326324
326323
326322
326320
326319
326318
326317
326316
326315
326314
326313
326312
326310
326309
326308
326307
326306
326305
326301
326299
326298
326297
326296
326295
326294
326293
326292
326291
326290
326289
326288
326287
326286
326285
326284
326283
326281
326280
326277
326276
326275
326274
326273
326441
326439
326438
326437
326436
326435
326434
326433
326432
326429
326431
326430
326428
326427
326426
326425
326424
326423
326422
326421
326420
326419
326418
326374
326376
326377
326378
326380
326394
326400
326402
326417
326416
326415
326414
326413
326412
326411
326410
326409
326408
326407
326406
326405
326404
326403
326401
326399
326398
326397
326396
326393
326392
326391
326390
326389
326388
326387
326386
326385
326384
326383
326382
326375
326373
326371
326370
326369
326368
326367
326363
326362
326361
326360
326359
326358
326357
326356
326355
326354
326353
326529
326528
326527
326526
326524
326523
326482
326510
326520
326488
326518
326517
326516
326515
326514
326513
326512
326511
326509
326508
326507
326506
326505
326504
326503
326502
326501
326500
326499
326490
326489
326487
326486
326484
326483
326481
326480
326479
326478
326477
326475
326474
326473
326472
326471
326470
326469
326468
326467
326466
326464
326465
326463
326462
326461
326460
326459
326458
326457
326456
326455
326454
326453
326452
326451
326450
326448
326447
326446
326445
326444
326443
326442
326596
326595
326594
326593
326592
326591
326590
326589
326588
326587
326586
326585
326584
326583
326582
326581
326580
326578
326577
326574
326573
326544
326572
326571
326570
326569
326568
326567
326565
326564
326562
326561
326560
326559
326558
326557
326556
326555
326554
326545
326551
326552
326550
326549
326548
326547
326546
326543
326542
326539
326538
326536
326535
326534
326530
326694
326693
326692
326691
326683
326681
326671
326623
326632
326652
326668
326667
326665
326664
326661
326659
326655
326654
326653
326650
326648
326646
326645
326644
326642
326641
326640
326637
326636
326635
326634
326633
326631
326630
326629
326628
326627
326626
326625
326624
326622
326621
326620
326618
326612
326611
326610
326609
326608
326607
326606
326605
326604
326603
326602
326599
326598
326597
326774
326773
326771
326770
326769
326768
326767
326766
326765
326764
326763
326762
326761
326760
326758
326757
326756
326755
326754
326753
326751
326748
326750
326749
326747
326746
326745
326744
326743
326742
326741
326740
326739
326738
326737
326736
326735
326734
326733
326732
326731
326730
326728
326727
326726
326724
326723
326722
326721
326720
326714
326713
326710
326708
326706
326704
326703
326702
326701
326700
326699
326695
326824
326775
326826
326825
326823
326822
326821
326820
326819
326818
326817
326816
326815
326814
326812
326808
326807
326806
326805
326804
326803
326802
326801
326800
326799
326798
326797
326796
326795
326794
326793
326792
326791
326790
326789
326788
326787
326786
326785
326783
326781
326780
326779
326778
326777
326776
326974
326973
326972
326971
326970
326969
326968
326967
326966
326965
326964
326963
326962
326961
326960
326959
326958
326957
326956
326955
326954
326953
326952
326951
326950
326949
326948
326947
326946
326945
326944
326943
326942
326941
326940
326939
326938
326937
326936
326935
326934
326933
326932
326931
326930
326929
326928
326927
326926
326925
326924
326923
326922
326921
326920
326919
326918
326917
326916
326915
326914
326913
326912
326911
326910
326909
326908
326907
326906
326905
326904
326903
326902
326901
326900
326899
326898
326897
326896
326895
326893
326978
326977
326976
326975
326891
326892
326890
326889
326888
326887
326886
326885
326894
326883
326882
326881
326880
326879
326878
326877
326876
326874
326873
326872
326871
326870
326869
326868
326867
326866
326865
326864
326863
326862
326861
326860
326858
326857
326856
326855
326854
326853
326852
326851
326850
326849
326848
326847
326846
326845
326844
326843
326842
326840
326839
326837
326836
326835
326834
326833
326831
326830
326829
326827
327114
327116
327117
327113
327111
327109
327085
327108
327107
327106
327105
327104
327103
327102
327101
327100
327090
327083
327099
327098
327097
327096
327095
327094
327093
327092
327091
327089
327088
327087
327086
327084
327082
327081
327080
327079
327078
327077
327076
327075
327074
327073
327072
327071
327070
327069
327068
327066
327065
327064
327063
327062
327061
327060
327059
327058
327057
327056
327054
327053
327046
327042
327041
327038
327037
327036
327034
327033
327032
327031
327030
327029
327027
327028
327025
327024
327023
327021
327018
327017
327016
327015
327014
327012
327011
327010
327009
327008
327007
327006
327005
327004
327003
327002
327001
326998
326999
326997
326996
326995
326994
326993
326991
326990
326989
326988
326987
326986
326985
326984
326983
326982
326981
326980
326979
327188
327193
327196
327200
327201
327204
327207
327208
327210
327226
327224
327223
327222
327221
327220
327216
327215
327214
327213
327189
327191
327195
327194
327198
327206
327199
327192
327212
327205
327190
327187
327186
327185
327184
327183
327182
327181
327180
327179
327178
327177
327176
327175
327174
327173
327172
327171
327170
327169
327168
327160
327166
327167
327165
327164
327163
327162
327161
327159
327158
327157
327133
327154
327153
327151
327150
327149
327148
327147
327146
327145
327144
327143
327141
327138
327137
327135
327134
327132
327131
327130
327129
327127
327126
327125
327124
327123
327122
327121
327120
327119
327118
327323
327330
327329
327328
327327
327326
327322
327321
327320
327319
327318
327317
327316
327315
327314
327313
327312
327311
327310
327309
327308
327307
327306
327305
327304
327303
327302
327301
327300
327298
327297
327296
327295
327294
327293
327292
327289
327287
327284
327283
327282
327281
327280
327279
327278
327275
327274
327272
327271
327270
327266
327267
327265
327264
327253
327252
327251
327250
327249
327247
327246
327245
327244
327243
327242
327241
327240
327239
327238
327237
327236
327235
327234
327233
327232
327231
327419
327418
327417
327416
327415
327414
327413
327412
327410
327409
327408
327352
327353
327391
327407
327406
327405
327404
327403
327402
327401
327400
327399
327398
327397
327396
327395
327394
327393
327392
327390
327389
327387
327386
327385
327384
327383
327382
327381
327380
327379
327378
327377
327376
327375
327374
327373
327371
327370
327368
327367
327366
327365
327364
327363
327362
327361
327360
327359
327358
327357
327356
327354
327349
327348
327347
327346
327345
327344
327343
327342
327341
327340
327339
327338
327336
327334
327333
327332
327331
327470
327469
327468
327467
327465
327464
327462
327461
327460
327459
327458
327457
327456
327455
327454
327453
327452
327451
327450
327449
327448
327447
327446
327445
327444
327442
327435
327434
327433
327432
327431
327430
327429
327427
327426
327424
327423
327422
327421
327482
327539
327537
327536
327535
327534
327533
327532
327531
327530
327529
327528
327527
327526
327525
327524
327523
327522
327521
327520
327519
327518
327503
327497
327489
327481
327517
327516
327515
327514
327513
327512
327511
327510
327509
327507
327506
327505
327504
327502
327501
327500
327499
327498
327496
327494
327493
327492
327491
327490
327488
327483
327480
327479
327478
327477
327476
327475
327474
327473
327472
327471
327650
327649
327648
327647
327646
327645
327644
327643
327642
327641
327640
327639
327638
327637
327611
327612
327613
327614
327615
327616
327617
327618
327619
327620
327621
327622
327623
327624
327625
327626
327627
327628
327629
327630
327631
327632
327633
327634
327635
327636
327610
327609
327608
327607
327604
327606
327605
327601
327600
327598
327597
327593
327592
327591
327590
327589
327588
327587
327586
327568
327558
327562
327567
327566
327565
327564
327563
327561
327560
327559
327557
327555
327554
327552
327551
327550
327549
327548
327547
327545
327546
327543
327542
327729
327774
327775
327773
327772
327771
327770
327769
327768
327767
327766
327765
327764
327763
327762
327761
327760
327759
327758
327757
327756
327755
327754
327753
327752
327751
327750
327749
327748
327747
327746
327745
327744
327743
327742
327740
327737
327738
327739
327736
327735
327734
327733
327732
327731
327730
327728
327727
327726
327725
327724
327723
327722
327721
327720
327719
327718
327717
327716
327715
327714
327713
327712
327711
327710
327709
327708
327707
327706
327705
327704
327703
327702
327701
327700
327699
327698
327697
327696
327695
327694
327693
327692
327691
327690
327689
327688
327687
327686
327685
327684
327683
327682
327681
327680
327679
327678
327677
327676
327674
327668
327667
327666
327665
327664
327663
327662
327661
327660
327659
327658
327657
327655
327652
327651
327860
327859
327858
327857
327856
327855
327854
327853
327852
327851
327850
327849
327848
327838
327847
327846
327845
327844
327843
327842
327841
327840
327839
327837
327836
327835
327834
327833
327832
327831
327830
327816
327821
327822
327829
327828
327827
327826
327825
327824
327823
327820
327819
327818
327817
327815
327814
327813
327812
327811
327810
327809
327808
327807
327785
327806
327805
327804
327803
327802
327801
327800
327799
327798
327797
327795
327794
327793
327792
327791
327790
327789
327788
327787
327784
327783
327782
327781
327780
327910
327909
327908
327893
327935
327934
327933
327932
327931
327905
327930
327929
327928
327927
327926
327925
327924
327923
327922
327921
327920
327919
327918
327917
327914
327913
327912
327911
327907
327906
327904
327903
327902
327901
327899
327898
327897
327896
327895
327894
327891
327890
327889
327886
327884
327883
327882
327881
327880
327879
327878
327877
327876
327875
327874
327873
327872
327871
327870
327869
327868
327867
327866
327865
327864
327863
327966
327967
327969
328008
328007
328006
327995
327994
327988
327987
327986
327985
327984
327981
327980
327979
327978
327977
327976
327972
327971
327970
327968
327965
327964
327963
327962
327961
327960
327959
327958
327957
327956
327955
327954
327953
327952
327951
327950
327946
327945
327944
327943
327942
327940
327939
327938
327937
327936
328060
328027
328028
328029
328030
328031
328040
328034
328020
328059
328058
328057
328056
328055
328054
328053
328052
328051
328050
328049
328048
328046
328045
328041
328039
328038
328037
328036
328035
328033
328026
328025
328024
328023
328022
328021
328019
328018
328017
328016
328015
328014
328013
328012
328011
328010
328009
328142
328143
328144
328145
328140
328139
328138
328137
328135
328136
328134
328089
328133
328132
328131
328130
328129
328128
328127
328126
328125
328124
328123
328122
328121
328120
328119
328116
328115
328114
328113
328112
328079
328111
328110
328107
328106
328105
328104
328102
328101
328100
328099
328098
328097
328096
328095
328094
328093
328092
328091
328090
328088
328087
328086
328085
328084
328083
328082
328081
328080
328078
328077
328076
328074
328073
328072
328071
328069
328068
328067
328066
328065
328064
328063
328215
328214
328213
328212
328211
328210
328209
328208
328207
328206
328205
328204
328203
328202
328201
328200
328199
328198
328197
328196
328195
328194
328193
328192
328191
328190
328187
328181
328180
328165
328179
328177
328176
328175
328174
328173
328171
328170
328169
328168
328167
328166
328164
328163
328162
328161
328160
328159
328158
328157
328154
328153
328151
328148
328147
328146
328307
328306
328305
328303
328302
328301
328299
328297
328295
328293
328291
328289
328287
328284
328281
328279
328278
328276
328274
328273
328271
328269
328268
328266
328265
328263
328261
328260
328258
328256
328255
328253
328251
328250
328249
328247
328246
328244
328242
328241
328239
328237
328236
328234
328233
328232
328231
328230
328229
328228
328227
328226
328225
328224
328223
328222
328221
328220
328219
328218
328217
328216
328324
328356
328353
328352
328351
328350
328349
328348
328347
328346
328345
328344
328343
328342
328341
328340
328339
328338
328337
328336
328335
328334
328333
328332
328331
328330
328329
328328
328327
328326
328325
328323
328322
328321
328320
328319
328318
328317
328316
328315
328314
328313
328312
328311
328310
328308
328304
328300
328298
328296
328294
328292
328290
328288
328286
328285
328283
328282
328280
328277
328275
328272
328270
328267
328264
328262
328259
328257
328254
328252
328248
328245
328243
328240
328238
328235
328456
328458
328457
328454
328453
328452
328451
328450
328448
328447
328446
328445
328444
328443
328442
328441
328440
328439
328438
328437
328436
328435
328434
328433
328432
328431
328430
328429
328428
328427
328426
328424
328423
328422
328421
328420
328417
328416
328414
328412
328411
328410
328409
328408
328407
328406
328405
328404
328373
328374
328375
328376
328377
328378
328379
328380
328381
328382
328383
328384
328385
328386
328387
328388
328389
328390
328391
328392
328393
328394
328395
328396
328397
328398
328399
328400
328401
328402
328403
328371
328370
328369
328367
328366
328365
328364
328363
328362
328361
328360
328359
328358
328357
328536
328535
328534
328533
328532
328531
328530
328529
328528
328527
328525
328524
328523
328522
328521
328520
328519
328518
328517
328516
328515
328514
328513
328512
328511
328510
328509
328508
328507
328506
328505
328504
328503
328502
328501
328500
328499
328498
328497
328496
328495
328494
328493
328492
328490
328489
328488
328487
328486
328485
328484
328483
328482
328481
328480
328479
328478
328477
328475
328474
328473
328470
328471
328472
328466
328465
328464
328463
328461
328460
328459
328575
328619
328623
328622
328621
328620
328618
328617
328616
328615
328614
328613
328612
328611
328610
328609
328608
328607
328606
328605
328604
328603
328602
328601
328599
328598
328597
328596
328593
328592
328591
328590
328589
328588
328587
328586
328585
328584
328583
328582
328581
328580
328579
328578
328577
328576
328574
328561
328566
328573
328572
328571
328570
328569
328568
328567
328565
328564
328563
328562
328560
328559
328558
328557
328556
328555
328542
328541
328540
328539
328538
328537
328687
328689
328707
328706
328705
328704
328703
328702
328701
328700
328699
328698
328697
328696
328695
328694
328693
328676
328685
328692
328691
328690
328688
328686
328680
328679
328678
328677
328675
328674
328673
328672
328671
328670
328668
328667
328662
328661
328660
328659
328658
328657
328656
328653
328650
328627
328647
328648
328646
328645
328642
328641
328640
328639
328637
328636
328634
328633
328628
328625
328624
328783
328782
328781
328780
328779
328778
328777
328776
328775
328774
328773
328772
328771
328770
328769
328768
328767
328766
328765
328764
328763
328762
328761
328760
328759
328758
328757
328756
328755
328754
328753
328752
328751
328748
328747
328746
328723
328722
328724
328725
328744
328743
328742
328741
328740
328737
328735
328734
328733
328732
328727
328731
328730
328729
328728
328726
328721
328720
328719
328717
328718
328716
328714
328713
328712
328711
328710
328708
328900
328899
328897
328898
328896
328895
328894
328893
328891
328890
328889
328888
328887
328806
328885
328884
328883
328882
328881
328880
328879
328877
328875
328874
328873
328872
328871
328870
328869
328868
328867
328866
328865
328864
328863
328862
328861
328860
328859
328858
328857
328856
328855
328854
328853
328852
328851
328841
328840
328838
328836
328826
328825
328824
328823
328814
328813
328812
328811
328805
328804
328803
328802
328801
328800
328799
328798
328797
328796
328795
328794
328792
328791
328790
328789
328787
328786
328785
328784
328973
328972
328971
328970
328969
328967
328968
328966
328960
328959
328958
328957
328956
328955
328954
328952
328940
328950
328949
328948
328947
328946
328945
328944
328943
328941
328938
328937
328904
328906
328907
328908
328909
328910
328911
328912
328913
328914
328915
328916
328917
328936
328935
328934
328933
328932
328931
328930
328929
328927
328926
328925
328924
328923
328922
328920
328919
328918
328905
328903
328902
328901
329016
329017
329018
329019
329020
329021
329022
329023
329024
329029
329015
329014
329013
329012
329011
329009
329010
329025
329026
329027
329028
329030
329035
329034
329032
329031
329008
328996
329006
329007
329005
329004
329003
329002
329001
329000
328999
328998
328997
328995
328994
328993
328992
328991
328990
328989
328988
328987
328979
328982
328986
328983
328981
328980
328978
328977
328976
328975
328974
329136
329135
329134
329133
329129
329128
329127
329125
329124
329123
329122
329121
329119
329118
329117
329115
329114
329112
329111
329110
329109
329108
329107
329106
329105
329104
329103
329102
329101
329100
329099
329098
329097
329094
329095
329096
329090
329089
329088
329087
329086
329085
329084
329083
329082
329081
329080
329078
329076
329075
329074
329073
329072
329071
329070
329069
329068
329066
329065
329064
329063
329062
329060
329059
329058
329057
329056
329055
329054
329053
329052
329051
329050
329049
329048
329047
329046
329045
329044
329042
329041
329040
329039
329038
329037
329182
329181
329180
329179
329178
329176
329175
329173
329172
329171
329170
329169
329168
329167
329165
329166
329164
329163
329162
329161
329160
329159
329158
329157
329156
329155
329154
329153
329152
329151
329149
329147
329146
329145
329144
329143
329142
329141
329139
329138
329137
329237
329236
329235
329234
329233
329232
329231
329230
329229
329228
329227
329226
329225
329224
329223
329199
329222
329221
329220
329219
329218
329217
329216
329215
329214
329212
329211
329210
329209
329207
329206
329205
329204
329202
329201
329200
329198
329197
329196
329193
329183
329192
329191
329190
329189
329186
329185
329184
329300
329345
329344
329343
329340
329338
329337
329336
329335
329334
329333
329332
329331
329310
329330
329329
329327
329326
329324
329323
329322
329321
329320
329319
329318
329317
329316
329315
329314
329313
329312
329311
329309
329308
329307
329306
329305
329251
329254
329258
329260
329298
329303
329304
329302
329301
329299
329297
329296
329295
329294
329293
329292
329291
329290
329289
329288
329287
329286
329285
329284
329283
329282
329281
329280
329279
329278
329277
329276
329275
329274
329273
329272
329271
329270
329269
329268
329267
329266
329265
329264
329263
329262
329261
329259
329257
329256
329255
329253
329252
329250
329249
329246
329245
329243
329242
329241
329240
329239
329238
329368
329367
329366
329365
329364
329363
329362
329361
329360
329359
329358
329357
329356
329432
329431
329430
329429
329428
329427
329426
329425
329424
329423
329421
329420
329419
329418
329417
329416
329415
329414
329413
329411
329410
329409
329408
329407
329406
329405
329397
329401
329403
329404
329402
329400
329399
329398
329391
329381
329390
329394
329393
329392
329389
329388
329387
329386
329385
329384
329383
329382
329380
329379
329378
329377
329376
329375
329374
329373
329372
329371
329370
329369
329355
329354
329353
329350
329347
329346
329561
329560
329559
329558
329557
329555
329536
329552
329551
329550
329549
329548
329546
329545
329544
329543
329542
329541
329540
329535
329534
329533
329532
329531
329530
329529
329528
329527
329526
329525
329524
329523
329522
329521
329520
329519
329518
329517
329516
329515
329514
329513
329512
329511
329510
329509
329508
329506
329505
329504
329503
329502
329501
329500
329499
329498
329497
329496
329495
329494
329493
329492
329491
329490
329489
329488
329487
329486
329485
329484
329483
329482
329481
329480
329479
329478
329477
329476
329475
329474
329473
329472
329471
329470
329469
329468
329467
329466
329465
329464
329463
329462
329461
329460
329459
329454
329455
329456
329458
329457
329452
329450
329445
329449
329448
329447
329446
329444
329443
329441
329440
329439
329438
329437
329436
329435
329434
329433
329680
329679
329678
329677
329676
329675
329674
329673
329672
329671
329670
329669
329668
329667
329666
329665
329664
329663
329662
329661
329660
329659
329658
329728
329727
329712
329716
329715
329714
329713
329711
329710
329709
329708
329707
329706
329705
329703
329704
329702
329701
329700
329698
329697
329696
329695
329694
329693
329692
329691
329690
329689
329688
329687
329686
329685
329684
329682
329681
329657
329656
329655
329654
329653
329652
329649
329648
329651
329650
329646
329645
329644
329642
329641
329640
329639
329638
329637
329636
329635
329634
329633
329632
329631
329630
329629
329628
329627
329626
329625
329624
329623
329622
329621
329620
329619
329618
329617
329616
329615
329614
329612
329611
329610
329609
329608
329607
329606
329605
329604
329603
329602
329601
329600
329599
329598
329597
329596
329595
329594
329593
329592
329591
329590
329589
329588
329587
329586
329585
329584
329583
329582
329581
329580
329579
329578
329577
329576
329575
329574
329573
329572
329571
329569
329568
329567
329566
329565
329564
329563
329562
329811
329822
329825
329824
329823
329821
329820
329819
329818
329817
329816
329815
329814
329813
329812
329810
329809
329808
329807
329806
329805
329804
329803
329802
329801
329800
329799
329798
329797
329796
329795
329794
329792
329791
329790
329781
329779
329789
329788
329787
329785
329784
329783
329782
329780
329778
329777
329776
329775
329774
329773
329772
329771
329770
329769
329768
329767
329766
329765
329764
329763
329761
329760
329751
329752
329753
329754
329755
329756
329757
329758
329759
329750
329749
329748
329747
329746
329745
329743
329742
329740
329739
329738
329737
329735
329734
329733
329729
329939
329937
329936
329935
329934
329933
329932
329931
329930
329929
329928
329927
329926
329925
329924
329923
329922
329921
329919
329904
329905
329906
329907
329908
329909
329910
329911
329912
329913
329914
329915
329903
329902
329901
329900
329899
329898
329897
329896
329894
329893
329892
329891
329890
329889
329854
329883
329888
329887
329885
329884
329882
329881
329880
329879
329878
329877
329876
329875
329874
329873
329872
329871
329870
329869
329868
329866
329865
329864
329863
329862
329861
329860
329859
329858
329857
329856
329855
329853
329852
329851
329850
329849
329848
329847
329845
329844
329843
329841
329840
329839
329838
329835
329834
329833
329832
329831
329830
329829
329828
329827
329826
330020
330019
330018
330017
330016
330015
330014
330013
330012
330011
330010
330009
330005
330004
330003
330002
330000
329999
329998
329997
329996
329995
329994
329993
329992
329991
329989
329988
329985
329984
329983
329982
329981
329980
329979
329978
329977
329976
329975
329974
329973
329972
329971
329970
329969
329968
329967
329966
329965
329964
329963
329962
329961
329959
329958
329957
329956
329955
329954
329953
329952
329951
329950
329942
329943
329949
329947
329946
329945
329944
329940
330053
330052
330051
330050
330049
330048
330047
330046
330088
330087
330086
330085
330084
330083
330082
330081
330080
330079
330078
330077
330076
330075
330074
330073
330072
330071
330069
330070
330068
330067
330066
330065
330063
330062
330061
330060
330059
330058
330057
330056
330055
330054
330045
330044
330043
330042
330041
330040
330031
330032
330033
330034
330035
330036
330037
330038
330039
330030
330029
330028
330027
330025
330024
330023
330022
330021
330188
330187
330184
330183
330182
330181
330180
330179
330178
330177
330172
330176
330175
330174
330173
330170
330169
330168
330171
330167
330166
330165
330164
330163
330162
330161
330160
330159
330158
330157
330156
330155
330154
330153
330152
330151
330150
330149
330148
330147
330146
330145
330144
330143
330142
330141
330140
330139
330138
330137
330136
330135
330134
330133
330132
330131
330130
330129
330128
330127
330122
330126
330125
330124
330123
330121
330120
330119
330118
330117
330115
330114
330113
330112
330111
330110
330109
330108
330107
330106
330105
330104
330103
330102
330097
330098
330099
330100
330101
330095
330094
330093
330092
330091
330090
330089
330303
330304
330305
330306
330307
330308
330309
330310
330311
330312
330313
330318
330317
330316
330315
330314
330302
330301
330300
330299
330298
330297
330296
330295
330294
330293
330292
330291
330290
330289
330288
330287
330286
330284
330283
330282
330281
330279
330280
330278
330277
330276
330275
330274
330273
330272
330271
330270
330269
330268
330267
330266
330265
330264
330263
330262
330261
330260
330258
330257
330246
330248
330256
330254
330253
330252
330251
330250
330249
330247
330245
330227
330228
330229
330230
330231
330232
330233
330234
330235
330236
330237
330238
330239
330240
330241
330242
330243
330244
330226
330225
330224
330223
330222
330221
330220
330219
330218
330217
330216
330215
330214
330213
330212
330211
330210
330209
330208
330207
330206
330205
330204
330203
330202
330201
330200
330199
330198
330197
330196
330195
330194
330193
330192
330191
330190
330189
330383
330382
330381
330380
330379
330378
330376
330375
330374
330373
330372
330371
330369
330428
330427
330426
330425
330424
330423
330422
330421
330420
330419
330418
330417
330416
330385
330386
330388
330389
330412
330413
330414
330411
330410
330409
330408
330406
330405
330404
330403
330402
330401
330400
330399
330398
330397
330396
330395
330394
330393
330392
330391
330390
330384
330377
330370
330368
330367
330366
330365
330364
330363
330362
330361
330360
330359
330358
330357
330356
330354
330353
330352
330351
330350
330349
330348
330347
330346
330345
330344
330343
330342
330341
330340
330339
330338
330337
330336
330335
330334
330333
330332
330331
330330
330329
330328
330327
330326
330325
330324
330323
330322
330321
330319
330480
330496
330495
330494
330493
330492
330491
330490
330489
330488
330487
330486
330485
330484
330483
330482
330481
330479
330477
330476
330475
330474
330473
330472
330471
330470
330469
330468
330467
330466
330465
330464
330463
330462
330449
330448
330450
330461
330460
330459
330458
330457
330456
330455
330454
330453
330452
330451
330447
330446
330442
330440
330439
330438
330437
330436
330430
330435
330434
330433
330432
330431
330429
330563
330562
330561
330560
330559
330558
330557
330556
330555
330554
330553
330552
330551
330550
330549
330548
330547
330546
330544
330543
330516
330525
330542
330541
330540
330539
330538
330537
330536
330535
330534
330533
330532
330530
330529
330528
330527
330524
330523
330522
330521
330520
330519
330518
330515
330513
330511
330510
330508
330507
330506
330505
330504
330503
330502
330501
330500
330499
330498
330497
330641
330640
330639
330638
330637
330636
330635
330634
330633
330632
330631
330630
330629
330628
330627
330626
330625
330624
330623
330622
330621
330620
330618
330617
330616
330615
330614
330613
330612
330611
330599
330609
330607
330606
330605
330604
330603
330602
330601
330600
330594
330598
330597
330595
330593
330592
330591
330590
330589
330588
330586
330585
330584
330583
330582
330581
330580
330579
330578
330577
330576
330575
330574
330573
330572
330571
330570
330569
330568
330567
330566
330565
330564
330663
330686
330685
330684
330683
330682
330681
330680
330679
330678
330677
330660
330676
330675
330674
330673
330672
330671
330670
330669
330668
330667
330666
330665
330662
330661
330659
330658
330657
330655
330654
330653
330652
330651
330650
330649
330648
330647
330646
330645
330644
330643
330642
330743
330742
330741
330740
330739
330738
330737
330736
330735
330734
330733
330732
330731
330727
330726
330725
330724
330723
330722
330721
330720
330719
330718
330717
330716
330715
330714
330713
330712
330711
330710
330709
330706
330704
330703
330702
330701
330700
330699
330698
330697
330696
330695
330694
330693
330687
330690
330691
330689
330688
330828
330826
330825
330824
330808
330823
330822
330821
330820
330819
330818
330817
330816
330815
330814
330813
330812
330811
330810
330776
330775
330774
330773
330809
330807
330806
330805
330804
330803
330802
330801
330800
330799
330798
330797
330796
330795
330794
330793
330792
330791
330790
330789
330788
330787
330786
330785
330784
330783
330782
330781
330780
330779
330778
330777
330772
330771
330770
330769
330768
330767
330766
330758
330756
330755
330754
330746
330753
330752
330751
330750
330749
330748
330747
330745
330744
330936
330934
330933
330930
330931
330932
330904
330929
330928
330927
330926
330925
330924
330923
330922
330921
330920
330919
330918
330917
330916
330915
330914
330913
330912
330910
330909
330908
330907
330906
330905
330903
330901
330900
330899
330896
330895
330894
330893
330892
330890
330889
330888
330887
330886
330885
330884
330880
330879
330878
330877
330876
330875
330874
330873
330872
330871
330870
330869
330868
330867
330866
330865
330864
330863
330862
330860
330859
330858
330857
330856
330855
330854
330853
330852
330851
330850
330849
330848
330847
330846
330845
330844
330843
330842
330841
330840
330839
330838
330837
330836
330835
330834
330832
330831
330830
330829
330995
330994
330993
330992
330991
330990
330989
330987
330988
330943
330945
330959
330985
330984
330983
330982
330981
330980
330979
330977
330976
330975
330974
330973
330972
330971
330970
330969
330968
330967
330966
330964
330965
330963
330962
330961
330960
330958
330957
330956
330955
330954
330953
330952
330951
330950
330949
330948
330947
330944
330942
330941
330940
330939
330938
330937
331027
331074
331069
331059
331070
331072
331071
331073
331068
331067
331066
331065
331064
331063
331061
331062
331060
331058
331057
331056
331055
331003
331053
331051
331050
331049
331048
331046
331045
331044
331043
331042
331041
331040
331039
331038
331037
331036
331035
331034
331033
331032
331031
331029
331025
331024
331023
331022
331021
331020
331006
331007
331008
331009
331010
331011
331012
331013
331014
331015
331016
331017
331018
331019
331005
331004
331002
331001
330998
330999
331000
330997
330996
331160
331159
331158
331157
331156
331155
331154
331153
331152
331151
331150
331149
331148
331147
331146
331145
331144
331143
331142
331141
331094
331095
331096
331097
331098
331099
331100
331101
331102
331103
331104
331105
331140
331139
331135
331134
331133
331132
331131
331130
331129
331128
331127
331123
331113
331122
331121
331120
331119
331118
331117
331116
331115
331112
331111
331110
331109
331108
331107
331106
331093
331092
331082
331091
331090
331089
331088
331087
331086
331085
331084
331083
331081
331080
331079
331078
331077
331076
331075
331209
331210
331211
331213
331214
331215
331218
331250
331251
331256
331260
331259
331258
331257
331255
331254
331253
331252
331249
331248
331247
331243
331245
331244
331225
331230
331231
331232
331242
331241
331240
331239
331238
331237
331236
331235
331234
331233
331229
331228
331227
331226
331224
331223
331222
331221
331220
331219
331217
331216
331212
331208
331207
331206
331205
331204
331191
331192
331195
331203
331202
331201
331200
331199
331198
331197
331194
331193
331190
331189
331188
331187
331186
331185
331184
331183
331182
331181
331180
331179
331178
331177
331176
331175
331174
331173
331172
331171
331170
331169
331168
331167
331166
331165
331164
331163
331162
331161
331261
331265
331272
331273
331280
331284
331287
331290
331291
331352
331359
331357
331356
331355
331354
331353
331351
331350
331264
331274
331275
331276
331271
331263
331262
331270
331267
331349
331348
331347
331344
331343
331341
331340
331338
331336
331335
331334
331333
331332
331317
331330
331329
331328
331327
331326
331325
331324
331323
331322
331321
331320
331319
331318
331316
331315
331314
331313
331312
331311
331310
331309
331308
331307
331306
331305
331304
331303
331302
331301
331299
331298
331297
331296
331294
331293
331292
331282
331266
331268
331278
331289
331283
331286
331288
331285
331281
331279
331277
331269
331402
331477
331472
331473
331474
331475
331476
331471
331470
331469
331468
331467
331466
331465
331464
331463
331462
331461
331459
331458
331457
331456
331455
331454
331453
331452
331451
331448
331447
331446
331445
331444
331443
331442
331441
331440
331439
331438
331437
331436
331435
331434
331433
331432
331431
331430
331429
331428
331427
331426
331425
331424
331423
331422
331421
331420
331414
331412
331385
331419
331417
331416
331415
331413
331411
331410
331409
331408
331407
331406
331405
331404
331403
331401
331399
331398
331394
331393
331392
331389
331386
331388
331390
331387
331384
331383
331378
331381
331380
331379
331377
331376
331375
331374
331373
331372
331371
331370
331369
331368
331367
331363
331362
331361
331360
331494
331614
331618
331617
331616
331615
331498
331499
331500
331501
331502
331503
331504
331506
331507
331509
331510
331511
331512
331513
331514
331515
331516
331517
331518
331519
331520
331521
331613
331612
331611
331610
331609
331608
331607
331606
331605
331604
331603
331602
331601
331600
331599
331598
331597
331596
331595
331594
331593
331592
331591
331590
331589
331588
331587
331586
331585
331584
331583
331582
331581
331580
331579
331578
331577
331575
331573
331572
331571
331564
331563
331562
331561
331560
331559
331558
331557
331556
331555
331554
331553
331552
331551
331550
331549
331548
331547
331546
331545
331544
331543
331542
331541
331540
331539
331538
331537
331536
331534
331533
331532
331531
331530
331529
331528
331527
331526
331525
331495
331497
331524
331523
331522
331508
331505
331496
331493
331488
331492
331491
331490
331489
331487
331486
331485
331484
331483
331482
331479
331481
331480
331478
331686
331685
331684
331683
331682
331681
331680
331679
331668
331678
331677
331675
331674
331673
331672
331671
331670
331669
331664
331665
331663
331662
331661
331660
331659
331658
331657
331654
331655
331656
331653
331652
331651
331650
331649
331648
331647
331646
331645
331644
331643
331642
331641
331640
331639
331638
331637
331636
331635
331634
331633
331632
331631
331630
331629
331628
331627
331626
331625
331624
331623
331622
331620
331704
331759
331758
331757
331756
331755
331753
331752
331750
331748
331747
331746
331745
331744
331743
331742
331741
331740
331738
331737
331736
331698
331735
331734
331732
331731
331730
331729
331728
331727
331726
331725
331724
331723
331708
331709
331710
331711
331712
331713
331714
331715
331716
331717
331718
331719
331720
331721
331722
331707
331706
331703
331702
331701
331700
331699
331697
331696
331695
331694
331693
331692
331691
331690
331689
331688
331687
331810
331811
331812
331813
331814
331803
331835
331831
331829
331826
331825
331824
331823
331822
331821
331820
331819
331818
331817
331816
331815
331809
331808
331807
331806
331805
331804
331802
331801
331800
331798
331797
331796
331795
331794
331793
331792
331791
331790
331789
331788
331787
331786
331785
331784
331783
331782
331781
331780
331779
331778
331777
331776
331775
331774
331773
331772
331771
331770
331769
331768
331767
331765
331766
331764
331763
331762
331761
331760
331911
331910
331909
331908
331907
331906
331905
331904
331903
331902
331901
331900
331898
331897
331896
331895
331894
331885
331886
331887
331888
331889
331890
331891
331892
331893
331884
331883
331882
331873
331879
331881
331880
331878
331877
331876
331875
331874
331872
331871
331870
331869
331868
331867
331866
331865
331864
331863
331862
331861
331860
331859
331858
331857
331856
331855
331854
331853
331852
331851
331850
331849
331848
331847
331846
331845
331843
331842
331841
331840
331839
331838
331990
331989
331988
331987
331986
331985
331984
331983
331982
331981
331979
331977
331975
331974
331972
331971
331970
331980
331976
331973
331969
331968
331967
331966
331965
331964
331963
331962
331961
331960
331959
331958
331957
331956
331955
331954
331953
331952
331951
331950
331949
331948
331947
331946
331945
331944
331943
331942
331941
331940
331939
331938
331937
331936
331935
331934
331933
331932
331931
331930
331929
331928
331925
331926
331927
331924
331923
331922
331921
331920
331918
331917
331916
331915
331914
331913
331912
332030
332031
332049
332048
332047
332046
332045
332044
332043
332042
332041
332040
332039
332038
332037
332036
332035
332034
332033
332032
332029
332028
332024
332023
332022
332021
332020
332019
332018
332017
332016
332015
332014
332013
332012
332011
332009
332008
332007
332006
332005
332004
332003
332002
332001
332000
331999
331998
331997
331996
331995
331993
332191
332190
332189
332188
332187
332186
332185
332181
332182
332183
332184
332179
332180
332178
332176
332174
332172
332170
332169
332168
332167
332166
332165
332164
332163
332162
332161
332160
332159
332158
332157
332156
332155
332153
332154
332152
332151
332150
332149
332148
332147
332145
332146
332144
332143
332142
332141
332137
332139
332138
332136
332135
332134
332133
332132
332131
332130
332129
332128
332127
332126
332125
332124
332123
332122
332121
332120
332119
332118
332117
332116
332113
332115
332114
332112
332111
332110
332109
332108
332107
332106
332105
332104
332103
332096
332102
332101
332100
332099
332098
332095
332094
332093
332092
332091
332090
332089
332088
332087
332086
332085
332084
332081
332080
332079
332072
332073
332071
332057
332059
332060
332061
332062
332065
332070
332069
332058
332068
332067
332066
332063
332056
332055
332054
332052
332051
332050
332289
332288
332287
332286
332285
332283
332282
332281
332280
332279
332277
332276
332275
332274
332273
332272
332271
332270
332268
332266
332264
332250
332251
332252
332255
332256
332257
332258
332259
332261
332263
332254
332249
332248
332247
332246
332244
332243
332242
332241
332240
332238
332237
332235
332236
332234
332233
332209
332231
332230
332229
332228
332227
332226
332225
332224
332223
332222
332221
332220
332219
332218
332217
332216
332215
332214
332213
332212
332211
332210
332205
332206
332381
332382
332388
332387
332385
332384
332380
332379
332378
332377
332376
332375
332374
332373
332372
332371
332370
332369
332368
332367
332366
332365
332364
332363
332361
332360
332359
332358
332357
332356
332355
332354
332353
332352
332350
332348
332346
332345
332344
332343
332342
332341
332339
332336
332335
332334
332316
332328
332333
332332
332331
332330
332329
332327
332326
332325
332324
332323
332322
332321
332320
332319
332318
332317
332315
332314
332313
332312
332311
332310
332309
332308
332307
332306
332305
332304
332303
332302
332301
332300
332299
332415
332469
332471
332470
332468
332467
332466
332465
332464
332463
332462
332461
332459
332458
332457
332456
332454
332453
332452
332451
332450
332449
332448
332447
332446
332445
332444
332443
332442
332441
332440
332439
332438
332437
332436
332435
332434
332433
332391
332432
332431
332430
332429
332427
332426
332425
332424
332423
332422
332421
332420
332419
332418
332417
332416
332413
332412
332411
332410
332409
332393
332394
332399
332400
332408
332397
332396
332406
332405
332404
332403
332402
332401
332398
332392
332390
332389
