330188
330187
330184
330183
330182
330181
330180
330179
330178
330177
330172
330176
330175
330174
330173
330170
330169
330168
330171
330167
330166
330165
330164
330163
330162
330161
330160
330159
330158
330157
330156
330155
330154
330153
330152
330151
330150
330149
330148
330147
330146
330145
330144
330143
330142
330141
330140
330139
330138
330137
330136
330135
330134
330133
330132
330131
330130
330129
330128
330127
330122
330126
330125
330124
330123
330121
330120
330119
330118
330117
330115
330114
330113
330112
330111
330110
330109
330108
330107
330106
330105
330104
330103
330102
330097
330098
330099
330100
330101
330095
330094
330093
330092
330091
330090
330089
