599388
599387
599525
599511
599469
599521
599509
599457
599557
599564
599563
599562
599561
599560
599559
599558
599432
599437
599449
599519
599322
599308
599330
599348
599397
599408
599414
599431
599492
599502
599539
599538
599537
599536
599535
599534
599446
599444
599443
599533
599528
599526
599512
599506
599505
599504
599503
599501
599477
599499
599497
599472
599470
599466
599419
599406
599620
599619
599532
599531
599545
599540
599527
599548
599580
599578
599579
599577
599575
599572
599576
599574
599573
599571
599570
599569
599568
599567
599566
599565
599597
599598
599599
599596
599595
599594
599593
599592
599591
599590
599589
599588
599587
599544
599546
599549
599618
599617
599616
599615
599614
599613
599612
599609
599586
599600
599585
599584
599583
599582
599581
599556
599555
599554
599553
599552
599364
599547
599386
599418
599448
599542
599543
599550
599551
599541
599530
599524
599523
599520
599516
599515
599514
599513
599507
599498
599484
599491
599482
599481
599500
599490
599496
599495
599494
599493
599489
599488
599487
599485
599483
599479
599478
599476
599475
599474
599473
599471
599468
599467
599465
599464
599463
599462
599461
599460
599459
599458
599456
599454
599453
599452
599451
599445
599442
599441
599440
599436
599435
599434
599428
599422
599420
599371
599430
599427
599426
599425
599424
599417
599416
599385
599415
599407
599412
599411
599410
599409
599405
599403
599401
599400
599399
599395
599396
599389
599384
599390
599394
599393
599392
599391
599383
599382
599381
599380
599379
599378
599377
599376
599375
599374
599370
599368
599367
599365
599320
599358
599359
599360
599361
599362
599363
599357
599355
599351
599353
599354
599356
599352
599350
599349
599347
599346
599345
599344
599343
599342
599341
599340
599339
599338
599337
599335
599334
599333
599332
599331
599329
599328
599327
599326
599325
599324
599321
599323
599319
599318
599314
599317
599316
599315
599313
599312
599306
599310
599309
599305
