330303
330304
330305
330306
330307
330308
330309
330310
330311
330312
330313
330318
330317
330316
330315
330314
330302
330301
330300
330299
330298
330297
330296
330295
330294
330293
330292
330291
330290
330289
330288
330287
330286
330284
330283
330282
330281
330279
330280
330278
330277
330276
330275
330274
330273
330272
330271
330270
330269
330268
330267
330266
330265
330264
330263
330262
330261
330260
330258
330257
330246
330248
330256
330254
330253
330252
330251
330250
330249
330247
330245
330227
330228
330229
330230
330231
330232
330233
330234
330235
330236
330237
330238
330239
330240
330241
330242
330243
330244
330226
330225
330224
330223
330222
330221
330220
330219
330218
330217
330216
330215
330214
330213
330212
330211
330210
330209
330208
330207
330206
330205
330204
330203
330202
330201
330200
330199
330198
330197
330196
330195
330194
330193
330192
330191
330190
330189
