326214
326185
326211
326271
326270
326269
326268
326267
326266
326265
326264
326263
326262
326261
326260
326259
326258
326257
326256
326255
326254
326253
326252
326251
326250
326249
326248
326247
326246
326245
326244
326243
326242
326241
326240
326239
326238
326237
326236
326235
326234
326233
326232
326231
326230
326229
326228
326227
326226
326225
326224
326223
326222
326221
326220
326216
326218
326217
326215
326212
326210
326209
326208
326207
326206
326205
326204
326203
326202
326201
326200
326199
326198
326197
326196
326195
326194
326193
326192
326191
326190
326189
326188
326187
326186
