329680
329679
329678
329677
329676
329675
329674
329673
329672
329671
329670
329669
329668
329667
329666
329665
329664
329663
329662
329661
329660
329659
329658
329728
329727
329712
329716
329715
329714
329713
329711
329710
329709
329708
329707
329706
329705
329703
329704
329702
329701
329700
329698
329697
329696
329695
329694
329693
329692
329691
329690
329689
329688
329687
329686
329685
329684
329682
329681
329657
329656
329655
329654
329653
329652
329649
329648
329651
329650
329646
329645
329644
329642
329641
329640
329639
329638
329637
329636
329635
329634
329633
329632
329631
329630
329629
329628
329627
329626
329625
329624
329623
329622
329621
329620
329619
329618
329617
329616
329615
329614
329612
329611
329610
329609
329608
329607
329606
329605
329604
329603
329602
329601
329600
329599
329598
329597
329596
329595
329594
329593
329592
329591
329590
329589
329588
329587
329586
329585
329584
329583
329582
329581
329580
329579
329578
329577
329576
329575
329574
329573
329572
329571
329569
329568
329567
329566
329565
329564
329563
329562
