325448
325447
325446
325445
325444
325443
325442
325441
325440
325439
325438
325437
325436
325435
325449
325450
325451
325452
325453
325454
325545
325544
325543
325537
325498
325504
325526
325536
325535
325534
325533
325532
325531
325530
325529
325528
325527
325522
325521
325519
325520
325518
325517
325516
325515
325514
325513
325512
325511
325510
325509
325508
325507
325506
325505
325503
325502
325501
325500
325499
325497
325496
325495
325494
325493
325492
325491
325490
325489
325488
325487
325486
325485
325482
325484
325483
325481
325480
325477
325476
325475
325474
325473
325472
325471
325470
325455
325456
325457
325458
325459
325460
325461
325462
325463
325464
325465
325466
325467
325468
325469
