892951
892947
892946
892980
892930
892704
892950
892944
892936
892935
892604
892602
892603
892601
892932
892931
892934
892933
892676
892674
892929
892672
892671
892660
892659
892658
892657
892656
892655
892649
892648
892654
892653
892651
892650
892816
892814
892669
892664
892949
892948
892681
892680
892679
892678
892677
892942
892652
892647
892646
892663
892662
892687
892686
892685
892684
892683
892953
892952
892805
893001
892661
892842
892840
892897
892894
892906
892938
892939
892940
892941
892893
892892
892891
892996
892994
892987
892983
892975
892969
892740
892920
892914
892913
892889
892791
892838
892835
892804
892750
892915
892918
892919
892995
892991
892989
892984
892976
892968
892735
892739
892733
892731
892726
892911
892746
892790
892917
892982
892998
892988
892986
892973
892979
892885
892912
892837
892803
892792
892747
892738
892724
892730
892922
892921
892997
892985
892978
892974
892971
892972
892910
892887
892802
892836
892788
892741
892737
892734
892732
892729
892725
892749
892926
892999
892970
892925
892924
892883
892833
892745
892723
892782
892736
892728
892720
892722
892727
892801
892743
892721
892719
892845
892831
892844
892851
892859
893000
892888
892882
892877
892876
892875
892874
892609
892832
893009
892705
892580
892581
892582
892583
892584
892585
892608
892965
892588
892886
892884
892881
892880
892879
892606
892873
892872
892871
892870
892869
892868
892866
892587
893023
893022
893021
893020
893019
893018
893017
893016
893015
893014
893013
893012
893011
893010
893008
893007
893005
893004
893003
893002
892993
892992
892990
892981
892967
892966
892964
892963
892962
892961
892958
892957
892956
892955
892954
892945
892937
892928
892927
892923
892904
892903
892902
892901
892900
892898
892896
892890
892878
892867
892864
892863
892862
892860
892858
892857
892856
892855
892854
892853
892852
892850
892849
892848
892847
892846
892841
892839
892834
892830
892829
892825
892824
892823
892828
892827
892826
892822
892821
892820
892819
892818
892815
892813
892812
892811
892809
892808
892807
892806
892800
892799
892798
892797
892796
892795
892794
892793
892787
892786
892785
892784
892783
892781
892780
892779
892778
892777
892776
892775
892774
892773
892772
892771
892770
892769
892768
892767
892766
892765
892764
892763
892762
892761
892760
892759
892758
892757
892756
892755
892754
892753
892752
892751
892748
892744
892742
892718
892717
892716
892715
892714
892713
892712
892711
892710
892709
892708
892707
892706
892700
892699
892698
892696
892695
892694
892693
892692
892691
892690
892689
892688
892682
892675
892673
892670
892668
892666
892665
892645
892644
892643
892642
892641
892640
892639
892637
892636
892633
892632
892631
892630
892629
892628
892627
892626
892625
892624
892623
892622
892621
892620
892619
892618
892617
892616
892614
892613
892612
892611
892610
892607
892605
892600
892599
892598
892597
892596
892595
892594
892593
892592
892591
892590
892589
892586
892579
892576
892578
892577
892575
892574
892573
892572
892571
892570
