326529
326528
326527
326526
326524
326523
326482
326510
326520
326488
326518
326517
326516
326515
326514
326513
326512
326511
326509
326508
326507
326506
326505
326504
326503
326502
326501
326500
326499
326490
326489
326487
326486
326484
326483
326481
326480
326479
326478
326477
326475
326474
326473
326472
326471
326470
326469
326468
326467
326466
326464
326465
326463
326462
326461
326460
326459
326458
326457
326456
326455
326454
326453
326452
326451
326450
326448
326447
326446
326445
326444
326443
326442
