892160
892182
892181
892168
892170
892176
892173
892185
892183
892180
892178
892102
892177
892175
892505
892442
892432
892408
892261
892257
892256
892255
892100
892551
892334
892227
892189
892246
892238
892233
892295
892292
892305
892298
892283
892303
892291
892284
892296
892294
892247
892301
892290
892245
892237
892235
892188
892234
892242
892236
892119
892299
892288
892241
892232
892425
892424
892422
892421
892089
892114
892116
892225
892343
892481
892534
892535
892536
892554
892240
892229
892430
892426
892484
892483
892489
892488
892487
892486
892219
892214
892213
892212
892206
892315
892405
892347
892346
892345
892099
892510
892513
892569
892568
892567
892566
892565
892564
892563
892562
892561
892560
892559
892558
892557
892556
892555
892553
892552
892550
892549
892548
892547
892546
892545
892544
892543
892542
892541
892540
892539
892538
892537
892533
892532
892531
892530
892529
892528
892527
892526
892525
892524
892523
892522
892521
892520
892519
892518
892517
892516
892515
892514
892512
892511
892509
892508
892507
892501
892502
892504
892503
892500
892499
892498
892496
892497
892494
892493
892492
892491
892490
892478
892485
892482
892480
892479
892477
892476
892475
892474
892472
892471
892470
892469
892468
892467
892466
892465
892464
892463
892462
892461
892459
892457
892456
892455
892454
892453
892452
892451
892450
892449
892448
892447
892446
892445
892444
892443
892441
892440
892439
892438
892437
892436
892435
892434
892433
892431
892429
892428
892427
892423
892419
892417
892416
892415
892414
892413
892412
892411
892409
892406
892404
892403
892402
892401
892400
892399
892398
892397
892396
892395
892394
892393
892392
892391
892390
892389
892388
892387
892386
892385
892384
892383
892382
892381
892380
892379
892378
892377
892376
892375
892374
892373
892372
892371
892370
892369
892367
892366
892365
892364
892363
892362
892359
892358
892357
892356
892355
892354
892353
892352
892351
892350
892349
892348
892344
892342
892341
892340
892338
892337
892336
892335
892333
892332
892331
892330
892329
892328
892326
892325
892324
892323
892322
892321
892320
892319
892318
892317
892316
892314
892313
892312
892311
892310
892309
892308
892307
892306
892304
892302
892300
892297
892293
892289
892287
892286
892285
892282
892281
892280
892279
892278
892277
892276
892275
892274
892273
892272
892271
892270
892269
892268
892267
892266
892265
892263
892262
892260
892259
892258
892254
892253
892251
892250
892244
892239
892231
892228
892224
892222
892221
892218
892217
892216
892215
892211
892210
892209
892208
892207
892205
892204
892203
892202
892201
892200
892199
892198
892197
892196
892195
892194
892193
892192
892191
892190
892187
892186
892184
892179
892174
892169
892167
892166
892165
892164
892163
892162
892161
892159
892158
892157
892156
892155
892154
892153
892151
892150
892149
892148
892147
892146
892145
892144
892143
892142
892140
892139
892137
892135
892134
892133
892132
892131
892130
892129
892128
892127
892126
892125
892124
892122
892121
892120
892118
892117
892115
892113
892112
892111
892110
892109
892108
892107
892106
892105
892104
892103
892101
892098
892097
892096
892095
892094
892093
892092
892091
892090
892088
892087
892086
892085
892084
892083
892082
892081
892079
892078
892077
892076
892075
892074
892073
892951
892947
892946
892980
892930
892704
892950
892944
892936
892935
892604
892602
892603
892601
892932
892931
892934
892933
892676
892674
892929
892672
892671
892660
892659
892658
892657
892656
892655
892649
892648
892654
892653
892651
892650
892816
892814
892669
892664
892949
892948
892681
892680
892679
892678
892677
892942
892652
892647
892646
892663
892662
892687
892686
892685
892684
892683
892953
892952
892805
893001
892661
892842
892840
892897
892894
892906
892938
892939
892940
892941
892893
892892
892891
892996
892994
892987
892983
892975
892969
892740
892920
892914
892913
892889
892791
892838
892835
892804
892750
892915
892918
892919
892995
892991
892989
892984
892976
892968
892735
892739
892733
892731
892726
892911
892746
892790
892917
892982
892998
892988
892986
892973
892979
892885
892912
892837
892803
892792
892747
892738
892724
892730
892922
892921
892997
892985
892978
892974
892971
892972
892910
892887
892802
892836
892788
892741
892737
892734
892732
892729
892725
892749
892926
892999
892970
892925
892924
892883
892833
892745
892723
892782
892736
892728
892720
892722
892727
892801
892743
892721
892719
892845
892831
892844
892851
892859
893000
892888
892882
892877
892876
892875
892874
892609
892832
893009
892705
892580
892581
892582
892583
892584
892585
892608
892965
892588
892886
892884
892881
892880
892879
892606
892873
892872
892871
892870
892869
892868
892866
892587
893023
893022
893021
893020
893019
893018
893017
893016
893015
893014
893013
893012
893011
893010
893008
893007
893005
893004
893003
893002
892993
892992
892990
892981
892967
892966
892964
892963
892962
892961
892958
892957
892956
892955
892954
892945
892937
892928
892927
892923
892904
892903
892902
892901
892900
892898
892896
892890
892878
892867
892864
892863
892862
892860
892858
892857
892856
892855
892854
892853
892852
892850
892849
892848
892847
892846
892841
892839
892834
892830
892829
892825
892824
892823
892828
892827
892826
892822
892821
892820
892819
892818
892815
892813
892812
892811
892809
892808
892807
892806
892800
892799
892798
892797
892796
892795
892794
892793
892787
892786
892785
892784
892783
892781
892780
892779
892778
892777
892776
892775
892774
892773
892772
892771
892770
892769
892768
892767
892766
892765
892764
892763
892762
892761
892760
892759
892758
892757
892756
892755
892754
892753
892752
892751
892748
892744
892742
892718
892717
892716
892715
892714
892713
892712
892711
892710
892709
892708
892707
892706
892700
892699
892698
892696
892695
892694
892693
892692
892691
892690
892689
892688
892682
892675
892673
892670
892668
892666
892665
892645
892644
892643
892642
892641
892640
892639
892637
892636
892633
892632
892631
892630
892629
892628
892627
892626
892625
892624
892623
892622
892621
892620
892619
892618
892617
892616
892614
892613
892612
892611
892610
892607
892605
892600
892599
892598
892597
892596
892595
892594
892593
892592
892591
892590
892589
892586
892579
892576
892578
892577
892575
892574
892573
892572
892571
892570
893099
893103
893102
893090
893108
893105
893101
893096
893093
893089
893088
893087
893355
893354
893106
893104
893100
893097
893084
893083
893082
893037
893418
893417
893416
893387
893390
893393
893376
893370
893385
893369
893051
893334
893252
893053
893052
893156
893254
893157
893253
893158
893151
893445
893055
893054
893048
893047
893056
893057
893050
893049
893397
893081
893079
893078
893077
893059
893058
893038
893046
893325
893427
893426
893425
893045
893267
893424
893347
893343
893350
893266
893433
893432
893353
893042
893062
893255
893357
893061
893413
893352
893341
893342
893332
893346
893351
893256
893041
893150
893321
893282
893312
893356
893358
893412
893320
893318
893044
893040
893329
893446
893444
893443
893442
893441
893440
893439
893438
893437
893436
893435
893434
893431
893430
893429
893428
893423
893422
893421
893043
893420
893419
893415
893414
893411
893410
893409
893408
893407
893406
893060
893405
893404
893403
893402
893401
893400
893399
893398
893396
893395
893394
893392
893391
893389
893388
893386
893384
893383
893382
893381
893380
893378
893377
893375
893374
893373
893372
893371
893368
893367
893366
893365
893364
893363
893362
893361
893360
893359
893349
893348
893345
893344
893340
893339
893338
893337
893336
893335
893333
893331
893330
893328
893327
893326
893324
893323
893322
893319
893317
893316
893315
893314
893313
893311
893310
893309
893308
893307
893306
893305
893304
893303
893302
893301
893300
893299
893298
893297
893296
893295
893294
893293
893292
893291
893290
893289
893287
893286
893285
893284
893283
893281
893280
893279
893278
893277
893276
893275
893274
893273
893271
893270
893269
893268
893265
893264
893263
893262
893261
893260
893259
893258
893257
893039
893251
893250
893249
893248
893247
893246
893245
893244
893243
893242
893241
893240
893239
893238
893237
893236
893235
893234
893233
893232
893229
893231
893230
893227
893226
893225
893224
893223
893222
893221
893220
893219
893218
893217
893216
893215
893214
893213
893212
893211
893210
893209
893208
893207
893206
893205
893204
893203
893201
893200
893199
893198
893197
893196
893195
893194
893193
893192
893191
893190
893189
893188
893187
893186
893185
893184
893183
893182
893181
893180
893179
893178
893177
893176
893175
893174
893173
893172
893171
893170
893169
893168
893167
893165
893164
893163
893162
893161
893160
893154
893153
893152
893149
893148
893147
893146
893145
893144
893142
893141
893140
893139
893138
893137
893136
893135
893134
893133
893132
893131
893130
893129
893128
893127
893125
893124
893123
893121
893118
893116
893115
893113
893095
893094
893092
893091
893086
893085
893076
893075
893074
893073
893071
893070
893069
893068
893066
893065
893064
893036
893035
893033
893032
893031
893030
893029
893028
893027
893026
893025
893024
893771
893769
893768
893767
893766
893765
893764
893469
893465
893813
893814
893818
893816
893815
893848
893849
893588
893459
893589
893579
893581
893574
893586
893576
893584
893587
893456
893569
893567
893672
893580
893547
893453
893455
893460
893461
893497
893637
893610
893652
893651
893649
893639
893638
893630
893773
893609
893604
893776
893620
893619
893618
893617
893615
893775
893855
893854
893853
893772
893660
893658
893657
893655
893654
893653
893645
893644
893642
893641
893633
893608
893607
893602
893592
893591
893583
893578
893577
893568
893659
893656
893636
893632
893631
893575
893573
893572
893566
893565
893564
893563
893706
893825
893832
893823
893852
893851
893847
893846
893845
893844
893843
893842
893841
893840
893839
893838
893837
893836
893835
893834
893833
893831
893830
893829
893828
893827
893826
893824
893822
893821
893820
893819
893817
893812
893811
893810
893451
893809
893808
893807
893806
893805
893804
893803
893802
893801
893800
893799
893798
893797
893796
893795
893794
893793
893792
893791
893790
893789
893788
893787
893786
893785
893784
893783
893782
893781
893780
893778
893763
893762
893761
893760
893759
893758
893757
893756
893755
893754
893752
893751
893750
893749
893747
893746
893745
893744
893743
893742
893741
893740
893739
893738
893737
893736
893735
893734
893733
893732
893731
893730
893729
893728
893727
893726
893725
893724
893723
893722
893721
893720
893719
893718
893717
893716
893715
893714
893713
893712
893711
893710
893705
893704
893703
893702
893701
893700
893699
893698
893697
893696
893695
893694
893693
893692
893691
893690
893627
893689
893688
893687
893686
893685
893684
893681
893680
893635
893683
893634
893629
893614
893613
893585
893582
893606
893605
893571
893570
893562
893561
893560
893682
893679
893678
893676
893674
893673
893450
893671
893670
893669
893668
893665
893662
893661
893650
893648
893647
893646
893643
893640
893628
893626
893625
893624
893623
893622
893621
893616
893612
893611
893603
893601
893600
893598
893596
893595
893594
893593
893590
893449
893559
893558
893557
893556
893555
893554
893553
893552
893551
893550
893549
893548
893546
893545
893544
893543
893542
893541
893540
893539
893538
893537
893536
893535
893534
893533
893530
893529
893528
893526
893532
893531
893527
893525
893524
893523
893522
893521
893520
893519
893518
893517
893516
893515
893514
893513
893512
893511
893510
893509
893508
893507
893506
893505
893504
893503
893502
893501
893500
893499
893498
893496
893495
893494
893493
893492
893491
893490
893489
893488
893487
893485
893484
893483
893482
893481
893480
893479
893478
893477
893476
893475
893474
893473
893472
893471
893470
893468
893467
893464
893463
893462
893458
893457
893452
893448
893447
893865
893864
893863
893862
894046
894056
894060
894134
894136
894149
894356
894321
894043
894314
894254
894233
894239
894231
894044
894355
894354
894319
894315
894256
894240
894053
894040
894320
894051
894042
894121
894232
894230
894147
894137
894131
894058
894352
894041
894353
894318
894313
894251
894237
894145
894135
894128
894052
894039
893918
894068
894073
894067
894312
894247
894235
894140
894350
894038
893888
893887
893921
893929
893889
893890
893892
893891
894225
894029
894027
894007
893995
893991
893988
893989
894404
894339
894338
894334
894308
894307
894306
894402
893922
893924
894337
894322
893927
893925
894123
894124
893923
894331
894330
894328
894323
894298
894297
894296
894336
894332
894329
894327
894326
894324
894311
894310
894309
894305
894304
894302
894301
894300
893971
893970
893969
893968
894389
894122
894224
894363
894118
894119
894120
894219
894223
894214
894208
894125
894220
894395
894391
894396
894394
894392
893974
893973
893967
893966
894411
894410
894409
894408
894407
894406
894405
894403
894401
894400
893882
894398
894397
894393
894390
894388
894387
894386
894385
894384
894383
894382
894381
894380
894379
894378
894377
894376
894375
894374
894373
894372
894371
894370
894369
894368
894367
894366
894365
894364
894362
894361
894360
894359
894358
894351
894349
894348
894347
894346
894345
894344
894343
894342
894341
894340
894335
894299
893972
894333
894325
894317
894316
894303
894295
894294
894293
894292
894291
894290
894289
894288
894287
894286
894285
894284
894283
894282
894281
894280
894279
894278
894277
894276
894274
894272
894271
894270
894269
894268
894267
894264
894263
894262
894261
894260
894259
894258
894257
894255
894253
894252
894250
894249
894248
894246
894245
894244
894243
894242
894241
894238
894236
894234
894075
894229
894228
894227
894226
894222
894221
894218
894217
894216
894215
894213
894212
894211
894210
894209
894207
894206
894205
894204
894202
894201
894200
894199
894198
894197
894196
894194
894192
894191
894190
894189
894188
894187
894186
894185
894184
894183
894182
894181
894180
894179
894178
894177
894176
894175
894174
894173
894172
894171
894169
894168
894166
894165
894164
894163
894162
894161
894160
894159
894158
894157
894156
894155
894154
894153
894151
894150
894148
894146
894144
894143
894142
894141
894139
894138
894132
894130
893932
894117
894116
894115
894113
894112
894111
894110
894109
894108
894107
894106
894105
894104
894103
894102
894101
894100
894099
894098
894097
894096
894095
894094
894093
894092
894091
894090
894089
894088
894087
894086
894085
894084
894083
894082
894081
894080
894079
894078
894077
894076
894074
894072
894071
894070
894069
894066
894065
894064
894063
894062
894061
894059
894057
894055
894054
894050
894049
894048
894047
894045
894037
894036
894035
894033
894032
894031
894030
894026
894025
894023
894021
894020
894019
894018
894017
894016
894015
894014
894013
894011
894010
894009
894008
894006
894005
894003
894002
894001
894000
893999
893998
893997
893996
893994
893993
893992
893990
893987
893986
893985
893984
893983
893982
893981
893980
893979
893978
893977
893976
893965
893964
893963
893962
893961
893960
893959
893958
893957
893956
893955
893954
893953
893952
893951
893950
893949
893948
893947
893946
893945
893944
893943
893942
893941
893940
893939
893938
893937
893936
893935
893934
893933
893931
893930
893928
893926
893920
893919
893915
893917
893916
893914
893913
893912
893911
893910
893909
893908
893907
893905
893904
893903
893902
893901
893898
893897
893896
893894
893893
893886
893885
893884
893881
893880
893878
893877
893876
893875
893874
893873
893871
893870
893869
893868
893867
893866
894842
894841
894840
894729
894700
894698
894697
894779
894696
894767
894769
894839
894838
894710
894709
894708
894551
894704
894703
894781
894784
894783
894837
894836
894727
894726
894823
894760
894636
894631
894466
894459
894825
894756
894752
894640
894824
894629
894820
894747
894634
894751
894818
894749
894633
894632
894630
894782
894579
894481
894483
894549
894548
894547
894546
894572
894702
894685
894678
894833
894455
894563
894562
894834
894810
894470
894848
894803
894681
894680
894554
894553
894778
894772
894821
894832
894827
894806
894808
894753
894799
894462
894445
894469
894440
894441
894815
894814
894757
894438
894468
894465
894439
894448
894457
894463
894436
894679
894677
894570
894559
894558
894557
894556
894446
894443
894460
894442
894453
894798
894467
894714
894684
894683
894569
894568
894566
894773
894780
894777
894775
894447
894850
894849
894846
894845
894835
894831
894830
894829
894828
894826
894822
894819
894746
894817
894816
894813
894812
894811
894809
894807
894805
894804
894802
894801
894800
894797
894796
894795
894794
894793
894792
894791
894790
894789
894788
894787
894786
894456
894785
894771
894770
894766
894765
894744
894759
894763
894762
894761
894758
894755
894754
894750
894748
894745
894743
894742
894589
894588
894590
894586
894585
894741
894740
894739
894738
894737
894736
894735
894734
894733
894732
894731
894730
894728
894724
894723
894722
894721
894720
894719
894718
894717
894716
894715
894713
894712
894711
894707
894706
894705
894701
894699
894695
894694
894693
894686
894567
894564
894561
894560
894692
894691
894690
894689
894688
894687
894682
894676
894675
894674
894673
894672
894671
894670
894669
894668
894667
894666
894665
894664
894663
894662
894661
894660
894659
894658
894657
894655
894654
894653
894652
894651
894650
894649
894648
894647
894646
894644
894643
894642
894641
894639
894638
894637
894635
894628
894627
894626
894625
894624
894623
894622
894621
894620
894619
894618
894617
894616
894615
894614
894613
894612
894611
894610
894609
894608
894607
894604
894603
894602
894601
894600
894599
894598
894597
894596
894595
894594
894593
894592
894580
894583
894587
894591
894584
894582
894581
894578
894577
894576
894575
894574
894573
894571
894565
894555
894552
894550
894545
894544
894543
894542
894541
894540
894539
894538
894537
894536
894535
894534
894533
894532
894531
894528
894526
894525
894524
894523
894522
894521
894520
894519
894518
894517
894516
894515
894514
894513
894512
894511
894510
894509
894508
894507
894506
894505
894504
894503
894502
894501
894500
894499
894498
894497
894496
894495
894494
894493
894492
894490
894489
894488
894487
894486
894484
894482
894480
894479
894478
894475
894474
894473
894472
894471
894464
894461
894458
894454
894452
894451
894450
894449
894444
894437
894434
894433
894432
894431
894430
894429
894428
894427
894426
894425
894424
894423
894422
894421
894420
894419
894418
894417
894415
894414
894412
894416
894413
894929
894928
894927
894942
894947
894976
894977
894973
894972
894990
894989
894988
894985
894981
894949
894948
894966
894971
894965
894964
894975
894963
894955
894946
894945
894944
894943
894950
894899
894900
894906
894892
894904
894908
894857
894859
895055
895056
895057
894912
894910
894902
894903
894901
895261
895264
895074
895185
895021
895233
895124
895221
895198
895085
895030
895236
895019
895026
895063
895073
895080
895119
895197
895222
895029
895064
895072
895079
895117
895017
895217
895196
895235
895020
895218
895190
895115
895084
895068
895062
895027
895083
895061
895069
895173
895219
895016
895172
895060
895220
895078
895216
895171
895067
895059
895076
895018
895066
895015
895058
895025
894895
894896
894897
894898
895223
895224
895225
895227
895229
895231
894987
894962
894961
894960
894876
894893
895287
895210
895194
895193
895163
895162
895187
895186
895212
895211
895166
895206
895205
895204
895169
895168
895160
895156
895184
895157
895189
895188
894959
895165
895159
895192
895191
895200
895199
895155
895154
895209
895164
895158
895183
895182
895181
894958
894956
894930
895180
895179
895178
895195
895339
895337
895336
895335
895334
895333
895332
895331
895330
895329
895328
895327
895326
895325
895324
895323
895322
895321
895320
895319
895318
895317
895316
895315
895314
895313
895312
895311
895309
895308
895307
895306
895305
895304
895303
895302
895301
895300
895299
895298
895297
895296
895295
895294
895292
895290
895289
895288
895286
895285
895284
895283
895282
895281
895280
895279
895278
895277
895276
895275
895274
895273
895272
895271
895270
895269
895268
895267
895266
895265
895263
895262
895260
895259
895258
895257
895256
895255
895254
895253
895252
895251
895250
895249
895248
895247
895246
895245
895244
895243
895242
895241
895240
895239
895238
895237
895234
895232
895230
895228
895226
895215
895214
895213
895203
895202
895201
895177
895176
895175
895174
895167
895207
895170
895161
895153
895152
895151
895150
895149
895148
895147
895146
895145
895144
895143
895142
895141
895140
895139
895138
895137
895136
895135
895134
895133
895132
895131
895130
895128
895127
895126
895125
895123
895122
895121
895120
895118
895116
895114
895110
895109
895108
895107
895105
895104
895103
895102
895101
895100
895098
895097
895096
895095
895093
895092
895091
895090
895089
895087
895086
895082
895081
895077
895075
895071
895070
895065
895054
895053
895051
895052
895050
895049
895048
895047
895046
895045
895044
895043
895042
895041
895040
895039
895038
895037
895036
895035
895034
895033
895032
895031
895028
895024
895023
895022
895013
895012
895011
895007
895004
895001
895000
894998
894997
894996
894995
894994
894993
894992
894991
894986
894984
894983
894982
894980
894979
894978
894974
894970
894969
894968
894967
894954
894953
894952
894951
894941
894939
894938
894937
894936
894935
894934
894933
894932
894931
894922
894926
894925
894923
894921
894920
894919
894918
894917
894916
894915
894914
894913
894909
894905
894894
894891
894890
894889
894888
894887
894886
894885
894884
894883
894882
894881
894880
894879
894878
894877
894875
894874
894873
894872
894871
894870
894869
894868
894867
894865
894864
894863
894862
894861
894860
894858
894856
894855
894854
894853
894852
894851
895402
895423
895422
895674
895673
895415
895421
895414
895413
895399
895416
895420
895418
895405
895404
895411
895410
895409
895408
895407
895596
895594
895587
895577
895667
895688
895686
895371
895372
895374
895378
895599
895403
895400
895398
895397
895675
895672
895812
895500
895534
895541
895514
895567
895568
895579
895765
895750
895509
895522
895493
895468
895760
895774
895745
895609
895580
895555
895537
895533
895458
895462
895780
895779
895784
895553
895668
895666
895756
895763
895576
895513
895507
895523
895494
895531
895504
895466
895540
895538
895511
895521
895702
895690
895660
895662
895465
895499
895528
895512
895691
895669
895661
895575
895508
895518
895464
895459
895530
895496
895536
895502
895520
895687
895665
895659
895463
895498
895529
895685
895664
895683
895663
895658
895461
895497
895506
895519
895527
895539
895526
895510
895501
895492
895517
895460
895535
895525
895516
895491
895391
895383
895384
895375
895770
895649
895606
895586
895604
895380
895385
895769
895648
895772
895373
895361
895354
895351
895387
895771
895585
895561
895773
895358
895560
895592
895360
895379
895678
895344
895376
895386
895573
895647
895363
895367
895731
895733
895822
895821
895819
895817
895816
895815
895814
895813
895811
895810
895809
895808
895807
895806
895805
895804
895801
895803
895802
895800
895799
895798
895797
895796
895795
895794
895793
895792
895791
895790
895789
895788
895787
895786
895785
895349
895356
895365
895782
895781
895778
895777
895776
895775
895768
895767
895766
895764
895762
895761
895759
895758
895757
895755
895754
895753
895752
895751
895749
895748
895747
895746
895743
895364
895742
895741
895740
895739
895738
895737
895736
895735
895734
895732
895730
895729
895728
895727
895726
895725
895724
895723
895722
895721
895718
895717
895716
895715
895714
895712
895711
895359
895353
895710
895709
895708
895707
895706
895705
895704
895703
895701
895352
895346
895350
895700
895699
895698
895697
895696
895694
895693
895692
895689
895684
895682
895681
895680
895679
895345
895343
895677
895676
895671
895670
895348
895657
895656
895655
895654
895653
895652
895651
895650
895646
895645
895644
895643
895362
895642
895641
895640
895639
895638
895637
895636
895635
895634
895633
895632
895631
895630
895629
895628
895627
895626
895625
895624
895623
895622
895621
895382
895366
895370
895620
895619
895618
895617
895616
895615
895614
895613
895611
895610
895608
895607
895605
895603
895602
895601
895597
895347
895593
895591
895590
895589
895584
895583
895582
895581
895388
895574
895572
895571
895570
895569
895566
895565
895564
895563
895559
895558
895390
895389
895556
895554
895552
895550
895549
895548
895547
895546
895545
895544
895543
895542
895532
895524
895515
895505
895503
895495
895490
895489
895488
895487
895486
895485
895484
895483
895482
895481
895480
895479
895478
895477
895476
895475
895474
895473
895472
895471
895470
895469
895467
895457
895456
895455
895454
895453
895452
895451
895450
895449
895448
895447
895446
895445
895443
895442
895441
895440
895439
895438
895436
895435
895434
895433
895432
895431
895430
895429
895428
895427
895426
895425
895424
895419
895417
895412
895401
895396
895395
895394
895393
895392
895381
895377
895368
895357
895355
895342
895341
896221
896220
896217
896216
896193
896192
896191
896190
896147
896146
895869
895868
896187
896141
896139
895983
895966
895964
895963
895954
895953
895949
895952
895984
895959
895982
895981
895958
895951
895956
895950
896215
896214
896213
896199
896200
896202
896203
896204
896205
896207
896208
896209
896210
896211
896145
896143
896052
896051
895992
895842
895850
895853
895843
895849
895974
896138
895854
896198
896206
896043
896042
896037
896036
896035
896031
896012
896011
896010
895844
896137
896135
896134
895858
895857
895855
895848
896136
896006
896005
896004
896032
896009
895845
896230
896229
896228
896227
896226
896225
896224
896223
896222
896219
896218
896212
896201
896197
896196
896195
896194
896189
896188
896186
896185
896184
896183
896182
896181
896179
896178
895847
896177
896176
896175
896174
896173
896172
896171
896170
896169
896168
896167
896166
896165
896164
896163
896162
896161
896160
896159
896158
896157
896156
896155
896154
896153
896152
896151
896150
896149
896148
896142
896133
896132
896131
896130
896129
896128
896127
896126
896125
896124
896123
896122
896121
896120
896119
896118
896117
896116
896115
896114
896113
896112
896111
896110
896109
896108
896107
896106
896105
896104
896103
896102
896101
896100
896099
896098
896097
896096
896095
896094
896093
896092
896091
896090
896089
896088
896087
896086
896085
896084
896083
896082
896081
896080
896079
896078
896077
896076
896075
896074
896073
896072
896071
896070
896069
896068
896067
896066
896065
896064
896039
896038
896034
896008
895998
895997
895996
896003
895995
896063
896062
896061
896060
896059
896058
896057
896056
896055
896054
896053
896050
896049
896048
896047
896046
896045
896040
896033
896030
896029
896028
896027
896026
896025
896024
896023
896022
896021
896020
896019
896018
896017
896016
896014
896013
896007
896002
896001
896000
895999
895993
895990
895989
895988
895987
895986
895985
895980
895979
895978
895977
895976
895975
895973
895972
895971
895970
895969
895968
895967
895965
895962
895961
895960
895957
895948
895947
895946
895945
895944
895943
895942
895941
895940
895939
895938
895937
895936
895935
895934
895933
895932
895931
895930
895926
895924
895925
895923
895922
895921
895920
895919
895918
895917
895916
895915
895914
895913
895912
895911
895910
895909
895908
895907
895906
895905
895904
895903
895902
895901
895900
895899
895898
895897
895896
895895
895894
895893
895892
895891
895890
895889
895888
895887
895886
895884
895883
895882
895881
895880
895879
895878
895877
895876
895875
895874
895873
895872
895871
895870
895867
895866
895865
895863
895862
895861
895860
895859
895856
895852
895851
895846
895841
895840
895839
895838
895837
895836
895835
895834
895833
895832
895831
895830
895829
895828
895827
895826
895825
895824
895823
896365
896364
896393
896391
896388
896369
896368
896367
896360
896359
896352
896346
896354
896348
896343
896717
896373
896375
896387
896383
896382
896366
896363
896372
896371
896370
896362
896353
896752
896758
896531
896413
896412
896408
896407
896403
896402
896397
896699
896665
896670
896655
896642
896636
896534
896428
896424
896700
896668
896664
896654
896641
896635
896698
896667
896663
896653
896652
896640
896633
896431
896427
896426
896430
896532
896639
896632
896405
896399
896398
896697
896669
896651
896638
896631
896666
896662
896650
896637
896630
896436
896435
896434
896429
896425
896423
896422
896417
896416
896404
896401
896400
896396
896340
896339
896322
896321
896319
896280
896290
896289
896247
896288
896272
896287
896643
896645
896528
896236
896681
896734
896735
896736
896737
896738
896739
896740
896741
896742
896743
896744
896745
896746
896747
896749
896750
896751
896755
896756
896757
896759
896761
896762
896763
896760
896754
896753
896748
896432
896658
896733
896732
896731
896730
896729
896728
896725
896723
896722
896721
896720
896718
896716
896715
896714
896713
896712
896711
896710
896709
896708
896707
896706
896705
896704
896701
896696
896695
896694
896693
896692
896691
896690
896689
896688
896687
896686
896685
896684
896683
896682
896680
896679
896678
896677
896676
896675
896674
896673
896672
896671
896248
896660
896243
896451
896657
896656
896274
896649
896648
896647
896646
896644
896634
896629
896628
896627
896626
896625
896623
896624
896622
896621
896620
896619
896618
896617
896616
896614
896613
896612
896611
896609
896608
896607
896606
896605
896604
896603
896602
896601
896600
896599
896598
896597
896596
896595
896594
896593
896592
896591
896590
896589
896588
896587
896586
896585
896584
896582
896581
896580
896578
896577
896575
896574
896573
896572
896571
896570
896569
896568
896567
896566
896565
896564
896563
896562
896561
896560
896559
896558
896557
896556
896555
896554
896553
896552
896551
896550
896549
896548
896547
896546
896545
896544
896543
896542
896541
896540
896539
896538
896537
896536
896535
896533
896530
896529
896527
896526
896525
896524
896523
896521
896520
896519
896518
896517
896515
896514
896513
896512
896511
896510
896509
896508
896507
896506
896505
896504
896503
896502
896501
896500
896499
896498
896497
896496
896495
896494
896492
896491
896490
896489
896488
896487
896486
896485
896483
896482
896481
896480
896479
896478
896477
896476
896475
896474
896473
896472
896471
896470
896469
896468
896467
896466
896464
896463
896462
896461
896460
896459
896458
896456
896455
896454
896453
896452
896450
896449
896448
896447
896446
896445
896444
896443
896441
896440
896439
896438
896437
896421
896420
896419
896418
896414
896411
896409
896406
896395
896394
896392
896390
896389
896386
896385
896384
896381
896380
896379
896378
896377
896376
896374
896361
896356
896355
896351
896350
896349
896347
896345
896344
896341
896338
896337
896336
896335
896334
896333
896332
896331
896330
896329
896328
896327
896326
896325
896323
896318
896317
896316
896315
896314
896313
896312
896311
896310
896309
896308
896307
896306
896305
896304
896303
896302
896301
896300
896299
896298
896297
896296
896295
896294
896293
896292
896291
896286
896285
896284
896283
896282
896281
896278
896277
896276
896275
896273
896271
896270
896269
896267
896266
896268
896265
896264
896263
896262
896260
896259
896258
896256
896255
896254
896253
896252
896251
896250
896249
896246
896245
896244
896242
896241
896240
896239
896238
896237
896235
896234
896233
896232
896231
897085
897088
897087
897086
897121
897061
897059
896890
897126
897124
897198
897197
897193
897189
897196
897195
897192
897191
897188
897187
896795
897200
897199
897194
897190
897186
896866
896867
896868
896869
896870
896871
896910
896918
896920
896922
897037
897212
897288
896962
896965
897118
897117
897116
897120
897067
897069
897064
897231
897216
897150
897142
897140
897255
897251
897260
897259
897253
897209
897218
897228
897249
897229
897217
897230
897223
897210
897151
897143
896945
897220
897227
897208
897256
897232
897224
897244
897155
897147
897226
897214
896944
897207
896942
897225
897213
897148
897141
896940
897278
897149
897146
896809
897180
897154
897156
897153
897172
897136
897176
897131
897275
897132
897177
897178
897139
897175
897145
897179
897171
897169
897274
897272
897276
897161
897160
897166
897167
897165
897163
897125
897273
897028
897027
897026
897025
897023
897024
897022
897021
897020
897019
897018
897007
897123
897102
897174
897110
897017
897016
897015
897013
897012
897011
897009
897008
897006
897004
897128
897185
897135
897236
897238
897240
897241
897242
897245
897247
897248
897250
897252
897294
897293
897292
897291
896855
897290
897289
897287
897286
897285
897271
897269
897268
897267
897266
897265
897264
897263
897262
897258
897257
897254
897246
897243
897239
897237
897235
897234
897233
897222
897221
897219
897215
897211
897206
897205
897204
897203
897201
897202
897184
897183
897182
897181
897173
897170
897168
897164
897162
897158
897159
897003
897002
897001
896988
896987
896986
896984
896983
896982
896981
896980
896979
896977
896976
897157
897152
897144
897138
897137
897134
897133
897130
897129
897127
897122
897119
897115
897114
897113
897112
897111
897109
897108
897107
897106
897105
897104
897103
897101
897100
897099
897098
897097
897096
897095
897094
897093
897092
897091
897090
897089
897084
897083
897082
897081
897080
897079
897078
897077
897076
897075
897074
897071
897070
897068
897066
897063
897062
897058
897057
897056
897055
897054
897053
897052
897051
897050
897049
897048
897047
897046
897045
897044
897043
897042
897041
897040
897039
897036
897035
897034
897033
897032
897031
897030
897029
897014
897010
897005
897000
896999
896998
896997
896996
896995
896994
896993
896992
896991
896990
896989
896985
896978
896975
896974
896973
896972
896971
896970
896969
896968
896967
896966
896964
896963
896961
896960
896959
896958
896957
896956
896955
896954
896953
896952
896951
896950
896949
896948
896947
896946
896943
896941
896939
896938
896937
896936
896934
896932
896931
896930
896929
896928
896926
896925
896924
896923
896921
896917
896916
896915
896914
896913
896912
896911
896909
896908
896907
896906
896904
896903
896902
896900
896899
896898
896897
896896
896895
896894
896893
896892
896891
896889
896888
896886
896885
896884
896883
896882
896881
896880
896879
896878
896877
896876
896875
896874
896873
896765
896766
896767
896768
896769
896770
896771
896772
896773
896774
896775
896776
896777
896778
896779
896780
896781
896782
896783
896784
896785
896786
896788
896789
896790
896791
896792
896793
896872
896862
896861
896860
896859
896857
896856
896854
896853
896852
896851
896850
896849
896848
896847
896846
896845
896844
896843
896842
896841
896840
896839
896838
896837
896836
896835
896834
896833
896832
896831
896830
896829
896828
896827
896826
896825
896824
896823
896822
896821
896820
896819
896818
896817
896816
896815
896814
896813
896812
896811
896810
896808
896807
896805
896804
896803
896802
896800
896799
896794
896764
897458
897413
897457
897493
897492
897491
897486
897484
897489
897488
897476
897504
897384
897433
897530
897601
897620
897799
897460
897478
897634
897637
897824
897821
897822
897641
897566
897820
897639
897635
897630
897570
897346
897345
897563
897344
897343
897503
897355
897364
897363
897361
897412
897410
897362
897360
897673
897667
897682
897671
897781
897774
897687
897685
897798
897678
897790
897387
897631
897675
897672
897401
897677
897797
897680
897395
897391
897575
897633
897658
897663
897676
897684
897779
897803
897399
897594
897683
897775
897778
897679
897686
897681
897657
897351
897674
897851
897852
897853
897850
897849
897847
897848
897846
897845
897844
897843
897842
897841
897840
897839
897838
897837
897836
897835
897834
897832
897831
897830
897829
897828
897827
897826
897825
897823
897819
897818
897817
897816
897815
897814
897813
897812
897811
897810
897809
897808
897807
897806
897805
897804
897802
897801
897800
897738
897796
897795
897794
897793
897792
897791
897789
897788
897787
897786
897785
897784
897783
897782
897780
897777
897776
897773
897772
897771
897770
897769
897768
897767
897766
897765
897764
897763
897762
897761
897760
897759
897758
897757
897756
897755
897754
897753
897752
897751
897750
897749
897748
897747
897746
897745
897744
897743
897742
897741
897740
897739
897733
897649
897737
897736
897735
897734
897732
897731
897730
897729
897728
897573
897390
897727
897725
897724
897723
897722
897721
897720
897719
897718
897717
897716
897715
897714
897713
897712
897711
897710
897708
897707
897706
897704
897703
897702
897699
897696
897695
897694
897693
897692
897691
897690
897689
897688
897319
897670
897669
897668
897666
897665
897664
897662
897661
897660
897659
897656
897655
897654
897653
897652
897651
897650
897648
897647
897646
897645
897644
897643
897642
897640
897638
897636
897632
897629
897628
897627
897626
897625
897624
897623
897621
897616
897615
897614
897613
897612
897611
897609
897608
897607
897606
897604
897603
897602
897600
897599
897597
897596
897595
897593
897592
897591
897590
897589
897588
897587
897586
897585
897584
897583
897582
897581
897580
897572
897574
897579
897578
897577
897576
897571
897569
897568
897567
897565
897564
897562
897561
897560
897559
897558
897557
897556
897555
897554
897553
897552
897551
897550
897549
897548
897547
897546
897545
897544
897543
897542
897541
897540
897539
897299
897538
897537
897536
897535
897534
897533
897532
897531
897529
897528
897527
897525
897524
897523
897522
897521
897520
897519
897518
897517
897516
897515
897514
897513
897511
897510
897509
897508
897507
897506
897505
897502
897500
897499
897497
897496
897495
897494
897490
897487
897485
897483
897482
897481
897480
897479
897477
897475
897474
897473
897472
897469
897471
897470
897468
897467
897466
897465
897464
897463
897462
897461
897459
897456
897455
897454
897453
897452
897451
897450
897449
897448
897447
897446
897445
897444
897443
897442
897441
897440
897439
897438
897437
897436
897435
897434
897431
897430
897429
897427
897426
897425
897424
897423
897422
897421
897420
897415
897414
897409
897408
897407
897406
897405
897404
897403
897402
897400
897398
897397
897396
897394
897393
897392
897389
897388
897386
897385
897383
897382
897381
897380
897379
897378
897377
897376
897375
897374
897373
897372
897371
897370
897369
897368
897367
897366
897359
897358
897357
897356
897354
897353
897352
897350
897349
897348
897347
897342
897341
897340
897339
897338
897337
897336
897335
897334
897333
897332
897331
897330
897329
897328
897327
897325
897324
897322
897321
897320
897318
897317
897316
897315
897314
897313
897312
897311
897310
897309
897308
897307
897306
897305
897304
897303
897302
897301
897300
897298
897297
897296
897295
897901
897902
898075
898074
897866
898048
897881
897917
897947
898059
898177
898315
898431
898300
898357
898360
898359
898022
898027
898256
898122
898092
898033
898364
898040
898031
898183
898093
898120
898095
898294
898227
898037
898097
898096
898029
898028
898363
898257
898094
898355
898226
898181
898023
898041
898034
898141
898121
898043
898042
898091
898035
898030
898117
898228
898039
898025
898032
898021
898019
897891
897898
898414
897899
898386
898408
897869
898411
898407
898396
898020
898415
897870
897964
897963
897955
897952
898311
898383
898352
898026
898024
897954
897953
897962
897961
897951
897950
897868
897967
897966
897965
897960
897959
897958
897957
897956
897949
897948
897945
897944
897943
898430
898429
898428
898427
898426
898425
898424
898423
898422
898421
898420
898419
898418
898417
898416
898412
898410
898409
898406
898405
898404
898403
898402
898401
898400
898399
898398
898397
898395
898394
898393
898392
898391
898390
898389
898388
898387
898385
898384
898382
898381
898380
898379
898378
898377
898376
898375
898374
898373
898372
898371
898370
898368
898367
898366
898365
898362
898361
898358
898356
898354
898353
898351
898350
898349
898348
898347
898346
898345
898344
898343
898342
898341
898340
898339
898338
898337
898336
898335
898334
898333
898332
898331
898330
898329
898328
898327
898326
898325
898324
898323
898322
898321
898320
898319
898318
898317
898316
898314
898313
898312
898310
898309
898308
898307
898306
898305
898304
898303
898302
898301
898299
898298
898296
898295
898293
898292
898291
898290
898289
898288
898287
898286
898285
898284
898283
898282
898281
898280
898279
898278
898277
898276
898275
898274
898273
898272
898271
898270
898269
898268
898266
898265
898264
898263
898262
898261
898260
898259
898258
898255
898254
898253
898252
898251
898250
898247
898246
898245
898244
898243
898242
898241
898240
898239
898238
897942
897941
897940
897939
897938
897937
897936
897935
897934
897933
897932
897931
897930
897929
897928
898237
898236
898235
898234
898233
898232
898231
898230
898229
898225
898224
898223
898222
898221
898220
898219
898218
898217
898216
898215
898214
898213
898212
898211
898210
898209
898208
898207
898206
898205
898204
898203
898202
898201
898200
898199
898198
898197
898196
898195
898194
898193
898192
898191
898190
898189
898188
898187
898186
897867
898184
898182
898180
898179
898178
898176
898175
898174
898173
898172
898170
898169
898168
898167
898166
898165
898164
898162
898161
898160
898159
898157
898156
898155
898154
898152
898151
898150
898149
898148
898147
898146
898143
898139
898138
898137
898136
898135
898134
898133
898131
898130
898129
898127
898126
898125
898124
898118
898116
898115
898114
898113
898112
898111
898110
898109
898108
898107
898106
898105
898104
898103
898102
898099
898098
898090
898089
898088
898087
898086
898085
898084
898081
898079
898078
898077
898076
898073
898072
898071
898070
898069
898068
898067
898066
898065
898064
898063
898062
898061
898060
898058
898057
898056
898054
898053
898052
898051
898050
898047
898046
898044
898038
898036
898004
898005
898006
898007
898008
898009
898012
898013
898014
898015
898016
898017
898018
898011
898010
898003
898002
898001
898000
897999
897998
897997
897996
897995
897994
897993
897992
897991
897988
897989
897990
897977
897978
897979
897980
897981
897982
897983
897984
897987
897986
897976
897975
897974
897973
897972
897971
897970
897969
897968
897946
897927
897926
897925
897924
897923
897922
897921
897920
897919
897918
897916
897914
897912
897911
897910
897909
897908
897907
897906
897905
897904
897903
897900
897897
897896
897895
897894
897893
897890
897889
897888
897887
897886
897885
897884
897883
897882
897880
897879
897878
897877
897874
897871
897865
897864
897863
897854
897855
897856
897857
897858
897859
897860
897861
898476
898479
898477
898492
898491
898490
898488
898760
898724
898707
898501
898516
898532
898534
898587
898815
898870
898867
898746
898717
898715
898796
898799
898861
898813
898810
898876
898874
898875
898800
898752
898751
898725
898594
898828
898826
898873
898794
898722
898718
898721
898616
898608
898877
898830
898825
898688
898681
898675
898729
898719
898797
898713
898814
898745
898720
898617
898602
898597
898686
898682
898674
898869
898691
898680
898673
898606
898595
898750
898712
898860
898801
898871
898798
898812
898821
898829
898600
898614
898672
898679
898687
898872
898866
898605
898827
898819
898690
898593
898811
898795
898723
898716
898714
898743
898685
898607
898599
898683
898603
898671
898598
898474
898881
898880
898879
898704
898705
898450
898453
898868
898865
898864
898863
898576
898571
898839
898862
898844
898857
898577
898574
898570
898572
898569
898558
898557
898556
898858
898843
898448
898447
898446
898444
898442
898832
898566
898559
898555
898554
898565
898560
898553
898549
898537
898541
898540
898856
898891
898890
898889
898888
898887
898886
898885
898884
898883
898882
898878
898859
898855
898854
898853
898851
898850
898849
898848
898847
898846
898845
898841
898840
898838
898837
898836
898835
898834
898833
898831
898824
898823
898822
898820
898818
898817
898816
898809
898808
898543
898542
898561
898552
898550
898547
898546
898539
898538
898807
898806
898805
898804
898802
898793
898792
898791
898790
898789
898788
898787
898786
898785
898784
898783
898782
898781
898780
898778
898777
898776
898775
898774
898773
898772
898771
898770
898769
898767
898766
898765
898764
898763
898762
898759
898757
898756
898755
898753
898749
898748
898747
898744
898742
898738
898739
898740
898741
898737
898736
898735
898734
898733
898731
898730
898726
898711
898710
898709
898708
898706
898703
898702
898701
898700
898699
898698
898697
898696
898695
898694
898693
898692
898689
898684
898678
898677
898676
898670
898669
898668
898667
898666
898665
898664
898663
898662
898661
898660
898659
898658
898657
898656
898655
898654
898653
898652
898651
898650
898649
898648
898647
898646
898645
898644
898643
898642
898641
898640
898639
898638
898637
898636
898635
898634
898633
898632
898631
898629
898628
898627
898626
898625
898624
898622
898621
898620
898619
898618
898615
898613
898612
898611
898610
898609
898604
898601
898592
898591
898590
898589
898588
898586
898584
898583
898581
898580
898578
898573
898548
898575
898564
898563
898562
898551
898544
898536
898535
898533
898531
898530
898529
898528
898527
898526
898525
898524
898522
898521
898520
898519
898518
898517
898515
898514
898513
898512
898511
898510
898509
898508
898507
898506
898505
898504
898503
898502
898500
898499
898498
898497
898496
898494
898487
898484
898483
898482
898481
898480
898478
898475
898473
898472
898471
898470
898469
898468
898467
898466
898465
898464
898463
898462
898461
898460
898459
898458
898457
898456
898455
898454
898452
898451
898449
898443
898441
898439
898438
898437
898436
898435
898434
898433
898432
899290
899000
898990
898989
898986
898981
899210
899178
899166
899292
899174
899161
899287
899284
899213
899184
899196
899157
899288
899285
899194
899183
899180
899173
899162
899158
899197
899282
899179
899167
899175
899182
899214
899176
899169
899172
899163
899263
899262
899279
899042
899044
899071
899078
898995
899034
899070
899156
898996
899281
899289
898994
899032
899170
899168
899043
899160
899155
898993
899177
899165
899171
899159
899278
899074
899153
899181
899190
898964
898967
898966
898968
898910
898909
898908
899293
899294
899295
899296
899297
899298
899299
899300
899301
899302
899303
899304
899305
899306
899307
899308
899309
899310
899311
899331
899330
899329
899328
899327
899326
899325
899324
899323
899322
899321
899320
899319
899318
899317
899316
899315
899314
899313
899312
899241
899240
899238
899233
899232
899230
899229
899227
899226
899222
899332
899286
899283
899280
899277
899275
899274
899273
899272
899270
899145
899144
899143
899142
899207
899206
899205
899204
899192
899189
899188
899268
899267
899266
899265
899264
899261
899260
899259
899258
899257
899256
899255
899254
899253
899252
899251
899250
899248
899247
899246
899245
899244
899243
899242
899224
899223
899218
899221
899219
899216
899215
899239
899237
899236
899235
899234
899231
899228
899225
899220
899217
899212
899211
899209
899208
899203
899202
899201
899200
899199
899198
899195
899193
899191
899187
899186
899185
899164
899154
899152
899151
899150
899149
899148
899147
899146
899141
899139
899138
899137
899136
899135
899132
899130
899128
899127
899125
899124
899083
899085
899084
899082
899079
899077
899123
899122
899120
899119
899118
899117
899116
899115
899114
899111
899110
899109
899107
899106
899105
899102
899101
899099
899098
899097
899096
899095
899094
899093
899092
899091
899090
899089
899087
899086
899075
899073
899072
899069
899066
899065
899063
899062
899061
899060
899081
899080
899068
899067
899064
899059
899058
899056
899055
899054
899053
899052
899051
899050
899049
899048
899047
899046
899045
899041
899040
899039
899038
899037
899036
899035
899033
899031
899030
899029
899028
899027
899026
899025
899024
899023
899022
899021
899020
899018
899017
899016
899015
899014
899013
899012
899011
899010
899009
899008
899007
899006
899005
899004
899003
899001
898999
898998
898997
898992
898991
898988
898987
898985
898984
898983
898980
898978
898977
898976
898975
898974
898973
898972
898971
898970
898969
898963
898962
898961
898960
898959
898958
898957
898956
898955
898954
898953
898952
898951
898950
898949
898948
898947
898946
898945
898944
898943
898942
898941
898940
898939
898937
898936
898935
898934
898933
898932
898931
898930
898929
898928
898927
898926
898924
898923
898922
898921
898920
898919
898918
898917
898916
898915
898914
898913
898912
898911
898907
898906
898905
898904
898903
898902
898893
898894
898895
898896
898897
898898
898899
898900
898901
898892
899528
899499
899498
899501
899497
899496
899504
899503
899502
899495
899494
899491
899490
899500
899493
899492
899476
899475
899474
899473
899472
899481
899480
899479
899443
899442
899456
899461
899460
899466
899465
899489
899488
899487
899483
899482
899471
899470
899469
899468
899467
899455
899454
899453
899449
899448
899486
899485
899484
899478
899477
899452
899451
899450
899419
899420
899464
899463
899462
899459
899458
899457
899439
899437
899435
899433
899432
899427
899416
899415
899431
899430
899429
899418
899417
899397
899395
899394
899393
899770
899778
899780
899775
899702
899698
899696
899694
899692
899691
899711
899708
899707
899772
899771
899785
899784
899446
899423
899783
899782
899781
899359
899777
899779
899344
899342
899769
899776
899717
899714
899718
899713
899565
899562
899547
899340
899361
899364
899383
899570
899569
899602
899613
899671
899712
899751
899754
899627
899626
899624
899616
899663
899710
899701
899664
899623
899603
899628
899752
899615
899709
899608
899670
899591
899596
899614
899747
899625
899668
899620
899703
899600
899595
899705
899665
899607
899592
899522
899519
899521
899520
899366
899438
899441
899436
899374
899373
899372
899787
899786
899766
899765
899764
899763
899762
899761
899699
899697
899695
899693
899690
899689
899688
899760
899759
899758
899757
899756
899755
899753
899750
899749
899748
899746
899745
899744
899743
899742
899741
899740
899739
899738
899737
899736
899735
899734
899733
899732
899731
899730
899729
899728
899727
899726
899725
899724
899723
899722
899720
899721
899719
899716
899371
899370
899706
899704
899687
899686
899685
899684
899683
899682
899681
899680
899679
899678
899677
899676
899675
899674
899673
899672
899669
899666
899661
899659
899658
899653
899652
899651
899649
899648
899647
899646
899645
899642
899641
899640
899639
899638
899637
899636
899635
899633
899632
899631
899630
899629
899622
899621
899619
899618
899617
899612
899611
899610
899609
899606
899605
899604
899601
899598
899597
899594
899593
899590
899589
899588
899587
899586
899585
899584
899582
899581
899580
899579
899578
899577
899576
899575
899574
899573
899572
899571
899568
899567
899566
899564
899563
899561
899559
899558
899557
899556
899555
899554
899553
899552
899551
899550
899549
899548
899545
899544
899543
899542
899541
899540
899539
899538
899537
899536
899535
899534
899533
899532
899531
899530
899529
899527
899526
899524
899525
899523
899518
899517
899516
899515
899514
899512
899511
899510
899509
899508
899507
899506
899505
899447
899445
899444
899440
899434
899428
899426
899425
899424
899422
899421
899414
899413
899412
899411
899410
899409
899408
899407
899406
899405
899404
899403
899402
899401
899400
899399
899398
899392
899391
899390
899389
899388
899387
899386
899385
899384
899382
899381
899380
899379
899378
899377
899376
899375
899367
899365
899363
899362
899360
899358
899357
899356
899355
899354
899353
899352
899351
899350
899349
899348
899347
899346
899343
899341
899339
899338
899337
899336
899335
899334
899333
899990
899983
900024
900023
899986
900037
900036
900029
900027
900033
900021
900020
900014
899898
899818
899817
899919
899915
900005
900002
899997
900019
900018
900016
899788
899816
899979
899993
900012
900009
900032
899813
900286
900274
900115
900067
900167
900255
900254
900227
900137
900135
900130
900046
900044
900259
900253
900257
900047
899935
899930
900252
900226
900048
899933
900043
899934
900256
900234
900045
899931
899929
899988
899972
899975
900054
899814
899903
899902
899901
899899
899789
899790
899791
900271
900270
900269
900268
900267
900266
900265
900263
900262
900261
900260
900258
900244
900243
900242
900241
900240
900239
900238
900237
900236
900235
900233
900208
900207
900134
900133
900132
900131
900129
900128
900264
900232
900231
900229
900209
900206
900205
900204
900182
900181
900180
900194
900193
900197
900196
900192
900191
900183
900190
900189
900284
900283
900282
900281
900280
900279
900278
900277
900276
900275
900273
900272
900228
900214
900213
900212
900211
900210
900203
900202
900201
900200
900179
900178
900177
900176
900175
900174
900173
900172
900171
900170
900251
900250
900249
900248
900247
900246
900245
900225
900224
900222
900221
900220
900219
900218
900217
900216
900215
900199
900195
900188
900186
900185
900184
900168
900166
900164
900163
900162
900161
900160
900158
900157
900155
900154
900153
900152
900151
900150
900149
900148
900147
900146
900145
900143
900144
900142
900141
900139
900138
900136
900127
900126
900125
900124
900123
900122
900121
900120
900119
900118
900117
900114
900113
900112
900111
900110
900109
900107
900106
900105
900104
900103
900102
900101
900100
900098
900097
900096
900095
900094
900093
900092
900090
900086
900084
900083
900082
900081
900080
900078
900077
900076
900074
900073
900072
900071
900070
900069
900068
900066
900065
900064
900063
900062
900061
900060
900059
900057
900053
900052
900051
900050
900049
900042
900041
900040
900038
900034
900031
900030
900028
900025
900022
900017
900015
900013
900011
900010
900008
900007
900006
900004
900003
900001
900000
899999
899998
899996
899995
899994
899992
899991
899989
899987
899985
899984
899982
899981
899980
899978
899977
899976
899974
899973
899971
899970
899969
899968
899967
899966
899965
899964
899963
899962
899961
899960
899959
899958
899957
899956
899955
899954
899953
899951
899950
899949
899947
899946
899945
899944
899942
899941
899940
899939
899937
899936
899932
899928
899926
899925
899924
899923
899922
899921
899920
899918
899917
899914
899913
899912
899911
899910
899906
899905
899904
899900
899897
899896
899895
899894
899893
899892
899891
899890
899888
899887
899886
899885
899884
899883
899882
899881
899880
899879
899878
899877
899876
899875
899874
899873
899872
899871
899870
899869
899868
899867
899866
899865
899864
899863
899862
899861
899860
899859
899858
899857
899856
899855
899854
899853
899852
899851
899850
899849
899848
899847
899846
899845
899844
899843
899842
899841
899840
899839
899838
899837
899836
899835
899834
899833
899832
899831
899830
899829
899828
899827
899826
899825
899824
899823
899822
899821
899820
899819
899815
899812
899811
899810
899808
899807
899806
899805
899804
899803
899802
899801
899800
899799
899798
899797
899796
899795
899794
899793
899792
900595
900593
900556
900552
900592
900589
900587
900585
900584
900597
900544
900483
900316
900410
900551
900439
900437
900434
900471
900520
900479
900394
900392
900382
900526
900517
900469
900627
900624
900620
900613
900604
900470
900433
900628
900623
900619
900611
900607
900445
900436
900388
900380
900524
900519
900480
900626
900615
900610
900606
900393
900391
900376
900518
900459
900476
900438
900625
900618
900612
900603
900473
900448
900386
900379
900575
900617
900600
900602
900474
900472
900440
900389
900377
900384
900375
900609
900622
900614
900599
900383
900370
900360
900586
900574
900323
900598
900616
900621
900608
900605
900601
900590
900588
900596
900583
900582
900581
900580
900579
900577
900573
900576
900572
900562
900561
900558
900557
900555
900554
900553
900550
900549
900548
900547
900546
900545
900543
900542
900541
900540
900539
900537
900535
900533
900532
900531
900530
900529
900528
900525
900523
900515
900514
900513
900512
900511
900510
900508
900506
900505
900504
900499
900498
900497
900495
900493
900492
900491
900490
900489
900487
900486
900485
900484
900482
900478
900477
900475
900468
900467
900466
900465
900464
900463
900462
900461
900460
900458
900457
900456
900455
900452
900451
900450
900447
900446
900444
900443
900442
900441
900435
900432
900431
900430
900429
900428
900427
900426
900423
900422
900421
900420
900419
900417
900416
900415
900414
900413
900412
900411
900409
900408
900407
900406
900405
900404
900403
900402
900401
900400
900399
900398
900397
900396
900395
900390
900387
900385
900381
900378
900374
900373
900372
900371
900369
900367
900366
900365
900363
900362
900359
900358
900357
900355
900354
900353
900352
900351
900350
900348
900347
900346
900345
900344
900343
900342
900341
900340
900339
900338
900337
900336
900335
900334
900333
900332
900331
900329
900328
900327
900326
900325
900324
900322
900321
900320
900319
900318
900317
900315
900314
900313
900312
900310
900309
900308
900307
900306
900304
900303
900302
900301
900298
900297
900296
900295
900294
900293
900292
900291
900290
900289
900288
900287
900648
900647
900646
900629
900650
900826
900894
900740
900737
900731
900891
900872
900729
900726
900736
900728
900871
900893
900892
900870
900739
900733
900730
900719
900904
900900
900899
900725
900717
900732
900724
900869
900738
900723
900901
900897
900906
900903
900898
900905
900896
900720
900722
900634
900633
900632
900713
900764
900763
900762
900761
900760
900759
900758
900757
900637
900636
900635
900640
900639
900638
900657
900658
900659
900756
900755
900754
900753
900752
900751
900750
900749
900748
900747
900746
900745
900743
900908
900907
900902
900895
900890
900889
900888
900887
900886
900885
900884
900883
900882
900881
900880
900879
900878
900877
900876
900875
900874
900873
900868
900867
900866
900865
900864
900863
900862
900860
900859
900858
900857
900856
900855
900854
900853
900852
900851
900850
900849
900848
900847
900846
900845
900844
900843
900842
900841
900840
900839
900838
900837
900836
900835
900834
900833
900832
900830
900829
900828
900827
900825
900823
900821
900820
900819
900818
900817
900816
900815
900814
900813
900812
900811
900810
900809
900808
900807
900806
900803
900800
900799
900797
900796
900795
900793
900792
900791
900790
900789
900788
900787
900786
900785
900784
900783
900782
900780
900779
900778
900777
900776
900775
900774
900773
900772
900771
900770
900769
900768
900767
900766
900765
900742
900741
900735
900734
900727
900721
900718
900716
900715
900714
900712
900711
900710
900709
900708
900707
900706
900705
900704
900702
900701
900700
900699
900698
900697
900696
900695
900694
900693
900692
900691
900690
900689
900688
900687
900686
900685
900684
900683
900682
900681
900679
900678
900677
900676
900675
900674
900673
900672
900671
900670
900669
900668
900667
900666
900665
900664
900663
900662
900661
900660
900656
900655
900654
900653
900652
900651
900645
900644
900643
900642
900641
900630
901051
901229
901215
901231
901230
901212
901228
901225
901213
901226
901214
901027
901029
901036
901043
901048
901050
901057
901054
901097
901047
901092
901227
901210
901041
901033
901098
901045
901224
901211
901028
901223
901209
901099
901091
901049
901053
901046
901044
901042
901038
901030
901222
901208
901039
901035
901032
901095
901026
901009
901008
901007
901006
901001
901000
901010
901003
900997
900996
900995
900994
900993
900991
900990
900984
900983
900981
900977
900974
900971
900956
900952
900951
900950
900949
900999
900998
900992
900989
900980
900979
900973
900972
900955
900948
900947
900938
900936
900935
900934
901201
901202
901203
901204
901262
901261
901260
901259
901258
901257
901256
901255
901254
901253
901252
901251
901250
901249
901248
901247
901246
901245
901244
901243
901242
901241
901240
901239
901238
901237
901236
901235
901234
901233
901232
901221
901220
901219
900988
900987
900986
900985
900982
900975
900954
900953
900941
900940
900939
900937
900933
900932
901218
901217
901216
901207
901200
901199
901198
901197
901196
901195
901194
901193
901192
901191
901190
901189
901188
901187
901186
901185
901183
901182
901181
901180
901179
901178
901177
901176
901175
901174
901173
901172
901171
901170
901169
901168
901167
901166
901165
901164
901163
901162
901160
901159
901158
901156
901155
901154
901153
901152
901151
901150
901149
901148
901147
901146
901145
901144
901142
901141
901140
901139
901138
901137
901136
901135
901134
901133
901131
901126
901124
901123
901122
901121
901120
901119
901118
901117
901116
901115
901114
901113
901112
901111
901110
901109
901108
901107
901106
901105
901103
901101
901100
901096
901094
901090
901089
901088
901087
901086
901085
901084
901083
901082
901081
901080
901079
901078
901077
901076
901075
901074
901073
901072
901071
901070
901069
901068
901067
901066
901065
901064
901063
901062
901061
901060
901059
901058
901056
901055
901052
901040
901037
901034
901031
901025
901024
901023
901022
901021
901020
901019
901018
901017
901014
901013
901012
901011
901005
901004
901002
900978
900976
900970
900968
900967
900966
900965
900964
900963
900962
900961
900959
900958
900957
900946
900945
900944
900943
900942
900931
900930
900929
900928
900927
900926
900925
900924
900923
900922
900921
900920
900919
900917
900916
900915
900914
900913
900912
900911
900910
900909
901322
901321
901319
901318
901274
901271
901272
901270
901316
901312
901309
901304
901313
901306
901311
901314
901268
901486
901485
901541
901616
901604
901613
901605
901614
901602
901612
901611
901603
901581
901576
901456
901455
901358
901610
901598
901463
901454
901354
901609
901596
901579
901577
901462
901355
901608
901601
901580
901575
901465
901453
901353
901607
901600
901578
901574
901464
901357
901457
901523
901508
901507
901505
901504
901503
901518
901517
901381
901382
901384
901387
901388
901389
901390
901391
901393
901395
901396
901398
901399
901400
901401
901402
901403
901404
901405
901406
901407
901408
901626
901625
901624
901623
901622
901621
901619
901618
901606
901597
901595
901599
901594
901593
901592
901591
901590
901589
901588
901587
901586
901585
901584
901583
901582
901573
901572
901571
901569
901567
901566
901565
901564
901562
901561
901559
901558
901556
901555
901554
901553
901552
901551
901550
901549
901548
901547
901546
901543
901542
901539
901538
901537
901536
901535
901534
901533
901532
901531
901530
901529
901528
901527
901526
901524
901522
901519
901521
901520
901515
901514
901513
901511
901501
901500
901499
901498
901497
901496
901495
901494
901493
901492
901491
901490
901489
901488
901487
901484
901483
901482
901480
901478
901476
901475
901474
901473
901472
901470
901469
901468
901461
901460
901459
901458
901452
901451
901450
901449
901448
901447
901446
901445
901444
901443
901442
901441
901440
901439
901438
901436
901435
901434
901433
901432
901431
901430
901429
901428
901426
901425
901424
901423
901422
901421
901420
901419
901418
901417
901416
901415
901414
901413
901412
901397
901394
901392
901386
901385
901383
901380
901379
901378
901377
901376
901375
901374
901373
901372
901371
901370
901369
901368
901367
901366
901365
901364
901363
901362
901361
901360
901359
901356
901352
901351
901350
901349
901348
901347
901346
901345
901344
901343
901342
901341
901317
901315
901310
901308
901307
901305
901303
901302
901301
901300
901299
901297
901296
901295
901294
901293
901292
901291
901290
901289
901288
901287
901286
901285
901284
901283
901282
901281
901280
901279
901278
901277
901276
901275
901273
901269
901267
901265
901264
901263
902024
902009
902007
901992
901833
901986
901980
901984
901974
902078
902025
902006
901998
901885
901786
901785
901781
901730
901784
902000
901783
901777
901718
902023
901997
901979
901963
901891
901884
901722
901732
901727
901983
901966
901894
901994
901883
901876
902004
901995
901999
901982
901965
901890
901721
901964
901779
902003
901996
901977
901961
901889
902002
901729
901881
901993
901976
901958
901888
901878
901728
902077
902076
902075
902073
901875
901872
901724
901737
901739
902071
902070
902060
902058
902057
902056
902055
902054
902053
902048
902047
902045
902044
902043
902042
902040
902039
902038
902037
902036
902035
901741
902017
902016
902015
901740
901870
901841
901843
902096
902095
902094
902092
902090
902088
902087
902086
902085
902084
902083
902082
902081
902080
902079
902074
902069
902068
902067
902066
902065
902064
902063
902062
902061
902059
902052
902051
902050
902049
902046
902041
902034
902033
902032
902031
902030
902029
902028
902027
902026
902022
902021
902014
902013
902012
902011
902010
902008
902005
902001
901991
901990
901989
901988
901987
901985
901981
901978
901975
901973
901972
901971
901970
901969
901967
901962
901960
901959
901957
901956
901955
901954
901953
901952
901951
901950
901949
901948
901947
901946
901945
901944
901943
901942
901941
901939
901938
901937
901936
901935
901934
901933
901932
901931
901930
901929
901928
901927
901926
901925
901924
901923
901922
901921
901920
901919
901918
901917
901916
901911
901910
901909
901908
901907
901906
901904
901903
901902
901901
901900
901899
901898
901896
901895
901893
901892
901887
901886
901882
901880
901879
901877
901874
901873
901871
901869
901868
901867
901866
901865
901864
901863
901862
901861
901860
901859
901858
901857
901856
901855
901854
901853
901852
901851
901850
901849
901848
901847
901846
901845
901844
901840
901839
901838
901837
901836
901835
901834
901832
901831
901830
901829
901828
901827
901826
901825
901824
901823
901822
901821
901820
901819
901818
901816
901815
901814
901813
901812
901811
901810
901809
901808
901807
901806
901804
901803
901802
901801
901800
901799
901798
901797
901796
901795
901793
901792
901791
901790
901789
901788
901787
901782
901778
901776
901775
901774
901773
901772
901771
901770
901769
901768
901767
901766
901765
901764
901763
901762
901761
901760
901759
901758
901757
901756
901755
901754
901753
901752
901751
901750
901749
901748
901747
901746
901745
901744
901743
901742
901738
901736
901735
901734
901733
901731
901726
901725
901723
901720
901719
901717
901716
901715
901714
901713
901712
901711
901710
901709
901708
901706
901705
901704
901703
901702
901701
901700
901699
901697
901696
901695
901694
901692
901691
901690
901689
901688
901687
901686
901685
901684
901683
901682
901681
901680
901679
901678
901677
901676
901675
901674
901673
901672
901671
901670
901669
901667
901666
901665
901664
901663
901662
901661
901660
901659
901658
901657
901656
901655
901654
901653
901652
901651
901650
901649
901648
901647
901646
901645
901644
901643
901642
901640
901639
901638
901636
901635
901634
901633
901632
901631
901630
901629
901628
901627
902427
902425
902378
902377
902376
902375
902374
902372
902435
902434
902433
902432
902413
902370
902282
902437
902391
902369
902366
902361
902289
902287
902320
902431
902429
902423
902420
902388
902422
902385
902371
902350
902286
902242
902241
902279
902277
902273
902275
902274
902331
902326
902321
902301
902295
902272
902271
902270
902314
902380
902139
902233
902439
902393
902240
902239
902438
902518
902103
902104
902105
902106
902122
902166
902338
902347
902348
902444
902526
902267
902265
902262
902254
902251
902248
902221
902182
902414
902447
902445
902442
902409
902408
902222
902179
902443
902407
902400
902397
902395
902441
902190
902406
902399
902261
902252
902189
902181
902177
902187
902178
902440
902446
902180
902402
902186
902176
902396
902392
902269
902268
902264
902263
902259
902253
902246
902245
902219
902175
902401
902398
902258
902257
902256
902255
902250
902249
902244
902243
902184
902185
902174
902183
902173
902238
902237
902515
902514
902513
902512
902510
902509
902507
902506
902501
902504
902503
902500
902499
902498
902496
902493
902489
902487
902486
902484
902483
902482
902481
902480
902478
902477
902473
902475
902474
902472
902471
902470
902469
902468
902467
902228
902226
902225
902466
902465
902464
902463
902462
902461
902220
902218
902217
902162
902164
902532
902531
902530
902529
902528
902525
902524
902523
902460
902452
902457
902451
902522
902521
902520
902519
902517
902516
902511
902508
902505
902502
902497
902495
902494
902492
902491
902490
902488
902485
902479
902476
902459
902458
902456
902455
902454
902453
902449
902448
902436
902430
902426
902424
902421
902419
902418
902417
902416
902415
902412
902411
902410
902405
902404
902403
902390
902389
902387
902384
902383
902382
902373
902368
902367
902365
902364
902363
902362
902360
902359
902358
902356
902354
902353
902352
902351
902349
902345
902344
902343
902342
902341
902340
902339
902337
902336
902335
902334
902333
902332
902330
902329
902327
902325
902324
902322
902319
902318
902317
902316
902315
902313
902312
902311
902310
902309
902308
902306
902305
902304
902303
902302
902300
902299
902298
902297
902296
902294
902293
902292
902291
902290
902288
902285
902284
902283
902281
902280
902278
902276
902266
902247
902236
902235
902232
902231
902230
902229
902227
902224
902223
902216
902215
902214
902213
902212
902210
902209
902208
902207
902206
902205
902204
902203
902202
902201
902200
902199
902198
902197
902196
902195
902194
902193
902192
902191
902188
902172
902171
902169
902168
902167
902163
902161
902160
902159
902158
902156
902155
902154
902153
902152
902151
902150
902149
902148
902147
902146
902145
902144
902143
902142
902141
902138
902137
902136
902135
902134
902133
902132
902131
902130
902129
902128
902126
902125
902123
902120
902119
902118
902117
902116
902111
902112
902113
902114
902115
902110
902109
902108
902107
902102
902101
902100
902099
902097
902965
902903
902902
902678
902674
902599
902604
902603
902682
902756
902757
902758
902761
902812
902823
902824
902850
902851
902855
902858
902860
902866
902876
902960
902777
902633
902628
902624
902620
902617
902612
902773
902631
902626
902621
902614
902771
902630
902627
902623
902619
902616
902613
902611
902622
902618
902768
902717
902712
902714
902711
902668
902970
902892
902887
902879
902878
902877
902874
902873
902904
902829
902827
902843
902842
902841
902840
902839
902838
902602
902598
902942
902940
902969
902968
902967
902966
902964
902963
902962
902961
902958
902957
902956
902955
902954
902953
902952
902951
902950
902949
902948
902947
902946
902945
902943
902939
902938
902937
902936
902935
902934
902933
902932
902931
902930
902929
902928
902927
902926
902925
902924
902923
902922
902921
902920
902919
902918
902917
902916
902915
902914
902913
902912
902911
902910
902909
902908
902907
902906
902905
902901
902900
902837
902836
902835
902832
902831
902899
902898
902897
902896
902895
902894
902891
902890
902889
902886
902885
902884
902883
902882
902881
902880
902875
902872
902871
902870
902869
902868
902867
902865
902863
902859
902857
902856
902854
902853
902852
902849
902848
902847
902846
902845
902844
902834
902825
902822
902821
902819
902818
902817
902816
902815
902814
902813
902809
902808
902807
902806
902805
902804
902803
902802
902801
902800
902799
902798
902797
902796
902793
902792
902791
902790
902789
902788
902787
902786
902785
902784
902783
902782
902780
902779
902778
902776
902775
902772
902769
902766
902764
902763
902755
902754
902753
902752
902751
902750
902749
902748
902747
902746
902745
902744
902743
902742
902741
902740
902739
902738
902737
902736
902735
902734
902733
902732
902731
902730
902729
902728
902727
902726
902725
902724
902723
902722
902721
902720
902719
902718
902716
902715
902713
902710
902708
902707
902706
902705
902704
902702
902701
902700
902699
902698
902697
902696
902695
902694
902693
902692
902691
902690
902689
902688
902687
902686
902685
902684
902683
902681
902680
902679
902677
902676
902675
902673
902672
902671
902670
902669
902667
902666
902665
902664
902663
902644
902643
902642
902662
902661
902660
902659
902658
902657
902656
902655
902654
902653
902652
902651
902650
902649
902648
902647
902646
902645
902641
902640
902638
902637
902639
902636
902635
902634
902632
902629
902625
902615
902610
902609
902608
902607
902601
902600
902597
902596
902595
902605
902594
902593
902592
902591
902590
902589
902588
902587
902586
902585
902584
902583
902582
902581
902580
902579
902577
902576
902575
902574
902572
902571
902570
902569
902568
902567
902566
902565
902564
902563
902562
902561
902560
902558
902557
902556
902555
902554
902552
902551
902549
902548
902547
902545
902544
902543
902542
902541
902540
902539
902538
902537
902536
902535
902534
902533
903520
903528
903518
903544
903543
903541
903433
903431
903521
903008
903185
903184
903107
903106
903105
903104
902972
903420
903340
903341
903349
903382
903394
903438
903445
903537
903539
903418
903218
903417
903512
903504
903416
903306
903224
903141
903139
903143
903150
903149
903146
903411
903308
903217
903533
903408
903410
903538
903500
903510
903304
903216
903529
903412
903302
903147
903138
903142
903409
903215
903148
903140
903137
903182
903070
903095
903067
902994
903506
903527
903626
903625
903618
903617
903616
903615
903614
903613
903612
903604
903603
903387
903388
903602
903601
903597
903596
903594
903593
903591
903391
903575
903573
903572
903498
903194
903195
903632
903631
903641
903640
903639
903638
903637
903636
903634
903633
903630
903629
903627
903624
903623
903622
903621
903620
903619
903611
903610
903609
903608
903607
903606
903599
903598
903590
903589
903588
903587
903586
903585
903584
903581
903580
903579
903578
903577
903576
903574
903571
903570
903569
903568
903567
903566
903565
903564
903563
903562
903561
903560
903559
903558
903557
903556
903555
903554
903553
903552
903551
903550
903549
903548
903547
903546
903545
903542
903540
903536
903535
903534
903532
903531
903530
903526
903525
903524
903522
903519
903517
903516
903515
903514
903513
903511
903509
903508
903505
903503
903502
903501
903499
903497
903496
903495
903494
903493
903492
903491
903490
903489
903488
903487
903486
903485
903484
903483
903482
903481
903480
903479
903478
903477
903476
903474
903475
903473
903472
903471
903470
903469
903468
903467
903466
903465
903464
903463
903462
903461
903460
903459
903458
903457
903456
903455
903454
903453
903452
903451
903450
903449
903448
903447
903444
903443
903442
903441
903440
903437
903436
903435
903434
903432
903430
903429
903428
903427
903426
903425
903424
903423
903422
903421
903419
903415
903414
903413
903407
903406
903405
903404
903403
903402
903401
903400
903399
903398
903397
903396
903395
903393
903392
903390
903389
903386
903384
903383
903380
903379
903378
903377
903376
903375
903374
903373
903372
903371
903370
903369
903368
903367
903366
903364
903363
903362
903361
903359
903358
903357
903356
903355
903354
903350
903348
903347
903346
903345
903344
903343
903342
903338
903337
903336
903335
903334
903333
903331
903330
903329
903328
903327
903325
903324
903323
903322
903321
903320
903319
903318
903317
903316
903315
903314
903313
903312
903311
903310
903309
903307
903305
903303
903301
903300
903299
903297
903296
903295
903294
903293
903292
903291
903290
903289
903288
903287
903286
903285
903284
903283
903282
903281
903280
903279
903278
903277
903276
903275
903274
903273
903272
903271
903270
903269
903268
903267
903266
903265
903264
903263
903262
903260
903259
903258
903257
903256
903255
903253
903252
903251
903250
903248
903247
903246
903245
903244
903243
903242
903241
903240
903238
903237
903236
903235
903234
903233
903232
903231
903230
903227
903226
903225
903229
903228
903223
903222
903221
903220
903219
903214
903213
903212
903211
903210
903209
903208
903207
903206
903205
903204
903203
903202
903201
903200
903199
903198
903197
903196
903193
903192
903191
903190
903189
903188
903187
903186
903183
903181
903180
903178
903177
903176
903175
903174
903173
903172
903171
903170
903169
903168
903167
903166
903165
903164
903163
903162
903161
903160
903159
903158
903157
903156
903155
903154
903153
903152
903151
903145
903144
903136
903135
903134
903133
903132
903131
903130
903129
903128
903127
903126
903125
903124
903123
903122
903121
903120
903119
903118
903117
903115
903114
903113
903112
903111
903110
903109
903108
903103
903102
903101
903100
903099
903098
903097
903096
903094
903093
903092
903091
903090
903089
903088
903087
903086
903085
903084
903083
903082
903081
903080
903079
903078
903077
903076
903075
903074
903073
903072
903071
903069
903068
903066
903065
903063
903062
903061
903060
903059
903058
903057
903056
903055
903054
903053
903052
903051
903050
903049
903048
903047
903046
903045
903044
903043
903042
903041
903040
903039
903038
903037
903036
903035
903034
903033
903032
903031
903030
903029
903028
903027
903026
903025
903024
903023
903022
903021
903020
903019
903018
903017
903016
903015
903014
903013
903012
903011
903010
903009
903007
903006
903005
903004
903003
903001
903000
902999
902998
902997
902996
902995
902993
902992
902990
902989
902987
902986
902985
902984
902983
902982
902981
902980
902979
902977
902976
902975
902971
903986
903984
903991
903990
903989
903988
903982
903979
903977
903976
903824
903826
903828
903832
903833
903843
903849
903852
903859
903860
903861
903862
903863
903865
903945
903937
903763
903752
903909
903901
903894
903876
903935
903895
903875
903908
903902
903757
903944
903907
903900
903890
903874
903767
903794
903759
903933
903903
903906
903898
903893
903934
903905
903886
903795
903768
903760
903758
903751
903750
903888
903793
903873
903756
903891
903749
903762
903792
903904
903887
903879
903881
903882
903929
903932
903931
903930
903914
903918
903917
903916
903885
903884
903883
903921
903920
903919
904016
904014
904013
904012
904005
904004
904011
904010
904009
904008
904007
904003
904002
904001
904000
904015
903766
903769
904035
904034
904033
904032
904031
904030
904029
904028
904027
904026
904025
904024
904023
904022
904018
904017
904006
903999
903998
903997
903996
903995
903994
903993
903992
903987
903985
903983
903981
903978
903974
903973
903972
903971
903970
903969
903968
903967
903966
903964
903962
903961
903960
903959
903958
903957
903956
903955
903954
903953
903951
903950
903949
903948
903952
903947
903946
903943
903942
903941
903940
903939
903938
903927
903924
903923
903922
903915
903913
903912
903911
903910
903899
903897
903896
903880
903877
903892
903889
903878
903871
903870
903869
903868
903867
903864
903858
903857
903856
903855
903854
903853
903851
903850
903848
903847
903846
903845
903844
903842
903841
903840
903839
903838
903837
903836
903835
903834
903831
903830
903829
903827
903823
903822
903821
903820
903819
903818
903817
903815
903813
903812
903811
903810
903809
903808
903807
903806
903804
903802
903801
903800
903799
903798
903797
903796
903791
903790
903789
903788
903787
903786
903785
903784
903783
903782
903781
903780
903779
903777
903776
903775
903774
903772
903773
903771
903770
903765
903764
903761
903755
903754
903753
903748
903747
903746
903745
903744
903743
903742
903741
903740
903739
903738
903737
903736
903735
903734
903732
903731
903730
903729
903728
903727
903726
903725
903724
903723
903722
903721
903720
903719
903718
903716
903715
903714
903713
903711
903710
903709
903708
903707
903706
903705
903704
903703
903702
903701
903700
903699
903698
903697
903696
903695
903694
903693
903692
903691
903690
903689
903688
903687
903686
903685
903684
903683
903682
903681
903680
903679
903678
903677
903676
903675
903674
903673
903672
903671
903670
903669
903668
903667
903666
903665
903663
903662
903647
903648
903649
903650
903651
903652
903653
903654
903655
903657
903658
903659
903660
903661
903656
903644
903642
904189
904188
904301
904294
904187
904186
904400
904402
904405
904406
904347
904340
904339
904338
904329
904393
904396
904369
904366
904365
904328
904323
904317
904275
904289
904274
904288
904269
904284
904290
904458
904418
904463
904461
904467
904466
904451
904442
904430
904424
904419
904417
904409
904345
904170
904464
904460
904428
904423
904415
904413
904449
904447
904434
904378
904321
904308
904465
904462
904459
904426
904420
904416
904412
904311
904375
904320
904319
904450
904445
904432
904429
904344
904377
904318
904312
904167
904124
904169
904433
904448
904443
904427
904422
904343
904117
904410
904168
904316
904310
904441
904425
904421
904414
904411
904342
904374
904315
904307
904166
904376
904314
904309
904372
904313
904306
904398
904397
904395
904394
904336
904335
904334
904333
904332
904330
904286
904285
904277
904473
904472
904471
904470
904469
904468
904456
904455
904454
904453
904452
904444
904438
904360
904357
904356
904355
904354
904353
904408
904407
904404
904403
904399
904392
904391
904390
904389
904388
904387
904386
904385
904384
904383
904382
904381
904380
904379
904373
904371
904370
904368
904352
904351
904350
904349
904346
904364
904363
904362
904361
904359
904358
904278
904280
904281
904282
904337
904326
904325
904322
904305
904304
904300
904299
904298
904297
904296
904295
904196
904293
904291
904273
904272
904271
904270
904268
904267
904266
904265
904264
904263
904261
904260
904259
904258
904256
904253
904252
904251
904250
904249
904248
904247
904246
904245
904243
904239
904238
904237
904236
904235
904234
904233
904232
904231
904230
904229
904228
904227
904226
904225
904224
904223
904222
904221
904220
904219
904218
904217
904216
904215
904214
904212
904211
904210
904209
904208
904207
904206
904205
904204
904203
904202
904201
904200
904199
904197
904195
904194
904193
904192
904184
904183
904182
904181
904180
904179
904178
904177
904176
904175
904174
904173
904172
904171
904165
904164
904120
904163
904162
904161
904160
904159
904158
904157
904155
904154
904153
904152
904151
904150
904148
904147
904146
904145
904144
904143
904142
904141
904140
904139
904138
904137
904136
904135
904134
904133
904132
904131
904130
904129
904128
904127
904126
904125
904123
904122
904121
904119
904118
904116
904115
904114
904113
904111
904110
904109
904108
904107
904106
904105
904104
904103
904102
904101
904100
904099
904098
904097
904096
904095
904094
904093
904092
904091
904090
904089
904088
904087
904086
904085
904084
904083
904082
904081
904080
904079
904078
904077
904076
904075
904074
904073
904072
904071
904070
904069
904068
904066
904064
904063
904062
904061
904060
904059
904058
904055
904054
904053
904052
904051
904050
904049
904047
904046
904045
904044
904043
904042
904041
904040
904039
904038
904037
904036
904869
904868
904844
904839
904825
904863
904861
904833
904829
904823
904858
904879
904877
904638
904640
904642
904637
904636
904634
904633
904632
904536
904535
904534
904859
904873
904689
904687
904602
904575
904548
904653
904654
904655
904656
904657
904767
904761
904644
904613
904819
904857
904862
904765
904759
904756
904755
904606
904822
904760
904754
904645
904611
904763
904762
904612
904864
904646
904817
904753
904758
904752
904757
904610
904693
904692
904691
904790
904781
904750
904749
904778
904789
904867
904866
904865
904856
904855
904854
904853
904851
904850
904849
904848
904847
904846
904845
904843
904842
904841
904840
904838
904837
904836
904835
904774
904773
904834
904832
904831
904830
904828
904827
904824
904818
904816
904815
904796
904795
904792
904791
904788
904780
904776
904772
904771
904770
904769
904751
904748
904747
904745
904744
904742
904741
904814
904813
904811
904810
904799
904798
904797
904793
904794
904783
904782
904779
904777
904746
904743
904740
904739
904738
904878
904876
904481
904482
904881
904880
904875
904874
904870
904808
904807
904806
904805
904804
904803
904802
904801
904800
904787
904786
904785
904784
904775
904768
904766
904764
904737
904736
904735
904734
904733
904732
904731
904730
904729
904728
904727
904726
904725
904724
904719
904718
904717
904715
904714
904711
904710
904709
904708
904707
904706
904705
904704
904703
904702
904701
904700
904699
904698
904697
904696
904695
904690
904688
904686
904685
904684
904683
904682
904681
904680
904679
904678
904677
904676
904675
904674
904673
904672
904671
904670
904669
904668
904667
904666
904665
904664
904663
904662
904661
904660
904659
904652
904651
904650
904649
904648
904647
904643
904641
904639
904631
904630
904629
904628
904627
904625
904624
904623
904622
904621
904620
904619
904618
904617
904616
904615
904609
904608
904607
904605
904604
904603
904601
904600
904599
904598
904597
904596
904595
904594
904593
904592
904591
904590
904589
904588
904587
904586
904585
904584
904583
904582
904581
904580
904579
904578
904577
904576
904574
904573
904572
904571
904570
904569
904568
904567
904566
904565
904564
904563
904562
904561
904560
904559
904558
904557
904556
904555
904554
904552
904551
904550
904549
904547
904546
904544
904543
904542
904540
904539
904538
904537
904533
904532
904529
904528
904527
904526
904525
904524
904523
904522
904521
904520
904518
904517
904516
904515
904513
904512
904511
904510
904509
904508
904507
904506
904505
904504
904503
904502
904501
904500
904499
904498
904497
904496
904489
904488
904487
904486
904480
904479
904478
904477
904476
904475
904474
905262
904897
904896
905295
905294
905317
905303
905238
905314
905306
905302
905301
905300
905299
905298
905341
905340
905339
905338
905297
905296
905319
905318
905228
905225
905385
905372
905158
905384
905405
905403
905400
905378
905376
905375
905231
905146
905056
905052
905046
905404
905399
905402
905371
905155
905382
905045
905401
905381
905369
905232
905157
905147
905415
905414
905413
905412
905411
905410
905409
905408
905407
905406
905043
905215
905380
905156
905050
905042
905374
905041
905326
905009
905008
905006
905209
905208
905005
905004
904951
904953
904958
904960
904962
905218
905217
905216
905212
905188
905170
905167
905003
905002
905166
905178
905181
905398
905397
905396
905395
905394
905393
905392
905391
905427
905426
905425
905424
905423
905422
905421
905420
905203
905202
905186
905184
905176
904997
905390
905389
905388
905387
905386
905379
905377
905373
905370
905368
905367
905366
905365
905364
905363
905362
905361
905360
905359
905358
905357
905356
905355
905354
905353
905352
905351
905350
905349
905348
905346
905345
905289
905287
905286
905285
905284
905283
905279
905278
905277
905275
905266
905264
905263
905129
905128
905127
905126
905124
905135
905134
905133
905131
905220
905219
905214
905213
905211
905207
905190
905172
905174
905164
905163
905007
905001
905000
904999
904998
904996
904995
904994
904992
904991
904989
904988
904987
904986
904985
904984
904983
905434
905323
905322
905433
905432
905431
905428
905419
905418
905417
905416
905383
905347
905344
905343
905342
905337
905336
905335
905334
905333
905332
905331
905330
905329
905325
905324
905224
905223
905222
905221
905210
905169
905162
904993
904990
905321
905320
905316
905315
905313
905312
905311
905310
905309
905308
905307
905305
905304
905154
905291
905290
905288
905282
905281
905280
905276
905274
905273
905272
905271
905270
905269
905267
905261
905260
905258
905257
905255
905253
905252
905251
905250
905249
905248
905247
905246
905245
905244
905243
905242
905230
905229
905227
905226
905206
905153
905205
905204
905201
905200
905199
905198
905197
905196
905195
905194
905193
905192
905191
905189
905187
905185
905183
905182
905180
905179
905177
905175
905173
905171
905168
905165
905161
905160
905159
905152
905151
905150
905149
905148
905145
905144
905143
905022
905024
905034
905033
905023
905021
905142
905141
905140
905136
905130
905123
905122
905121
905120
905119
905118
905117
905116
905115
905114
905113
905112
905111
905110
905108
905107
905106
905105
905104
905103
905102
905101
905100
905099
905098
905097
905096
905095
905094
905093
905092
905091
905090
905089
905088
905087
905086
905085
905084
905083
905082
905081
905080
905079
905078
905077
905076
905075
905074
905073
905072
905071
905070
905069
905068
905067
905066
905065
905064
905063
905062
905061
905060
905059
905057
905055
905054
905053
905051
905049
905048
905047
905044
905040
905039
905038
905032
905031
905030
905029
905028
905026
905025
905020
905019
905018
905017
905016
905014
905011
905010
904980
904979
904978
904977
904976
904975
904974
904973
904972
904971
904970
904969
904968
904967
904966
904964
904963
904961
904957
904956
904955
904954
904952
904950
904949
904948
904947
904946
904945
904944
904943
904942
904941
904940
904939
904938
904937
904936
904935
904934
904933
904932
904931
904930
904929
904927
904926
904925
904924
904923
904922
904920
904919
904918
904917
904916
904915
904914
904913
904912
904910
904908
904907
904906
904905
904904
904903
904902
904901
904900
904899
904898
904893
904894
904895
904892
904891
904890
904889
904888
904887
904886
904885
904884
904883
904882
905765
905764
905667
905664
905763
905762
905663
905665
905674
905672
905675
905826
905817
905816
905912
905911
905910
905903
905909
905801
905789
905788
905913
905902
905901
905796
905792
905783
905777
905690
905644
905642
905592
905587
905908
905780
905730
905802
905914
905799
905797
905786
905779
905591
905734
905691
905773
905768
905686
905907
905795
905785
905778
905772
905638
905906
905769
905771
905590
905800
905794
905791
905787
905782
905733
905905
905776
905767
905685
905637
905589
905798
905793
905790
905784
905781
905775
905732
905687
905770
905766
905680
905636
905588
905896
905895
905894
905893
905900
905899
905898
905897
905904
905885
905884
905892
905889
905890
905580
905579
905888
905886
905874
905868
905855
905578
905577
905576
905557
905887
905883
905873
905858
905856
905551
905550
905872
905871
905870
905869
905568
905567
905566
905565
905867
905866
905575
905574
905564
905562
905552
905864
905863
905862
905860
905865
905573
905572
905571
905570
905569
905561
905560
905559
905549
905548
905919
905918
905917
905916
905915
905880
905879
905877
905876
905875
905861
905859
905857
905854
905852
905851
905850
905849
905848
905847
905846
905845
905844
905843
905842
905841
905840
905839
905838
905837
905836
905835
905834
905833
905832
905831
905830
905829
905828
905827
905825
905824
905823
905822
905821
905819
905818
905815
905814
905813
905812
905811
905810
905809
905808
905807
905806
905805
905804
905803
905774
905761
905760
905759
905758
905757
905756
905755
905754
905753
905752
905751
905750
905749
905748
905747
905746
905745
905744
905743
905742
905741
905739
905738
905737
905736
905735
905681
905731
905729
905728
905727
905726
905725
905724
905723
905722
905721
905720
905719
905718
905717
905716
905715
905714
905713
905712
905711
905710
905709
905708
905707
905706
905705
905704
905703
905702
905700
905699
905698
905697
905696
905695
905694
905693
905692
905689
905688
905684
905683
905682
905679
905678
905677
905676
905671
905670
905669
905668
905666
905662
905661
905660
905659
905658
905657
905656
905655
905654
905653
905652
905651
905650
905649
905648
905647
905646
905645
905643
905641
905640
905639
905635
905634
905633
905632
905631
905630
905629
905628
905627
905626
905625
905624
905623
905622
905621
905620
905619
905618
905617
905616
905615
905614
905613
905612
905611
905610
905609
905608
905607
905606
905605
905604
905603
905602
905601
905600
905599
905598
905597
905596
905595
905594
905593
905586
905585
905584
905583
905582
905581
905563
905558
905556
905555
905554
905553
905547
905546
905545
905544
905543
905542
905541
905540
905538
905537
905533
905532
905530
905529
905536
905535
905534
905531
905528
905526
905525
905524
905523
905522
905521
905519
905518
905517
905515
905513
905512
905511
905509
905508
905507
905506
905505
905504
905503
905502
905501
905500
905499
905498
905491
905497
905496
905495
905494
905493
905492
905490
905489
905488
905487
905486
905485
905484
905483
905482
905481
905480
905479
905478
905477
905476
905475
905474
905473
905472
905470
905469
905468
905467
905466
905465
905464
905463
905462
905461
905460
905459
905458
905457
905456
905455
905454
905453
905452
905451
905450
905449
905448
905447
905446
905445
905444
905443
905441
905440
905439
905438
905437
905436
905435
906057
906055
905981
905983
905982
906370
906359
906051
906048
906047
906044
906249
906252
906255
906257
905980
906076
906075
906154
906155
906081
906080
906153
906083
905955
906013
906254
906151
906082
905956
905959
906079
906204
906208
906210
906211
906212
906214
906209
906213
906205
906185
906182
905957
905958
905961
905960
905943
905936
905935
905947
905946
905944
905969
905964
905963
905945
905942
905941
905937
905938
905939
906235
906236
906394
906393
906377
906376
906375
906374
906372
905934
905933
905931
906407
906406
906404
906403
906402
906401
906400
906399
906196
906352
906351
906366
906365
906364
906363
906395
906396
906397
906398
905950
905953
905954
905940
905948
905949
906258
906369
906367
906357
906234
906233
906232
906231
905972
905971
905970
905952
905951
906347
906173
906171
906170
906165
906163
906161
906157
906156
906152
906150
906149
906148
906144
906141
906140
906139
906138
906137
906136
906135
906133
906130
906128
906127
906126
906125
906124
906122
906121
906113
906111
906108
906405
906392
906391
906390
906389
906388
906386
906385
906384
906383
906382
906381
906379
906378
906362
906361
906356
906355
906354
906353
906350
906349
906348
906346
906336
906334
906333
906327
906326
906325
906324
906323
906322
906321
906320
906319
906316
906315
906314
906313
906312
906311
906310
906309
906308
906307
906306
906305
906304
906303
906302
906301
906300
906299
906298
906297
906296
906295
906294
906293
906292
906291
906290
906289
906288
906286
906285
906284
906283
906282
906281
906280
906279
906278
906277
906276
906275
906274
906273
906272
906271
906270
906269
906268
906267
906266
906265
906264
906263
906262
906261
906260
906259
906256
906251
906248
906247
906246
906244
906243
906242
906241
906240
906239
906237
906224
906223
906229
906228
906227
906226
906225
906222
906220
906219
906218
906217
906216
906215
906207
906206
906203
906200
906199
906198
906197
906195
906194
906192
906191
906190
906189
906188
906187
906186
906184
906183
906181
906180
906179
906178
906177
906176
906175
906174
906172
906169
906168
906167
906166
906164
906162
906160
906159
906158
906147
906146
906143
906142
906134
906132
906129
906123
906120
906119
906118
906117
906116
906115
906114
906112
906110
906109
906107
906106
906104
906103
906102
906100
906099
906098
906097
906096
906095
906094
906093
906092
906091
906090
906089
906088
906087
906086
906085
906084
906078
906077
906074
906073
906072
906070
906069
906068
906067
906066
906065
906064
906063
906062
906061
906060
906059
906058
906056
906053
906049
906045
906043
906042
906041
906040
906039
906038
906037
906036
906035
906034
906033
906028
906029
906030
906031
906032
906027
906026
906025
906024
906023
906022
906021
906020
906019
906018
906017
906016
906015
906012
906011
906010
906009
906008
906007
906006
906005
906004
906003
906002
906001
906000
905999
905998
905997
905996
905995
905994
905993
905992
905991
905990
905989
905988
905987
905986
905985
905984
905979
905978
905977
905976
905975
905974
905973
905968
905967
905966
905965
905962
905930
905929
905928
905926
905921
905920
