324862
324861
324860
324859
324858
324857
324856
324855
324854
324853
324852
324851
324850
324849
324848
324847
324846
324845
324844
324843
324842
324841
324840
324839
324838
324837
324836
324835
324834
324833
324832
324831
324830
324829
324828
324827
324826
324825
324824
324823
324822
324821
324820
324819
324818
324817
324816
324815
324814
324813
324812
324811
324810
324808
324806
324805
324804
324803
324802
324801
324800
324799
324798
324797
324796
324794
324793
324792
324791
324790
324789
324788
324787
324786
324782
324780
324779
324778
324777
324775
324774
324773
324771
324770
