599677
599626
599698
599796
599817
599667
599799
599759
599816
599815
599814
599776
599765
599763
599762
599760
599753
599752
599747
599746
599745
599744
599743
599741
599733
599727
599717
599726
599724
599732
599767
599797
599777
599775
599774
599773
599771
599769
599757
599656
599715
599705
599693
599674
599670
599668
599819
599798
599675
599694
599809
599808
599807
599778
599806
599800
599665
599663
599635
599822
599739
599737
599736
599735
599823
599820
599821
599818
599813
599812
599672
599719
599810
599811
599671
599662
599666
599658
599669
599805
599804
599803
599802
599801
599794
599793
599789
599742
599730
599731
599729
599728
599795
599792
599791
599788
599787
599786
599785
599783
599782
599781
599780
599779
599772
599770
599768
599766
599764
599761
599751
599750
599748
599740
599725
599723
599664
599718
599720
599716
599713
599712
599700
599701
599702
599710
599709
599708
599707
599706
599704
599699
599697
599696
599695
599692
599691
599690
599689
599687
599686
599685
599684
599683
599682
599681
599680
599679
599678
599676
599673
599661
599660
599659
599655
599654
599653
599652
599649
599650
599651
599648
599647
599646
599645
599644
599643
599642
599641
599640
599639
599638
599636
599637
599634
599633
599632
599631
599630
599629
599627
599625
599624
599623
599622
599621
