324222
324221
324220
324219
324218
324217
324216
324215
324214
324213
324212
324211
324210
324294
324293
324292
324291
324290
324289
324288
324287
324286
324285
324284
324281
324280
324279
324278
324277
324276
324275
324274
324273
324272
324233
324238
324265
324271
324270
324269
324268
324267
324266
324264
324263
324262
324261
324259
324258
324257
324256
324255
324254
324253
324252
324251
324250
324249
324247
324246
324245
324244
324242
324241
324240
324239
324237
324236
324235
324232
324231
324230
324228
324229
324227
324226
324225
324224
324223
324209
324208
324207
324206
324205
324204
324203
324202
324201
324200
324199
