926347
926351
926146
926145
926144
926143
926306
926300
926298
926297
926338
926334
926331
926326
926243
926242
926333
926332
926241
926239
926237
926329
926235
926296
926295
926287
926224
926182
926339
926328
926286
926240
926221
926236
926337
926330
926294
926234
926222
926288
926285
926223
926181
926356
926355
926354
926350
926353
926352
926358
926357
926349
926348
926362
926361
926365
926363
926367
926366
926304
926302
926317
926305
926299
926318
926319
926343
926342
926341
926360
926359
926346
926345
926344
926275
926192
926193
926195
926256
926261
926265
926266
926267
926268
926270
926321
926257
926259
926264
926263
926277
926258
926271
926340
926314
926313
926312
926315
926309
926336
926335
926327
926325
926324
926323
926322
926320
926310
926311
926316
926308
926307
926303
926301
926269
926293
926292
926291
926290
926289
926284
926283
926282
926281
926280
926276
926274
926273
926272
926262
926260
926254
926252
926251
926249
926248
926247
926246
926245
926238
926233
926231
926230
926229
926228
926227
926226
926225
926220
926219
926218
926217
926216
926215
926213
926212
926209
926208
926207
926206
926205
926204
926203
926202
926201
926200
926199
926198
926197
926196
926194
926191
926188
926187
926186
926184
926183
926180
926179
926178
926177
926176
926175
926174
926173
926172
926171
926170
926169
926168
926167
926166
926165
926164
926163
926162
926161
926160
926158
926157
926156
926155
926154
926153
926152
926151
926150
926149
926141
926140
926139
926138
926137
926136
926135
926134
926133
926132
926131
926130
926129
926128
926127
926126
926125
926124
926123
926122
926121
926120
926117
926116
926115
926114
926113
926112
926111
926110
926109
926108
926107
926106
926105
926104
926103
926102
926101
926100
926099
926098
926097
926096
926094
926093
926092
926091
926090
926089
926088
926087
926086
926085
926084
926083
926082
926081
926080
926079
926078
926077
926076
926075
926074
926073
926072
926070
926069
926068
926067
926064
926063
926062
926061
926060
926059
926057
926056
926055
926054
926053
926052
926051
926050
926049
926048
926047
926046
926044
926043
926042
926041
926040
926039
926038
