329368
329367
329366
329365
329364
329363
329362
329361
329360
329359
329358
329357
329356
329432
329431
329430
329429
329428
329427
329426
329425
329424
329423
329421
329420
329419
329418
329417
329416
329415
329414
329413
329411
329410
329409
329408
329407
329406
329405
329397
329401
329403
329404
329402
329400
329399
329398
329391
329381
329390
329394
329393
329392
329389
329388
329387
329386
329385
329384
329383
329382
329380
329379
329378
329377
329376
329375
329374
329373
329372
329371
329370
329369
329355
329354
329353
329350
329347
329346
