326047
326037
326036
326035
326034
326033
326032
326031
326030
326029
326028
326027
326026
326025
326024
326023
326022
326021
326020
326019
326018
326017
326016
326015
326014
326013
326012
326011
326010
326009
326008
326007
326006
326005
326004
326003
326094
326091
326089
326088
326087
326086
326085
326084
326083
326082
326045
326062
326081
326080
326079
326078
326077
326076
326075
326074
326073
326072
326071
326069
326068
326067
326066
326065
326064
326063
326061
326060
326059
326058
326057
326056
326055
326054
326052
326051
326050
326049
326048
326046
326044
326043
326042
326041
326040
326039
326038
325999
326000
326001
326002
325996
325997
325998
325995
325994
325993
325992
325991
325990
325989
325988
325987
325985
325983
325982
325981
325980
325979
325978
325977
325975
325974
325973
325972
325971
325970
325969
