331911
331910
331909
331908
331907
331906
331905
331904
331903
331902
331901
331900
331898
331897
331896
331895
331894
331885
331886
331887
331888
331889
331890
331891
331892
331893
331884
331883
331882
331873
331879
331881
331880
331878
331877
331876
331875
331874
331872
331871
331870
331869
331868
331867
331866
331865
331864
331863
331862
331861
331860
331859
331858
331857
331856
331855
331854
331853
331852
331851
331850
331849
331848
331847
331846
331845
331843
331842
331841
331840
331839
331838
