328575
328619
328623
328622
328621
328620
328618
328617
328616
328615
328614
328613
328612
328611
328610
328609
328608
328607
328606
328605
328604
328603
328602
328601
328599
328598
328597
328596
328593
328592
328591
328590
328589
328588
328587
328586
328585
328584
328583
328582
328581
328580
328579
328578
328577
328576
328574
328561
328566
328573
328572
328571
328570
328569
328568
328567
328565
328564
328563
328562
328560
328559
328558
328557
328556
328555
328542
328541
328540
328539
328538
328537
