599388
599387
599525
599511
599469
599521
599509
599457
599557
599564
599563
599562
599561
599560
599559
599558
599432
599437
599449
599519
599322
599308
599330
599348
599397
599408
599414
599431
599492
599502
599539
599538
599537
599536
599535
599534
599446
599444
599443
599533
599528
599526
599512
599506
599505
599504
599503
599501
599477
599499
599497
599472
599470
599466
599419
599406
599620
599619
599532
599531
599545
599540
599527
599548
599580
599578
599579
599577
599575
599572
599576
599574
599573
599571
599570
599569
599568
599567
599566
599565
599597
599598
599599
599596
599595
599594
599593
599592
599591
599590
599589
599588
599587
599544
599546
599549
599618
599617
599616
599615
599614
599613
599612
599609
599586
599600
599585
599584
599583
599582
599581
599556
599555
599554
599553
599552
599364
599547
599386
599418
599448
599542
599543
599550
599551
599541
599530
599524
599523
599520
599516
599515
599514
599513
599507
599498
599484
599491
599482
599481
599500
599490
599496
599495
599494
599493
599489
599488
599487
599485
599483
599479
599478
599476
599475
599474
599473
599471
599468
599467
599465
599464
599463
599462
599461
599460
599459
599458
599456
599454
599453
599452
599451
599445
599442
599441
599440
599436
599435
599434
599428
599422
599420
599371
599430
599427
599426
599425
599424
599417
599416
599385
599415
599407
599412
599411
599410
599409
599405
599403
599401
599400
599399
599395
599396
599389
599384
599390
599394
599393
599392
599391
599383
599382
599381
599380
599379
599378
599377
599376
599375
599374
599370
599368
599367
599365
599320
599358
599359
599360
599361
599362
599363
599357
599355
599351
599353
599354
599356
599352
599350
599349
599347
599346
599345
599344
599343
599342
599341
599340
599339
599338
599337
599335
599334
599333
599332
599331
599329
599328
599327
599326
599325
599324
599321
599323
599319
599318
599314
599317
599316
599315
599313
599312
599306
599310
599309
599305
599677
599626
599698
599796
599817
599667
599799
599759
599816
599815
599814
599776
599765
599763
599762
599760
599753
599752
599747
599746
599745
599744
599743
599741
599733
599727
599717
599726
599724
599732
599767
599797
599777
599775
599774
599773
599771
599769
599757
599656
599715
599705
599693
599674
599670
599668
599819
599798
599675
599694
599809
599808
599807
599778
599806
599800
599665
599663
599635
599822
599739
599737
599736
599735
599823
599820
599821
599818
599813
599812
599672
599719
599810
599811
599671
599662
599666
599658
599669
599805
599804
599803
599802
599801
599794
599793
599789
599742
599730
599731
599729
599728
599795
599792
599791
599788
599787
599786
599785
599783
599782
599781
599780
599779
599772
599770
599768
599766
599764
599761
599751
599750
599748
599740
599725
599723
599664
599718
599720
599716
599713
599712
599700
599701
599702
599710
599709
599708
599707
599706
599704
599699
599697
599696
599695
599692
599691
599690
599689
599687
599686
599685
599684
599683
599682
599681
599680
599679
599678
599676
599673
599661
599660
599659
599655
599654
599653
599652
599649
599650
599651
599648
599647
599646
599645
599644
599643
599642
599641
599640
599639
599638
599636
599637
599634
599633
599632
599631
599630
599629
599627
599625
599624
599623
599622
599621
