329300
329345
329344
329343
329340
329338
329337
329336
329335
329334
329333
329332
329331
329310
329330
329329
329327
329326
329324
329323
329322
329321
329320
329319
329318
329317
329316
329315
329314
329313
329312
329311
329309
329308
329307
329306
329305
329251
329254
329258
329260
329298
329303
329304
329302
329301
329299
329297
329296
329295
329294
329293
329292
329291
329290
329289
329288
329287
329286
329285
329284
329283
329282
329281
329280
329279
329278
329277
329276
329275
329274
329273
329272
329271
329270
329269
329268
329267
329266
329265
329264
329263
329262
329261
329259
329257
329256
329255
329253
329252
329250
329249
329246
329245
329243
329242
329241
329240
329239
329238
