905262
904897
904896
905295
905294
905317
905303
905238
905314
905306
905302
905301
905300
905299
905298
905341
905340
905339
905338
905297
905296
905319
905318
905228
905225
905385
905372
905158
905384
905405
905403
905400
905378
905376
905375
905231
905146
905056
905052
905046
905404
905399
905402
905371
905155
905382
905045
905401
905381
905369
905232
905157
905147
905415
905414
905413
905412
905411
905410
905409
905408
905407
905406
905043
905215
905380
905156
905050
905042
905374
905041
905326
905009
905008
905006
905209
905208
905005
905004
904951
904953
904958
904960
904962
905218
905217
905216
905212
905188
905170
905167
905003
905002
905166
905178
905181
905398
905397
905396
905395
905394
905393
905392
905391
905427
905426
905425
905424
905423
905422
905421
905420
905203
905202
905186
905184
905176
904997
905390
905389
905388
905387
905386
905379
905377
905373
905370
905368
905367
905366
905365
905364
905363
905362
905361
905360
905359
905358
905357
905356
905355
905354
905353
905352
905351
905350
905349
905348
905346
905345
905289
905287
905286
905285
905284
905283
905279
905278
905277
905275
905266
905264
905263
905129
905128
905127
905126
905124
905135
905134
905133
905131
905220
905219
905214
905213
905211
905207
905190
905172
905174
905164
905163
905007
905001
905000
904999
904998
904996
904995
904994
904992
904991
904989
904988
904987
904986
904985
904984
904983
905434
905323
905322
905433
905432
905431
905428
905419
905418
905417
905416
905383
905347
905344
905343
905342
905337
905336
905335
905334
905333
905332
905331
905330
905329
905325
905324
905224
905223
905222
905221
905210
905169
905162
904993
904990
905321
905320
905316
905315
905313
905312
905311
905310
905309
905308
905307
905305
905304
905154
905291
905290
905288
905282
905281
905280
905276
905274
905273
905272
905271
905270
905269
905267
905261
905260
905258
905257
905255
905253
905252
905251
905250
905249
905248
905247
905246
905245
905244
905243
905242
905230
905229
905227
905226
905206
905153
905205
905204
905201
905200
905199
905198
905197
905196
905195
905194
905193
905192
905191
905189
905187
905185
905183
905182
905180
905179
905177
905175
905173
905171
905168
905165
905161
905160
905159
905152
905151
905150
905149
905148
905145
905144
905143
905022
905024
905034
905033
905023
905021
905142
905141
905140
905136
905130
905123
905122
905121
905120
905119
905118
905117
905116
905115
905114
905113
905112
905111
905110
905108
905107
905106
905105
905104
905103
905102
905101
905100
905099
905098
905097
905096
905095
905094
905093
905092
905091
905090
905089
905088
905087
905086
905085
905084
905083
905082
905081
905080
905079
905078
905077
905076
905075
905074
905073
905072
905071
905070
905069
905068
905067
905066
905065
905064
905063
905062
905061
905060
905059
905057
905055
905054
905053
905051
905049
905048
905047
905044
905040
905039
905038
905032
905031
905030
905029
905028
905026
905025
905020
905019
905018
905017
905016
905014
905011
905010
904980
904979
904978
904977
904976
904975
904974
904973
904972
904971
904970
904969
904968
904967
904966
904964
904963
904961
904957
904956
904955
904954
904952
904950
904949
904948
904947
904946
904945
904944
904943
904942
904941
904940
904939
904938
904937
904936
904935
904934
904933
904932
904931
904930
904929
904927
904926
904925
904924
904923
904922
904920
904919
904918
904917
904916
904915
904914
904913
904912
904910
904908
904907
904906
904905
904904
904903
904902
904901
904900
904899
904898
904893
904894
904895
904892
904891
904890
904889
904888
904887
904886
904885
904884
904883
904882
