326303
326352
326351
326350
326349
326348
326347
326346
326345
326344
326343
326335
326336
326337
326338
326339
326340
326341
326342
326334
326333
326332
326331
326330
326329
326328
326327
326321
326326
326324
326323
326322
326320
326319
326318
326317
326316
326315
326314
326313
326312
326310
326309
326308
326307
326306
326305
326301
326299
326298
326297
326296
326295
326294
326293
326292
326291
326290
326289
326288
326287
326286
326285
326284
326283
326281
326280
326277
326276
326275
326274
326273
