327650
327649
327648
327647
327646
327645
327644
327643
327642
327641
327640
327639
327638
327637
327611
327612
327613
327614
327615
327616
327617
327618
327619
327620
327621
327622
327623
327624
327625
327626
327627
327628
327629
327630
327631
327632
327633
327634
327635
327636
327610
327609
327608
327607
327604
327606
327605
327601
327600
327598
327597
327593
327592
327591
327590
327589
327588
327587
327586
327568
327558
327562
327567
327566
327565
327564
327563
327561
327560
327559
327557
327555
327554
327552
327551
327550
327549
327548
327547
327545
327546
327543
327542
