326132
326157
326163
326148
326159
326182
326181
326180
326179
326178
326177
326176
326175
326174
326173
326172
326171
326170
326169
326168
326167
326146
326166
326165
326164
326162
326161
326160
326158
326156
326155
326154
326153
326151
326150
326149
326147
326145
326144
326143
326142
326140
326139
326138
326137
326136
326135
326131
326130
326129
326128
326127
326126
326124
326123
326122
326121
326120
326119
326117
326116
326115
326114
326113
326112
326110
326111
326109
326108
326107
326106
326105
326104
326103
326102
326101
326100
326099
326098
326096
