328307
328306
328305
328303
328302
328301
328299
328297
328295
328293
328291
328289
328287
328284
328281
328279
328278
328276
328274
328273
328271
328269
328268
328266
328265
328263
328261
328260
328258
328256
328255
328253
328251
328250
328249
328247
328246
328244
328242
328241
328239
328237
328236
328234
328233
328232
328231
328230
328229
328228
328227
328226
328225
328224
328223
328222
328221
328220
328219
328218
328217
328216
328324
328356
328353
328352
328351
328350
328349
328348
328347
328346
328345
328344
328343
328342
328341
328340
328339
328338
328337
328336
328335
328334
328333
328332
328331
328330
328329
328328
328327
328326
328325
328323
328322
328321
328320
328319
328318
328317
328316
328315
328314
328313
328312
328311
328310
328308
328304
328300
328298
328296
328294
328292
328290
328288
328286
328285
328283
328282
328280
328277
328275
328272
328270
328267
328264
328262
328259
328257
328254
328252
328248
328245
328243
328240
328238
328235
