328900
328899
328897
328898
328896
328895
328894
328893
328891
328890
328889
328888
328887
328806
328885
328884
328883
328882
328881
328880
328879
328877
328875
328874
328873
328872
328871
328870
328869
328868
328867
328866
328865
328864
328863
328862
328861
328860
328859
328858
328857
328856
328855
328854
328853
328852
328851
328841
328840
328838
328836
328826
328825
328824
328823
328814
328813
328812
328811
328805
328804
328803
328802
328801
328800
328799
328798
328797
328796
328795
328794
328792
328791
328790
328789
328787
328786
328785
328784
