331261
331265
331272
331273
331280
331284
331287
331290
331291
331352
331359
331357
331356
331355
331354
331353
331351
331350
331264
331274
331275
331276
331271
331263
331262
331270
331267
331349
331348
331347
331344
331343
331341
331340
331338
331336
331335
331334
331333
331332
331317
331330
331329
331328
331327
331326
331325
331324
331323
331322
331321
331320
331319
331318
331316
331315
331314
331313
331312
331311
331310
331309
331308
331307
331306
331305
331304
331303
331302
331301
331299
331298
331297
331296
331294
331293
331292
331282
331266
331268
331278
331289
331283
331286
331288
331285
331281
331279
331277
331269
