327188
327193
327196
327200
327201
327204
327207
327208
327210
327226
327224
327223
327222
327221
327220
327216
327215
327214
327213
327189
327191
327195
327194
327198
327206
327199
327192
327212
327205
327190
327187
327186
327185
327184
327183
327182
327181
327180
327179
327178
327177
327176
327175
327174
327173
327172
327171
327170
327169
327168
327160
327166
327167
327165
327164
327163
327162
327161
327159
327158
327157
327133
327154
327153
327151
327150
327149
327148
327147
327146
327145
327144
327143
327141
327138
327137
327135
327134
327132
327131
327130
327129
327127
327126
327125
327124
327123
327122
327121
327120
327119
327118
