329811
329822
329825
329824
329823
329821
329820
329819
329818
329817
329816
329815
329814
329813
329812
329810
329809
329808
329807
329806
329805
329804
329803
329802
329801
329800
329799
329798
329797
329796
329795
329794
329792
329791
329790
329781
329779
329789
329788
329787
329785
329784
329783
329782
329780
329778
329777
329776
329775
329774
329773
329772
329771
329770
329769
329768
329767
329766
329765
329764
329763
329761
329760
329751
329752
329753
329754
329755
329756
329757
329758
329759
329750
329749
329748
329747
329746
329745
329743
329742
329740
329739
329738
329737
329735
329734
329733
329729
