329939
329937
329936
329935
329934
329933
329932
329931
329930
329929
329928
329927
329926
329925
329924
329923
329922
329921
329919
329904
329905
329906
329907
329908
329909
329910
329911
329912
329913
329914
329915
329903
329902
329901
329900
329899
329898
329897
329896
329894
329893
329892
329891
329890
329889
329854
329883
329888
329887
329885
329884
329882
329881
329880
329879
329878
329877
329876
329875
329874
329873
329872
329871
329870
329869
329868
329866
329865
329864
329863
329862
329861
329860
329859
329858
329857
329856
329855
329853
329852
329851
329850
329849
329848
329847
329845
329844
329843
329841
329840
329839
329838
329835
329834
329833
329832
329831
329830
329829
329828
329827
329826
