332381
332382
332388
332387
332385
332384
332380
332379
332378
332377
332376
332375
332374
332373
332372
332371
332370
332369
332368
332367
332366
332365
332364
332363
332361
332360
332359
332358
332357
332356
332355
332354
332353
332352
332350
332348
332346
332345
332344
332343
332342
332341
332339
332336
332335
332334
332316
332328
332333
332332
332331
332330
332329
332327
332326
332325
332324
332323
332322
332321
332320
332319
332318
332317
332315
332314
332313
332312
332311
332310
332309
332308
332307
332306
332305
332304
332303
332302
332301
332300
332299
