331160
331159
331158
331157
331156
331155
331154
331153
331152
331151
331150
331149
331148
331147
331146
331145
331144
331143
331142
331141
331094
331095
331096
331097
331098
331099
331100
331101
331102
331103
331104
331105
331140
331139
331135
331134
331133
331132
331131
331130
331129
331128
331127
331123
331113
331122
331121
331120
331119
331118
331117
331116
331115
331112
331111
331110
331109
331108
331107
331106
331093
331092
331082
331091
331090
331089
331088
331087
331086
331085
331084
331083
331081
331080
331079
331078
331077
331076
331075
