326441
326439
326438
326437
326436
326435
326434
326433
326432
326429
326431
326430
326428
326427
326426
326425
326424
326423
326422
326421
326420
326419
326418
326374
326376
326377
326378
326380
326394
326400
326402
326417
326416
326415
326414
326413
326412
326411
326410
326409
326408
326407
326406
326405
326404
326403
326401
326399
326398
326397
326396
326393
326392
326391
326390
326389
326388
326387
326386
326385
326384
326383
326382
326375
326373
326371
326370
326369
326368
326367
326363
326362
326361
326360
326359
326358
326357
326356
326355
326354
326353
