331990
331989
331988
331987
331986
331985
331984
331983
331982
331981
331979
331977
331975
331974
331972
331971
331970
331980
331976
331973
331969
331968
331967
331966
331965
331964
331963
331962
331961
331960
331959
331958
331957
331956
331955
331954
331953
331952
331951
331950
331949
331948
331947
331946
331945
331944
331943
331942
331941
331940
331939
331938
331937
331936
331935
331934
331933
331932
331931
331930
331929
331928
331925
331926
331927
331924
331923
331922
331921
331920
331918
331917
331916
331915
331914
331913
331912
