922014
922003
921982
921984
921968
922002
921991
921985
922112
922015
921986
921971
921989
921962
921988
921987
922111
921990
921959
921839
921933
921932
921911
921910
921918
922204
922203
922202
921899
921907
921929
922113
922129
922127
921859
922130
922231
922230
922229
922228
922227
922226
922225
922224
922223
922222
922221
922220
922219
922218
922217
922216
922215
922214
922213
922212
922211
922210
922209
922207
922206
922205
922201
922200
922199
922198
922197
922196
922194
922193
922192
922191
922190
922188
922187
922186
922184
922183
922182
922180
922179
922178
922176
922175
922174
922173
922172
922171
922170
922169
922168
922167
922166
922165
922164
922163
922162
922161
922160
922159
922158
922157
922156
922155
922154
922153
922152
922151
922150
922149
922148
922147
922146
922145
922144
922143
922142
922141
922140
922139
922138
922137
922136
922135
922134
922133
922132
922128
922126
922125
922124
922122
922121
922120
922119
922118
922117
922116
922115
922114
922110
922109
922108
922107
922106
922105
922104
922103
922102
922101
922100
922099
922098
922097
922096
922095
922093
922092
922091
922089
922088
922087
922086
922085
922084
922083
922082
922081
922080
922079
922078
922077
922076
922075
922074
922073
922072
922071
922070
922069
922068
922067
922066
922065
922064
922063
922062
922061
922060
922059
922058
922057
922056
922055
922054
922053
922052
922051
922050
922049
922048
922047
922046
922045
922044
922043
922042
922041
922040
922039
922038
922037
922036
922035
922034
922033
922032
922031
922030
921841
922029
922028
922027
922026
922024
922023
922022
922021
922020
922019
922018
922017
922016
922013
922012
922011
922010
922008
922007
922006
922005
922004
922001
922000
921999
921998
921997
921996
921995
921994
921993
921992
921983
921981
921980
921979
921978
921977
921976
921975
921974
921972
921970
921967
921966
921965
921964
921956
921955
921954
921953
921951
921950
921949
921948
921947
921946
921945
921944
921943
921942
921941
921940
921939
921938
921937
921936
921935
921934
921931
921930
921928
921927
921926
921909
921908
921906
921922
921921
921919
921917
921915
921914
921913
921912
921905
921904
921903
921902
921901
921900
921898
921897
921896
921895
921894
921893
921892
921891
921890
921889
921888
921887
921886
921885
921884
921883
921882
921881
921880
921879
921878
921877
921876
921875
921874
921873
921872
921871
921870
921869
921868
921867
921866
921865
921864
921863
921862
921861
921860
921858
921857
921856
921855
921853
921852
921851
921850
921849
921848
921847
921846
921845
921844
921843
921842
921837
921835
921834
