328142
328143
328144
328145
328140
328139
328138
328137
328135
328136
328134
328089
328133
328132
328131
328130
328129
328128
328127
328126
328125
328124
328123
328122
328121
328120
328119
328116
328115
328114
328113
328112
328079
328111
328110
328107
328106
328105
328104
328102
328101
328100
328099
328098
328097
328096
328095
328094
328093
328092
328091
328090
328088
328087
328086
328085
328084
328083
328082
328081
328080
328078
328077
328076
328074
328073
328072
328071
328069
328068
328067
328066
328065
328064
328063
