327729
327774
327775
327773
327772
327771
327770
327769
327768
327767
327766
327765
327764
327763
327762
327761
327760
327759
327758
327757
327756
327755
327754
327753
327752
327751
327750
327749
327748
327747
327746
327745
327744
327743
327742
327740
327737
327738
327739
327736
327735
327734
327733
327732
327731
327730
327728
327727
327726
327725
327724
327723
327722
327721
327720
327719
327718
327717
327716
327715
327714
327713
327712
327711
327710
327709
327708
327707
327706
327705
327704
327703
327702
327701
327700
327699
327698
327697
327696
327695
327694
327693
327692
327691
327690
327689
327688
327687
327686
327685
327684
327683
327682
327681
327680
327679
327678
327677
327676
327674
327668
327667
327666
327665
327664
327663
327662
327661
327660
327659
327658
327657
327655
327652
327651
