326974
326973
326972
326971
326970
326969
326968
326967
326966
326965
326964
326963
326962
326961
326960
326959
326958
326957
326956
326955
326954
326953
326952
326951
326950
326949
326948
326947
326946
326945
326944
326943
326942
326941
326940
326939
326938
326937
326936
326935
326934
326933
326932
326931
326930
326929
326928
326927
326926
326925
326924
326923
326922
326921
326920
326919
326918
326917
326916
326915
326914
326913
326912
326911
326910
326909
326908
326907
326906
326905
326904
326903
326902
326901
326900
326899
326898
326897
326896
326895
326893
326978
326977
326976
326975
326891
326892
326890
326889
326888
326887
326886
326885
326894
326883
326882
326881
326880
326879
326878
326877
326876
326874
326873
326872
326871
326870
326869
326868
326867
326866
326865
326864
326863
326862
326861
326860
326858
326857
326856
326855
326854
326853
326852
326851
326850
326849
326848
326847
326846
326845
326844
326843
326842
326840
326839
326837
326836
326835
326834
326833
326831
326830
326829
326827
