325642
325641
325640
325639
325638
325695
325694
325693
325692
325691
325690
325689
325688
325687
325686
325685
325684
325683
325682
325681
325680
325679
325678
325677
325676
325675
325674
325673
325672
325671
325669
325668
325667
325666
325665
325664
325663
325662
325661
325660
325659
325658
325657
325656
325654
325653
325652
325651
325650
325649
325648
325647
325670
325646
325645
325644
325643
325737
325736
325735
325734
325733
325732
325731
325730
325729
325728
325727
325726
325725
325709
325710
325724
325723
325721
325720
325718
325717
325715
325714
325713
325712
325711
325708
325705
325704
325703
325702
325701
325700
325697
325696
325622
325637
325633
325632
325631
325630
325629
325628
325627
325626
325625
325624
325623
