325089
325090
325091
325092
325093
325094
325095
325096
325097
325098
325145
325143
325142
325141
325140
325139
325138
325137
325136
325135
325112
325111
325106
325108
325105
325104
325102
325101
325126
325125
325134
325133
325132
325131
325130
325129
325127
325117
325124
325123
325122
325121
325120
325119
325118
325116
325115
325114
325113
325110
325109
325107
325103
325100
325099
325088
325087
325042
325082
325083
325086
325085
325084
325077
325076
325075
325074
325073
325072
325071
325070
325069
325068
325067
325066
325065
325064
325063
325062
325061
325060
325059
325058
325057
325056
325055
325054
325053
325052
325051
325050
325048
325047
325046
325045
325044
325043
