925627
925626
925625
925624
925623
925622
925621
925620
925619
925618
925617
925616
925615
925614
925613
925612
925611
925610
925609
925608
925607
925606
925605
925604
925603
925602
925601
925600
925599
925597
925596
925595
925594
925593
925592
925591
925590
925589
925588
925933
925978
925951
925988
925940
925929
925954
925972
926029
925983
925987
925981
925977
925971
925944
925941
925939
925922
925967
926032
925984
925982
925976
925851
925935
925846
925980
925985
925958
925953
925949
925928
925908
925904
925897
925975
925956
925968
925912
925925
925887
925986
925945
925959
925963
925974
925979
925907
925902
925896
925973
925962
925952
925943
925937
925948
925931
925926
925911
925884
925850
925848
925829
925828
925823
925814
925901
925825
925820
925811
925799
925960
925883
925732
925724
925818
925947
925924
925849
925847
925906
925900
925895
925830
925932
925910
925885
925726
925822
925815
925812
925803
925730
925728
925691
925690
925689
925679
925678
925677
925676
925821
925813
925801
925729
925725
925905
925898
925894
925798
925688
925687
925686
925668
925727
925682
925681
925675
925674
925673
925672
925671
925670
925669
925667
925666
925665
925664
925752
926037
926036
926035
926034
926031
926030
926027
926026
926025
926023
926022
926021
926020
926019
926018
926017
926016
926015
926014
926012
926011
926010
926009
926008
926007
926006
926005
926004
926002
926001
926000
925999
925998
925997
925995
925994
925993
925992
925991
925990
925989
925970
925969
925966
925964
925913
925909
925903
925899
925893
925892
925891
925890
925796
925879
925878
925877
925876
925875
925874
925873
925872
925871
925870
925869
925868
925867
925866
925864
925863
925862
925861
925860
925859
925858
925857
925856
925855
925854
925853
925852
925845
925844
925843
925842
925841
925840
925837
925836
925839
925838
925835
925834
925833
925832
925831
925685
925684
925683
925827
925826
925824
925819
925817
925816
925787
925786
925784
925781
925810
925809
925808
925806
925805
925804
925802
925800
925797
925795
925794
925778
925775
925774
925772
925793
925792
925791
925790
925789
925788
925785
925783
925782
925780
925779
925777
925776
925773
925771
925770
925769
925768
925767
925766
925765
925764
925763
925762
925761
925760
925759
925758
925757
925756
925755
925754
925753
925751
925750
925749
925748
925747
925746
925745
925744
925743
925742
925741
925740
925739
925737
925736
925734
925733
925731
925723
925722
925721
925719
925718
925717
925716
925715
925713
925712
925710
925709
925708
925707
925706
925705
925704
925703
925702
925701
925700
925699
925698
925697
925696
925695
925694
925693
925692
925680
925662
925657
925656
925655
925654
925653
925652
925651
925650
925649
925647
925646
925645
925644
925643
925642
925641
925640
925639
925638
925637
925636
925635
925634
925633
925632
925631
925630
925628
925586
925585
925584
925582
925580
925579
925577
925576
