324346
324345
324344
324343
324342
324341
324340
324339
324380
324370
324379
324378
324376
324375
324374
324373
324372
324371
324369
324368
324367
324366
324365
324364
324363
324362
324361
324360
324358
324357
324356
324355
324354
324348
324353
324352
324351
324350
324349
324347
324305
324338
324337
324335
324334
324333
324332
324331
324330
324329
324328
324327
324326
324325
324324
324323
324322
324321
324320
324319
324318
324317
324316
324314
324313
324312
324311
324310
324309
324308
324307
324306
324304
324303
324299
324298
324297
324296
