327114
327116
327117
327113
327111
327109
327085
327108
327107
327106
327105
327104
327103
327102
327101
327100
327090
327083
327099
327098
327097
327096
327095
327094
327093
327092
327091
327089
327088
327087
327086
327084
327082
327081
327080
327079
327078
327077
327076
327075
327074
327073
327072
327071
327070
327069
327068
327066
327065
327064
327063
327062
327061
327060
327059
327058
327057
327056
327054
327053
327046
327042
327041
327038
327037
327036
327034
327033
327032
327031
327030
327029
327027
327028
327025
327024
327023
327021
327018
327017
327016
327015
327014
327012
327011
327010
327009
327008
327007
327006
327005
327004
327003
327002
327001
326998
326999
326997
326996
326995
326994
326993
326991
326990
326989
326988
326987
326986
326985
326984
326983
326982
326981
326980
326979
