325362
325361
325360
325348
325359
325358
325357
325434
325433
325432
325431
325430
325429
325428
325427
325426
325425
325424
325423
325422
325421
325420
325419
325418
325417
325416
325415
325414
325413
325412
325411
325410
325409
325408
325407
325406
325405
325404
325403
325402
325401
325400
325399
325398
325397
325396
325395
325394
325393
325392
325391
325390
325389
325388
325387
325386
325385
325384
325383
325382
325380
325379
325378
325377
325376
325375
325373
325371
325370
325369
325368
325367
325366
325365
325364
325363
325356
325355
325354
325353
325352
325351
325350
325349
325347
325346
325341
325340
325336
325335
325334
325333
325331
