325270
325271
325272
325274
325276
325278
325279
325280
325283
325285
325286
325287
325288
325289
325290
325291
325292
325293
325294
325295
325296
325297
325298
325299
325301
325302
325303
325304
325328
325327
325326
325325
325324
325323
325322
325321
325273
325320
325319
325318
325317
325316
325314
325313
325312
325311
325310
325309
325308
325307
325306
325305
325300
325284
325282
325281
325277
325275
325269
325268
325267
325266
325265
325263
325262
325261
325260
325259
325258
325257
325256
325255
