332289
332288
332287
332286
332285
332283
332282
332281
332280
332279
332277
332276
332275
332274
332273
332272
332271
332270
332268
332266
332264
332250
332251
332252
332255
332256
332257
332258
332259
332261
332263
332254
332249
332248
332247
332246
332244
332243
332242
332241
332240
332238
332237
332235
332236
332234
332233
332209
332231
332230
332229
332228
332227
332226
332225
332224
332223
332222
332221
332220
332219
332218
332217
332216
332215
332214
332213
332212
332211
332210
332205
332206
