330828
330826
330825
330824
330808
330823
330822
330821
330820
330819
330818
330817
330816
330815
330814
330813
330812
330811
330810
330776
330775
330774
330773
330809
330807
330806
330805
330804
330803
330802
330801
330800
330799
330798
330797
330796
330795
330794
330793
330792
330791
330790
330789
330788
330787
330786
330785
330784
330783
330782
330781
330780
330779
330778
330777
330772
330771
330770
330769
330768
330767
330766
330758
330756
330755
330754
330746
330753
330752
330751
330750
330749
330748
330747
330745
330744
