906868
907413
907257
907258
907300
906978
906966
907289
907264
907254
907239
907235
907215
907213
907212
907197
907195
907227
907204
907217
907196
907231
907279
907216
907192
906969
907291
907255
906977
907290
907266
907256
907210
907202
907193
906976
906923
907238
907206
907189
906971
906942
906940
906964
907042
907035
907031
907027
907218
907201
907237
907252
906953
906951
906931
907065
907040
906968
907288
907259
907198
907214
907051
907039
907190
907211
906975
906947
906945
906930
907280
907250
907236
907233
907208
907221
907219
907048
907038
907030
906973
906924
906925
907007
906993
906983
906984
906972
906958
906960
906961
906950
906938
906922
907199
907194
907191
907044
907036
906943
906932
906956
907041
907034
907029
906974
906954
906949
906939
907028
906967
906946
906929
906962
906965
906959
906957
906955
906944
906941
906935
906937
906952
906948
907187
906986
906988
906990
907207
906936
906982
906981
906980
907209
907205
907203
906926
906927
906991
906987
907274
906834
906799
907245
907225
907200
907277
907272
907271
907117
907123
907122
907121
907120
907119
907118
907116
907115
907114
907269
907268
907263
907276
907275
907339
907338
907337
907336
907335
907334
907262
907261
907260
907265
907224
907223
907222
907111
907110
907109
907108
907107
907106
907229
907230
907234
907232
907242
907243
907244
907247
907246
907267
907345
907344
907343
907342
907377
907368
907401
907400
907399
907395
907347
907346
907351
907350
907349
907382
907380
907403
907402
907379
907381
907376
907375
907354
907378
907352
907353
907348
907365
907363
907360
907357
907356
907355
907373
907372
907369
907361
907358
907374
907371
907370
907367
907362
907359
907364
907387
907393
907398
907397
907396
907385
907384
907383
906896
906894
907333
907331
907326
907325
907324
907323
907322
907321
907319
907412
907411
907410
907409
907408
907407
907406
907405
907404
907228
907226
907105
907101
907104
907102
907100
907099
907098
907095
907097
907392
907390
907389
907386
907366
907341
907340
907332
907330
907329
907328
907327
907318
907317
907316
907314
907310
907309
907308
907307
907306
907305
907304
907303
907302
907301
907299
907298
907297
907296
907295
907293
907292
907287
907285
907284
907283
907282
907281
907278
907270
907253
907251
907249
907248
907273
907241
907240
907220
907188
907186
907184
907183
907181
907180
907179
907178
907177
907176
907175
907170
907168
907167
907166
907165
907164
907163
907162
907161
907160
907159
907158
907157
907156
907155
907154
907153
907152
907151
907150
907149
907148
907147
907145
907144
907143
907142
907141
907140
907138
907137
907136
907135
907134
907133
907132
907131
907130
907129
907128
907127
907126
907125
907124
907096
907094
907093
907092
907091
907090
907089
907088
907087
907086
907085
907084
907083
907082
907081
907080
907079
907078
907077
907076
907075
907074
907073
907072
907071
907070
907069
907068
907067
907066
907064
907063
907062
907061
907059
907058
907057
907056
907055
907053
907052
907050
907049
907047
907046
907045
907043
907037
907033
907032
907026
907025
907022
907021
907019
907018
907015
907014
907013
907011
907010
907009
907008
907006
907005
907004
907003
907002
907001
907000
906999
906998
906997
906996
906995
906994
906989
906985
906979
906970
906933
906928
906921
906920
906919
906918
906917
906916
906915
906914
906913
906911
906910
906909
906908
906907
906906
906905
906904
906903
906901
906900
906899
906898
906891
906890
906889
906888
906887
906886
906885
906884
906883
906882
906881
906880
906879
906878
906877
906876
906875
906874
906873
906872
906871
906870
906869
906867
906865
906864
906863
906862
906861
906860
906858
906857
906856
906855
906853
906852
906849
906848
906847
906846
906845
906844
906843
906842
906841
906839
906838
906837
906836
906835
906828
906826
906825
906824
906823
906822
906821
906820
906819
906818
906817
906816
906815
906814
906813
906812
906811
906809
906808
906807
906806
906805
906804
906803
906802
906801
906800
906798
906797
906796
906795
906794
906793
906792
906791
906790
906789
906788
906787
906786
906785
906784
906783
906782
906781
906780
906779
906778
906777
906776
906775
906774
906773
906772
906771
906770
906769
906768
906767
906766
906764
906763
906762
906761
906760
906759
906758
906757
906756
906755
906754
906753
906752
906751
906750
906749
906748
906747
906746
906745
906744
906743
906742
906741
906740
906739
906738
906737
906736
906735
906734
906733
906732
906731
906729
906728
906727
906726
906725
