327860
327859
327858
327857
327856
327855
327854
327853
327852
327851
327850
327849
327848
327838
327847
327846
327845
327844
327843
327842
327841
327840
327839
327837
327836
327835
327834
327833
327832
327831
327830
327816
327821
327822
327829
327828
327827
327826
327825
327824
327823
327820
327819
327818
327817
327815
327814
327813
327812
327811
327810
327809
327808
327807
327785
327806
327805
327804
327803
327802
327801
327800
327799
327798
327797
327795
327794
327793
327792
327791
327790
327789
327788
327787
327784
327783
327782
327781
327780
