330641
330640
330639
330638
330637
330636
330635
330634
330633
330632
330631
330630
330629
330628
330627
330626
330625
330624
330623
330622
330621
330620
330618
330617
330616
330615
330614
330613
330612
330611
330599
330609
330607
330606
330605
330604
330603
330602
330601
330600
330594
330598
330597
330595
330593
330592
330591
330590
330589
330588
330586
330585
330584
330583
330582
330581
330580
330579
330578
330577
330576
330575
330574
330573
330572
330571
330570
330569
330568
330567
330566
330565
330564
