324979
324978
324977
324976
324975
324974
324973
324972
324971
324970
324969
324968
324967
324966
324965
324964
324963
324962
324961
324960
324959
324958
324957
324956
324955
324954
324953
324952
324951
324950
324949
324948
324947
324946
324945
324944
324943
324942
324941
324895
324894
324893
324892
324891
324890
324889
324888
324887
324886
324885
324884
324883
324882
324881
324880
324879
324878
324877
324876
324875
324874
324873
324872
324871
324870
324869
324868
324867
324866
324865
324864
324863
325041
325040
325039
325038
325037
324980
325035
325032
325031
325030
325029
325028
325027
325026
325025
325024
325023
325022
325021
325020
325019
325018
325017
325016
325015
325014
325013
325012
325011
325010
325008
325007
325005
325004
325003
325002
325001
325000
324999
324998
324997
324996
324994
324993
324992
324991
324990
324989
324988
324987
324986
324985
324984
324983
324982
324981
324940
324937
324906
