332191
332190
332189
332188
332187
332186
332185
332181
332182
332183
332184
332179
332180
332178
332176
332174
332172
332170
332169
332168
332167
332166
332165
332164
332163
332162
332161
332160
332159
332158
332157
332156
332155
332153
332154
332152
332151
332150
332149
332148
332147
332145
332146
332144
332143
332142
332141
332137
332139
332138
332136
332135
332134
332133
332132
332131
332130
332129
332128
332127
332126
332125
332124
332123
332122
332121
332120
332119
332118
332117
332116
332113
332115
332114
332112
332111
332110
332109
332108
332107
332106
332105
332104
332103
332096
332102
332101
332100
332099
332098
332095
332094
332093
332092
332091
332090
332089
332088
332087
332086
332085
332084
332081
332080
332079
332072
332073
332071
332057
332059
332060
332061
332062
332065
332070
332069
332058
332068
332067
332066
332063
332056
332055
332054
332052
332051
332050
