894842
894841
894840
894729
894700
894698
894697
894779
894696
894767
894769
894839
894838
894710
894709
894708
894551
894704
894703
894781
894784
894783
894837
894836
894727
894726
894823
894760
894636
894631
894466
894459
894825
894756
894752
894640
894824
894629
894820
894747
894634
894751
894818
894749
894633
894632
894630
894782
894579
894481
894483
894549
894548
894547
894546
894572
894702
894685
894678
894833
894455
894563
894562
894834
894810
894470
894848
894803
894681
894680
894554
894553
894778
894772
894821
894832
894827
894806
894808
894753
894799
894462
894445
894469
894440
894441
894815
894814
894757
894438
894468
894465
894439
894448
894457
894463
894436
894679
894677
894570
894559
894558
894557
894556
894446
894443
894460
894442
894453
894798
894467
894714
894684
894683
894569
894568
894566
894773
894780
894777
894775
894447
894850
894849
894846
894845
894835
894831
894830
894829
894828
894826
894822
894819
894746
894817
894816
894813
894812
894811
894809
894807
894805
894804
894802
894801
894800
894797
894796
894795
894794
894793
894792
894791
894790
894789
894788
894787
894786
894456
894785
894771
894770
894766
894765
894744
894759
894763
894762
894761
894758
894755
894754
894750
894748
894745
894743
894742
894589
894588
894590
894586
894585
894741
894740
894739
894738
894737
894736
894735
894734
894733
894732
894731
894730
894728
894724
894723
894722
894721
894720
894719
894718
894717
894716
894715
894713
894712
894711
894707
894706
894705
894701
894699
894695
894694
894693
894686
894567
894564
894561
894560
894692
894691
894690
894689
894688
894687
894682
894676
894675
894674
894673
894672
894671
894670
894669
894668
894667
894666
894665
894664
894663
894662
894661
894660
894659
894658
894657
894655
894654
894653
894652
894651
894650
894649
894648
894647
894646
894644
894643
894642
894641
894639
894638
894637
894635
894628
894627
894626
894625
894624
894623
894622
894621
894620
894619
894618
894617
894616
894615
894614
894613
894612
894611
894610
894609
894608
894607
894604
894603
894602
894601
894600
894599
894598
894597
894596
894595
894594
894593
894592
894580
894583
894587
894591
894584
894582
894581
894578
894577
894576
894575
894574
894573
894571
894565
894555
894552
894550
894545
894544
894543
894542
894541
894540
894539
894538
894537
894536
894535
894534
894533
894532
894531
894528
894526
894525
894524
894523
894522
894521
894520
894519
894518
894517
894516
894515
894514
894513
894512
894511
894510
894509
894508
894507
894506
894505
894504
894503
894502
894501
894500
894499
894498
894497
894496
894495
894494
894493
894492
894490
894489
894488
894487
894486
894484
894482
894480
894479
894478
894475
894474
894473
894472
894471
894464
894461
894458
894454
894452
894451
894450
894449
894444
894437
894434
894433
894432
894431
894430
894429
894428
894427
894426
894425
894424
894423
894422
894421
894420
894419
894418
894417
894415
894414
894412
894416
894413
