599776
599482
599586
599679
599462
599691
599374
599563
599343
599817
599488
599547
599442
599320
599419
599572
599801
599647
599791
599769
599787
599408
599543
599805
599401
599354
599713
599804
599662
599358
599346
599622
599730
599780
599345
599667
599344
599323
599364
599621
599399
599740
599750
599538
599395
599528
599742
599325
599640
599516
599573
599698
599544
599337
599762
599412
599699
599452
599677
599798
599469
599386
599335
599809
599818
599491
599449
599523
599467
599506
599649
599383
599624
599626
599613
599648
599696
599341
599501
599363
599451
599579
599821
599512
599767
599806
599376
599598
599434
599664
599370
599650
599460
599627
599781
599476
599527
599377
599803
599380
599360
599566
599782
599702
599534
599587
599783
599766
599562
599797
599701
599391
599761
599414
599521
599777
599592
599816
599536
599316
599815
599684
599770
599557
599808
599666
599707
599747
599720
599553
599533
599792
599541
599735
599597
599471
599641
599574
599600
599507
599484
599406
599671
599599
599560
599614
599477
599490
599568
599317
599385
599446
599661
599415
599786
599595
599577
599718
599532
599531
599744
599505
599636
599554
599795
599746
599485
599638
599540
599332
599444
599773
599796
599499
599330
599736
599526
599424
599725
599665
599619
599440
599580
599594
599674
599509
599615
599690
599435
599359
599428
599378
599712
599443
599716
599382
599772
599550
599309
599788
599710
599305
599367
599327
599389
599368
599625
599724
599584
599670
599318
599357
599727
599347
599552
599820
599700
599468
599403
599785
599535
599454
599697
599672
599353
599695
599329
599686
599748
599396
599326
599565
599556
599675
599411
599466
599384
599616
599334
599400
599470
599737
599822
599515
599319
599417
599668
599465
599653
599660
599745
599819
599751
599630
599349
599322
599539
599741
599683
599623
599361
599775
599739
599620
599757
599321
599555
599312
599405
599379
599416
599759
599779
599760
599422
599474
599692
599500
599596
599306
599673
599328
599567
599495
599308
599768
599729
599823
599514
599765
599410
599425
599811
599651
599658
599570
599753
599778
599709
599549
599564
599719
599525
599498
599646
599609
599582
599559
599812
599324
599802
599494
599427
599743
599589
599575
599426
599578
599629
599407
599583
599764
599726
599704
599387
599682
599687
599437
599542
599618
599637
599502
599733
599774
599617
599342
599771
599390
599708
599348
599418
599800
599643
599350
599656
599481
599441
599511
599814
599513
599489
599789
599810
599678
599436
599732
599807
599680
599585
599634
599492
599635
599676
599569
599663
599537
599752
599487
599813
599669
599590
599458
599681
599461
599723
599497
599652
599456
599715
599504
599431
599464
599483
599793
599394
599728
599689
599310
599558
599705
599655
599479
599392
599338
599331
599654
599632
599645
599478
599530
599457
599463
599706
599717
599520
599430
599445
599763
599571
599393
599519
599639
599588
599493
599473
599351
599362
599612
599459
599315
599333
599591
599593
599397
599576
599659
599524
599453
599644
599546
599799
599472
599503
599548
599314
599496
599375
599356
599581
599381
599561
599409
599388
599448
599551
599339
599545
599371
599794
599420
599685
599365
599731
599313
599631
599475
599694
599352
599693
599633
599340
599355
599642
599432
