893771
893769
893768
893767
893766
893765
893764
893469
893465
893813
893814
893818
893816
893815
893848
893849
893588
893459
893589
893579
893581
893574
893586
893576
893584
893587
893456
893569
893567
893672
893580
893547
893453
893455
893460
893461
893497
893637
893610
893652
893651
893649
893639
893638
893630
893773
893609
893604
893776
893620
893619
893618
893617
893615
893775
893855
893854
893853
893772
893660
893658
893657
893655
893654
893653
893645
893644
893642
893641
893633
893608
893607
893602
893592
893591
893583
893578
893577
893568
893659
893656
893636
893632
893631
893575
893573
893572
893566
893565
893564
893563
893706
893825
893832
893823
893852
893851
893847
893846
893845
893844
893843
893842
893841
893840
893839
893838
893837
893836
893835
893834
893833
893831
893830
893829
893828
893827
893826
893824
893822
893821
893820
893819
893817
893812
893811
893810
893451
893809
893808
893807
893806
893805
893804
893803
893802
893801
893800
893799
893798
893797
893796
893795
893794
893793
893792
893791
893790
893789
893788
893787
893786
893785
893784
893783
893782
893781
893780
893778
893763
893762
893761
893760
893759
893758
893757
893756
893755
893754
893752
893751
893750
893749
893747
893746
893745
893744
893743
893742
893741
893740
893739
893738
893737
893736
893735
893734
893733
893732
893731
893730
893729
893728
893727
893726
893725
893724
893723
893722
893721
893720
893719
893718
893717
893716
893715
893714
893713
893712
893711
893710
893705
893704
893703
893702
893701
893700
893699
893698
893697
893696
893695
893694
893693
893692
893691
893690
893627
893689
893688
893687
893686
893685
893684
893681
893680
893635
893683
893634
893629
893614
893613
893585
893582
893606
893605
893571
893570
893562
893561
893560
893682
893679
893678
893676
893674
893673
893450
893671
893670
893669
893668
893665
893662
893661
893650
893648
893647
893646
893643
893640
893628
893626
893625
893624
893623
893622
893621
893616
893612
893611
893603
893601
893600
893598
893596
893595
893594
893593
893590
893449
893559
893558
893557
893556
893555
893554
893553
893552
893551
893550
893549
893548
893546
893545
893544
893543
893542
893541
893540
893539
893538
893537
893536
893535
893534
893533
893530
893529
893528
893526
893532
893531
893527
893525
893524
893523
893522
893521
893520
893519
893518
893517
893516
893515
893514
893513
893512
893511
893510
893509
893508
893507
893506
893505
893504
893503
893502
893501
893500
893499
893498
893496
893495
893494
893493
893492
893491
893490
893489
893488
893487
893485
893484
893483
893482
893481
893480
893479
893478
893477
893476
893475
893474
893473
893472
893471
893470
893468
893467
893464
893463
893462
893458
893457
893452
893448
893447
