327419
327418
327417
327416
327415
327414
327413
327412
327410
327409
327408
327352
327353
327391
327407
327406
327405
327404
327403
327402
327401
327400
327399
327398
327397
327396
327395
327394
327393
327392
327390
327389
327387
327386
327385
327384
327383
327382
327381
327380
327379
327378
327377
327376
327375
327374
327373
327371
327370
327368
327367
327366
327365
327364
327363
327362
327361
327360
327359
327358
327357
327356
327354
327349
327348
327347
327346
327345
327344
327343
327342
327341
327340
327339
327338
327336
327334
327333
327332
327331
