331027
331074
331069
331059
331070
331072
331071
331073
331068
331067
331066
331065
331064
331063
331061
331062
331060
331058
331057
331056
331055
331003
331053
331051
331050
331049
331048
331046
331045
331044
331043
331042
331041
331040
331039
331038
331037
331036
331035
331034
331033
331032
331031
331029
331025
331024
331023
331022
331021
331020
331006
331007
331008
331009
331010
331011
331012
331013
331014
331015
331016
331017
331018
331019
331005
331004
331002
331001
330998
330999
331000
330997
330996
