902427
902425
902378
902377
902376
902375
902374
902372
902435
902434
902433
902432
902413
902370
902282
902437
902391
902369
902366
902361
902289
902287
902320
902431
902429
902423
902420
902388
902422
902385
902371
902350
902286
902242
902241
902279
902277
902273
902275
902274
902331
902326
902321
902301
902295
902272
902271
902270
902314
902380
902139
902233
902439
902393
902240
902239
902438
902518
902103
902104
902105
902106
902122
902166
902338
902347
902348
902444
902526
902267
902265
902262
902254
902251
902248
902221
902182
902414
902447
902445
902442
902409
902408
902222
902179
902443
902407
902400
902397
902395
902441
902190
902406
902399
902261
902252
902189
902181
902177
902187
902178
902440
902446
902180
902402
902186
902176
902396
902392
902269
902268
902264
902263
902259
902253
902246
902245
902219
902175
902401
902398
902258
902257
902256
902255
902250
902249
902244
902243
902184
902185
902174
902183
902173
902238
902237
902515
902514
902513
902512
902510
902509
902507
902506
902501
902504
902503
902500
902499
902498
902496
902493
902489
902487
902486
902484
902483
902482
902481
902480
902478
902477
902473
902475
902474
902472
902471
902470
902469
902468
902467
902228
902226
902225
902466
902465
902464
902463
902462
902461
902220
902218
902217
902162
902164
902532
902531
902530
902529
902528
902525
902524
902523
902460
902452
902457
902451
902522
902521
902520
902519
902517
902516
902511
902508
902505
902502
902497
902495
902494
902492
902491
902490
902488
902485
902479
902476
902459
902458
902456
902455
902454
902453
902449
902448
902436
902430
902426
902424
902421
902419
902418
902417
902416
902415
902412
902411
902410
902405
902404
902403
902390
902389
902387
902384
902383
902382
902373
902368
902367
902365
902364
902363
902362
902360
902359
902358
902356
902354
902353
902352
902351
902349
902345
902344
902343
902342
902341
902340
902339
902337
902336
902335
902334
902333
902332
902330
902329
902327
902325
902324
902322
902319
902318
902317
902316
902315
902313
902312
902311
902310
902309
902308
902306
902305
902304
902303
902302
902300
902299
902298
902297
902296
902294
902293
902292
902291
902290
902288
902285
902284
902283
902281
902280
902278
902276
902266
902247
902236
902235
902232
902231
902230
902229
902227
902224
902223
902216
902215
902214
902213
902212
902210
902209
902208
902207
902206
902205
902204
902203
902202
902201
902200
902199
902198
902197
902196
902195
902194
902193
902192
902191
902188
902172
902171
902169
902168
902167
902163
902161
902160
902159
902158
902156
902155
902154
902153
902152
902151
902150
902149
902148
902147
902146
902145
902144
902143
902142
902141
902138
902137
902136
902135
902134
902133
902132
902131
902130
902129
902128
902126
902125
902123
902120
902119
902118
902117
902116
902111
902112
902113
902114
902115
902110
902109
902108
902107
902102
902101
902100
902099
902097
