330383
330382
330381
330380
330379
330378
330376
330375
330374
330373
330372
330371
330369
330428
330427
330426
330425
330424
330423
330422
330421
330420
330419
330418
330417
330416
330385
330386
330388
330389
330412
330413
330414
330411
330410
330409
330408
330406
330405
330404
330403
330402
330401
330400
330399
330398
330397
330396
330395
330394
330393
330392
330391
330390
330384
330377
330370
330368
330367
330366
330365
330364
330363
330362
330361
330360
330359
330358
330357
330356
330354
330353
330352
330351
330350
330349
330348
330347
330346
330345
330344
330343
330342
330341
330340
330339
330338
330337
330336
330335
330334
330333
330332
330331
330330
330329
330328
330327
330326
330325
330324
330323
330322
330321
330319
