332415
332469
332471
332470
332468
332467
332466
332465
332464
332463
332462
332461
332459
332458
332457
332456
332454
332453
332452
332451
332450
332449
332448
332447
332446
332445
332444
332443
332442
332441
332440
332439
332438
332437
332436
332435
332434
332433
332391
332432
332431
332430
332429
332427
332426
332425
332424
332423
332422
332421
332420
332419
332418
332417
332416
332413
332412
332411
332410
332409
332393
332394
332399
332400
332408
332397
332396
332406
332405
332404
332403
332402
332401
332398
332392
332390
332389
