325850
325847
325846
325845
325844
325843
325842
325841
325840
325839
325838
325836
325835
325833
325832
325831
325877
325876
325872
325870
325867
325865
325862
325860
325856
325855
325853
325851
325848
325837
325830
325921
325919
325916
325915
325914
325909
325908
325907
325905
325904
325849
325903
325902
325901
325900
325863
325898
325896
325895
325894
325893
325892
325891
325890
325889
325888
325887
325886
325885
325884
325883
325882
325881
325834
325852
325854
325858
325861
325864
325866
325868
325871
325874
325875
325878
325869
325828
325827
325826
325825
325824
325823
325822
325821
325820
325819
325818
325816
325815
325814
325813
325812
325811
325810
325809
325808
325807
325804
325803
325802
325801
