330936
330934
330933
330930
330931
330932
330904
330929
330928
330927
330926
330925
330924
330923
330922
330921
330920
330919
330918
330917
330916
330915
330914
330913
330912
330910
330909
330908
330907
330906
330905
330903
330901
330900
330899
330896
330895
330894
330893
330892
330890
330889
330888
330887
330886
330885
330884
330880
330879
330878
330877
330876
330875
330874
330873
330872
330871
330870
330869
330868
330867
330866
330865
330864
330863
330862
330860
330859
330858
330857
330856
330855
330854
330853
330852
330851
330850
330849
330848
330847
330846
330845
330844
330843
330842
330841
330840
330839
330838
330837
330836
330835
330834
330832
330831
330830
330829
