922014
922003
921982
921984
921968
922002
921991
921985
922112
922015
921986
921971
921989
921962
921988
921987
922111
921990
921959
921839
921933
921932
921911
921910
921918
922204
922203
922202
921899
921907
921929
922113
922129
922127
921859
922130
922231
922230
922229
922228
922227
922226
922225
922224
922223
922222
922221
922220
922219
922218
922217
922216
922215
922214
922213
922212
922211
922210
922209
922207
922206
922205
922201
922200
922199
922198
922197
922196
922194
922193
922192
922191
922190
922188
922187
922186
922184
922183
922182
922180
922179
922178
922176
922175
922174
922173
922172
922171
922170
922169
922168
922167
922166
922165
922164
922163
922162
922161
922160
922159
922158
922157
922156
922155
922154
922153
922152
922151
922150
922149
922148
922147
922146
922145
922144
922143
922142
922141
922140
922139
922138
922137
922136
922135
922134
922133
922132
922128
922126
922125
922124
922122
922121
922120
922119
922118
922117
922116
922115
922114
922110
922109
922108
922107
922106
922105
922104
922103
922102
922101
922100
922099
922098
922097
922096
922095
922093
922092
922091
922089
922088
922087
922086
922085
922084
922083
922082
922081
922080
922079
922078
922077
922076
922075
922074
922073
922072
922071
922070
922069
922068
922067
922066
922065
922064
922063
922062
922061
922060
922059
922058
922057
922056
922055
922054
922053
922052
922051
922050
922049
922048
922047
922046
922045
922044
922043
922042
922041
922040
922039
922038
922037
922036
922035
922034
922033
922032
922031
922030
921841
922029
922028
922027
922026
922024
922023
922022
922021
922020
922019
922018
922017
922016
922013
922012
922011
922010
922008
922007
922006
922005
922004
922001
922000
921999
921998
921997
921996
921995
921994
921993
921992
921983
921981
921980
921979
921978
921977
921976
921975
921974
921972
921970
921967
921966
921965
921964
921956
921955
921954
921953
921951
921950
921949
921948
921947
921946
921945
921944
921943
921942
921941
921940
921939
921938
921937
921936
921935
921934
921931
921930
921928
921927
921926
921909
921908
921906
921922
921921
921919
921917
921915
921914
921913
921912
921905
921904
921903
921902
921901
921900
921898
921897
921896
921895
921894
921893
921892
921891
921890
921889
921888
921887
921886
921885
921884
921883
921882
921881
921880
921879
921878
921877
921876
921875
921874
921873
921872
921871
921870
921869
921868
921867
921866
921865
921864
921863
921862
921861
921860
921858
921857
921856
921855
921853
921852
921851
921850
921849
921848
921847
921846
921845
921844
921843
921842
921837
921835
921834
922369
922370
922911
922863
922862
922860
922859
922858
922857
922855
922854
922853
922852
922792
922791
922790
922789
922787
922566
922565
922509
922508
922506
922503
922523
922522
922837
922842
922832
922838
922834
922826
922828
922827
922849
922685
922836
922833
922521
922520
922519
922518
922769
922762
922759
922835
922831
922765
922758
922749
922739
922681
922686
922684
922825
922689
922683
922678
922752
922635
922489
922744
922742
922690
922677
922680
922668
922663
922662
922760
922763
922748
922688
922682
922676
922633
922488
922570
922569
922502
922501
922498
922443
922442
922441
922440
922439
922687
922679
922673
922654
922652
922661
922665
922664
922815
922779
922778
922628
922613
922610
922564
922563
922514
922512
922511
922510
922824
922823
922822
922821
922820
922819
922818
922817
922816
922814
922813
922812
922807
922572
922571
922497
922496
922494
922653
922651
922811
922810
922809
922794
922793
922786
922784
922783
922782
922777
922776
922625
922624
922620
922619
922605
922587
922553
922552
922485
922484
922483
922482
922481
922650
922649
922648
922768
922781
922780
922627
922616
922562
922561
922517
922515
922492
922491
922490
922466
922465
922462
922312
922313
922314
922401
922479
922622
922621
922560
922559
922555
922554
922480
922478
922464
922463
922608
922568
922567
922551
922550
922473
922472
922471
922470
922726
922725
922733
922670
922669
922558
922557
922556
922469
922468
922467
922722
922477
922476
922475
922474
922549
922734
922735
922743
922741
922729
922727
922740
922737
922874
922914
922913
922910
922909
922908
922907
922906
922905
922902
922893
922892
922887
922885
922883
922881
922880
922879
922878
922877
922731
922871
922869
922867
922866
922865
922861
922847
922846
922844
922843
922841
922840
922839
922830
922829
922806
922805
922804
922803
922802
922795
922770
922753
922751
922747
922746
922745
922736
922732
922724
922720
922719
922718
922717
922716
922715
922714
922713
922712
922711
922710
922709
922707
922706
922704
922702
922700
922699
922698
922697
922695
922694
922692
922691
922675
922672
922671
922667
922666
922659
922658
922657
922656
922655
922647
922646
922645
922644
922643
922642
922641
922640
922639
922638
922637
922636
922632
922629
922626
922623
922615
922609
922606
922604
922603
922602
922601
922600
922599
922598
922597
922596
922595
922594
922593
922592
922591
922590
922589
922588
922586
922585
922584
922583
922582
922581
922580
922579
922578
922577
922576
922575
922574
922573
922546
922545
922544
922543
922542
922541
922540
922539
922538
922536
922535
922534
922507
922533
922505
922504
922500
922532
922495
922493
922530
922529
922528
922527
922526
922525
922524
922516
922513
922499
922487
922486
922461
922460
922459
922458
922457
922455
922454
922453
922452
922451
922449
922448
922447
922446
922445
922437
922436
922435
922434
922432
922431
922430
922429
922428
922427
922426
922424
922423
922422
922421
922420
922419
922418
922417
922416
922415
922414
922413
922412
922411
922410
922409
922408
922407
922406
922405
922404
922403
922402
922400
922399
922397
922396
922395
922394
922392
922391
922390
922389
922388
922387
922386
922385
922384
922383
922382
922381
922380
922379
922378
922377
922376
922375
922374
922373
922372
922371
922368
922367
922366
922365
922364
922363
922362
922361
922360
922359
922358
922357
922356
922355
922354
922353
922352
922351
922350
922349
922348
922347
922346
922345
922344
922343
922342
922341
922340
922339
922338
922337
922336
922335
922334
922333
922332
922331
922330
922329
922328
922327
922326
922325
922324
922323
922322
922321
922320
922319
922318
922317
922316
922315
922311
922310
922309
922308
922307
922306
922305
922304
922303
922302
922301
922300
922299
922298
922297
922296
922295
922294
922293
922292
922291
922290
922289
922288
922287
922286
922261
922260
922259
922258
922256
922255
922285
922284
922283
922282
922281
922280
922279
922278
922277
922276
922275
922274
922273
922272
922271
922270
922269
922267
922266
922265
922264
922263
922262
922257
922254
922253
922252
922251
922250
922249
922248
922247
922246
922245
922244
922243
922242
922240
922239
922238
922237
922236
922235
922234
922233
922232
923180
923179
922921
923071
923070
923211
923209
923000
923008
923017
922997
923013
923001
923016
923011
923003
923010
923018
923007
923015
923002
923066
922990
923075
923074
923055
922995
923009
923004
923012
922989
923154
923065
923206
923131
923212
923146
923143
923142
923141
923198
923218
922915
923217
923220
923216
923215
923214
923210
923208
923207
923205
923204
923203
923202
923201
923200
923199
923197
923196
923195
923194
923193
923192
923191
923189
923190
923188
923187
923186
923185
923184
923183
923181
923178
923177
923176
923175
923174
923173
923172
923171
923170
923169
923168
923167
923166
923165
923164
923163
923162
923161
923160
923159
923158
923157
923067
923156
923155
923152
923150
923148
923147
923145
923144
923140
923139
923138
923137
923136
923135
923133
923132
923130
923129
923128
923127
923126
923125
923124
923123
923122
923121
923120
923119
923118
923117
923116
923114
923113
923112
923111
923110
923109
923108
923107
923106
923105
923104
923103
923102
923101
923100
923099
923098
923097
923096
923095
923094
923093
923092
923091
923090
923089
923088
923087
923086
923085
923084
923083
923082
923081
923080
923079
923078
923077
923076
923073
923072
923069
923068
923064
923063
923062
923061
923060
923059
923058
923057
923056
923054
923053
923052
923051
923050
923049
923048
923047
923046
923045
923044
923043
923041
923040
923039
923038
923037
923036
923035
923034
923033
923032
923030
923029
923028
923027
923026
923025
923024
923023
923022
923021
923020
923019
923014
923006
923005
922999
922998
922996
922993
922992
922994
922991
922988
922987
922986
922985
922984
922983
922982
922981
922980
922979
922978
922977
922976
922975
922974
922973
922971
922970
922969
922968
922967
922966
922965
922964
922962
922961
922960
922959
922958
922957
922956
922955
922954
922953
922952
922951
922950
922949
922948
922947
922946
922945
922944
922943
922942
922941
922940
922939
922936
922935
922934
922933
922932
922931
922930
922929
922928
922927
922926
922925
922924
922923
922922
922920
922919
922918
922917
922916
923499
923594
923592
923591
923590
923589
923588
923587
923586
923585
923584
923583
923582
923581
923580
923579
923578
923577
923576
923575
923574
923573
923572
923571
923570
923567
923566
923500
923407
923260
923305
923306
923307
923312
923429
923425
923417
923525
923523
923309
923538
923537
923531
923518
923508
923507
923423
923422
923419
923413
923374
923368
923365
923359
923310
923369
923361
923536
923511
923506
923427
923424
923420
923311
923375
923370
923364
923360
923373
923367
923363
923358
923304
923530
923505
923414
923416
923418
923372
923366
923362
923357
923510
923519
923539
923540
923557
923558
923560
923535
923534
923533
923532
923529
923502
923565
923564
923563
923561
923562
923528
923527
923526
923524
923556
923555
923554
923553
923552
923551
923550
923549
923548
923547
923546
923545
923544
923543
923542
923541
923603
923602
923601
923599
923598
923597
923596
923595
923569
923568
923559
923441
923440
923445
923444
923448
923447
923503
923512
923513
923515
923516
923517
923520
923522
923509
923501
923498
923497
923496
923495
923494
923493
923492
923491
923490
923489
923487
923486
923485
923484
923483
923482
923479
923478
923477
923476
923475
923474
923473
923472
923471
923470
923481
923480
923469
923468
923467
923466
923465
923464
923463
923462
923461
923460
923459
923458
923456
923455
923452
923451
923457
923435
923434
923442
923443
923436
923439
923433
923430
923454
923453
923450
923449
923446
923438
923437
923432
923431
923428
923426
923415
923411
923410
923409
923408
923406
923405
923404
923403
923402
923401
923400
923399
923398
923397
923396
923395
923394
923393
923392
923390
923389
923388
923387
923386
923385
923384
923383
923382
923380
923379
923378
923377
923371
923355
923354
923353
923352
923351
923350
923349
923348
923347
923346
923345
923344
923343
923342
923341
923340
923339
923338
923337
923336
923335
923334
923333
923332
923331
923330
923329
923328
923327
923326
923325
923324
923322
923321
923320
923319
923318
923317
923316
923315
923314
923313
923308
923303
923302
923301
923298
923297
923296
923295
923294
923293
923292
923291
923290
923289
923288
923287
923286
923285
923284
923283
923282
923281
923280
923279
923278
923277
923276
923275
923274
923273
923272
923271
923270
923269
923268
923267
923266
923265
923264
923263
923262
923261
923259
923258
923257
923256
923255
923254
923253
923252
923251
923250
923249
923248
923247
923245
923246
923244
923243
923242
923241
923240
923239
923237
923236
923235
923234
923232
923231
923230
923229
923228
923227
923226
923225
923224
923223
923222
923221
923906
923614
923990
923900
923617
923613
923608
923607
923789
923750
923791
923749
923748
923792
923803
923801
923800
923788
923747
923799
923746
923999
923998
923996
923995
923993
923992
923988
923987
923985
923984
923983
923982
923981
923977
923976
923975
923974
923705
923699
923685
923676
923672
923682
923703
923702
923697
923693
923692
923683
923677
923675
923674
923616
923963
923673
923671
923670
923669
923793
923668
923667
923666
923665
923664
923663
924082
924083
923885
923886
923887
923883
923881
923880
923879
923680
923954
923816
923956
923962
924095
924094
924093
924092
924091
924090
924089
924088
924087
924086
924085
924084
924081
924080
924079
924072
924073
924074
924075
924076
924078
924077
924070
924071
924069
924068
924067
924066
924065
924064
924063
924062
924061
924060
924059
924058
924057
924056
924055
924054
924053
924052
924051
924050
924049
924048
924047
924046
924045
924044
924043
924042
924041
924040
924039
924038
924037
924036
924035
924034
924033
924032
924031
924030
924029
924028
924027
924026
924025
924024
924023
924022
924021
924020
924019
924018
924017
924016
924015
924014
924013
924012
924011
924010
924009
924008
924007
924006
924005
924004
924003
924002
924001
923980
923979
923978
923997
923994
923991
923989
923986
923973
923972
923971
923970
923969
923968
923967
923966
923965
923964
923959
923958
923957
923955
923953
923952
923951
923950
923949
923948
923947
923946
923945
923944
923943
923942
923941
923940
923937
923935
923934
923932
923931
923929
923928
923926
923925
923924
923923
923922
923921
923920
923919
923918
923917
923916
923915
923914
923913
923912
923909
923908
923907
923904
923903
923898
923893
923889
923615
923612
923888
923884
923882
923873
923872
923871
923870
923869
923868
923867
923866
923865
923864
923863
923862
923861
923860
923859
923858
923857
923855
923854
923853
923852
923851
923850
923849
923848
923847
923846
923844
923843
923842
923841
923840
923839
923837
923836
923835
923834
923833
923832
923831
923830
923829
923828
923827
923826
923825
923824
923823
923822
923821
923820
923819
923818
923817
923815
923814
923811
923810
923809
923808
923807
923805
923804
923802
923798
923797
923796
923795
923794
923790
923787
923785
923784
923782
923781
923780
923779
923778
923777
923776
923775
923774
923773
923772
923771
923770
923769
923768
923767
923765
923764
923763
923762
923761
923760
923759
923758
923757
923756
923755
923754
923753
923752
923751
923745
923744
923743
923742
923741
923740
923739
923738
923737
923736
923735
923734
923733
923732
923731
923730
923729
923728
923727
923726
923725
923724
923723
923722
923721
923720
923719
923717
923716
923715
923710
923709
923708
923707
923706
923704
923701
923698
923696
923695
923691
923690
923689
923686
923684
923662
923660
923659
923658
923657
923656
923655
923654
923653
923652
923650
923649
923648
923647
923646
923645
923644
923642
923636
923635
923634
923632
923631
923630
923629
923628
923627
923626
923625
923624
923623
923622
923621
923620
923618
923611
923610
923609
923606
923605
923604
924696
924695
924694
924693
924692
924691
924690
924689
924688
924687
924686
924684
924683
924682
924681
924680
924103
924755
924697
924698
924699
924700
924553
924552
924550
924548
924703
924753
924745
924744
924742
924740
924739
924738
924737
924736
924735
924734
924732
924731
924730
924728
924727
924474
924770
924771
924726
924709
924708
924707
924706
924705
924725
924723
924722
924721
924589
924588
924587
924558
924557
924506
924505
924593
924592
924591
924679
924677
924676
924675
924674
924545
924544
924542
924531
924523
924408
924409
924349
924351
924350
924348
924264
924263
924262
924261
924672
924671
924670
924669
924667
924749
924719
924718
924717
924716
924714
924522
924521
924520
924518
924517
924666
924663
924662
924661
924660
924659
924599
924598
924597
924596
924561
924560
924287
924229
924223
924222
924238
924241
924242
924243
924244
924245
924246
924247
924248
924249
924250
924251
924252
924752
924586
924584
924595
924701
924704
924230
924231
924232
924233
924234
924235
924236
924237
924280
924447
924446
924267
924260
924259
924538
924570
924571
924180
924181
924182
924183
924184
924185
924186
924188
924189
924190
924191
924192
924193
924194
924195
924196
924197
924198
924199
924200
924201
924202
924203
924204
924205
924206
924207
924798
924797
924796
924795
924794
924793
924792
924791
924790
924783
924778
924777
924776
924775
924774
924773
924769
924789
924768
924767
924788
924766
924765
924764
924763
924787
924786
924785
924784
924782
924781
924780
924779
924761
924760
924759
924758
924751
924750
924748
924747
924746
924741
924733
924729
924724
924720
924713
924712
924711
924710
924668
924664
924658
924656
924655
924654
924653
924652
924651
924650
924649
924648
924647
924646
924645
924644
924642
924641
924640
924639
924638
924637
924636
924635
924634
924632
924631
924630
924629
924628
924627
924626
924625
924624
924623
924622
924621
924620
924619
924618
924617
924616
924615
924614
924613
924612
924611
924610
924609
924608
924606
924605
924604
924603
924600
924581
924578
924577
924576
924575
924574
924573
924568
924566
924565
924563
924562
924559
924556
924555
924554
924551
924549
924546
924543
924541
924539
924536
924537
924534
924533
924535
924547
924540
924532
924519
924516
924513
924515
924512
924510
924509
924508
924507
924504
924503
924502
924501
924500
924499
924497
924496
924495
924494
924493
924492
924491
924490
924489
924488
924487
924486
924485
924484
924483
924482
924481
924480
924479
924478
924477
924476
924473
924472
924471
924470
924469
924468
924467
924466
924465
924464
924461
924460
924459
924458
924457
924456
924455
924454
924453
924451
924450
924449
924448
924445
924443
924442
924441
924440
924439
924437
924436
924435
924434
924433
924432
924431
924430
924429
924428
924427
924425
924424
924423
924422
924421
924420
924417
924419
924418
924416
924415
924414
924413
924412
924411
924410
924407
924406
924405
924404
924403
924402
924401
924400
924399
924398
924397
924396
924395
924394
924393
924392
924391
924390
924389
924388
924387
924386
924385
924384
924383
924382
924381
924380
924378
924377
924376
924375
924374
924373
924372
924371
924370
924369
924368
924367
924366
924365
924364
924363
924362
924361
924360
924359
924358
924357
924356
924355
924354
924256
924255
924258
924257
924353
924352
924346
924343
924342
924340
924339
924338
924337
924336
924334
924333
924332
924331
924330
924329
924328
924327
924326
924325
924324
924323
924322
924321
924320
924319
924318
924317
924316
924315
924313
924312
924311
924310
924309
924308
924307
924306
924305
924304
924303
924302
924301
924300
924299
924298
924297
924296
924294
924293
924292
924291
924290
924289
924288
924286
924285
924284
924282
924281
924279
924278
924277
924276
924275
924274
924273
924272
924269
924268
924254
924253
924240
924239
924226
924225
924224
924221
924220
924219
924218
924217
924216
924215
924214
924213
924212
924211
924210
924208
924179
924178
924177
924176
924175
924174
924173
924171
924170
924169
924168
924167
924166
924165
924164
924163
924162
924161
924160
924159
924158
924157
924155
924154
924153
924152
924151
924150
924149
924148
924147
924145
924144
924143
924142
924141
924139
924138
924137
924135
924134
924133
924132
924131
924130
924129
924128
924127
924126
924125
924124
924123
924122
924121
924120
924119
924118
924117
924116
924115
924114
924113
924112
924111
924110
924109
924108
924107
924106
924105
924104
924101
924100
924099
924097
925024
925023
925022
925018
924900
925374
924827
924826
924825
924824
924823
924822
924875
924874
924873
924871
924870
924869
924847
924848
924837
924836
924835
924853
924852
924850
924849
924858
924856
924855
924854
925548
925480
925468
925460
925445
925467
925489
925543
925456
925450
925291
925225
925162
925150
925530
925492
925481
925449
925442
925441
925439
925457
925459
925289
925295
925313
925311
925310
925452
925438
925194
925308
925276
925544
925447
925458
925435
925431
925257
925163
925292
925224
925307
925532
925490
925482
925469
925466
925454
925448
925437
925284
925254
925208
925303
925430
925428
925248
925159
925535
925453
925436
925189
925306
925282
925154
925149
925465
925470
925483
925488
925429
925305
925281
925243
925219
925526
925455
925446
925443
925148
925160
925158
925134
925278
925235
925223
925302
925427
925444
925434
925523
925464
925451
925426
925301
925271
925227
925184
925152
925130
924864
924863
924862
924905
924904
924903
924902
924901
925570
924865
924866
924867
924868
924872
924876
924931
924932
924933
924935
924939
924958
924959
925575
925573
925572
925571
925569
925568
925566
925565
925564
925563
925562
925561
925560
925559
925558
925557
925556
925555
925554
925553
925552
925551
925550
925549
925547
925546
925541
925540
925539
925538
925537
925536
925545
925542
925533
925531
925529
925522
925521
925518
925517
925515
925514
925513
925512
925511
925510
925508
925507
925506
925505
925504
925503
925502
925501
925500
925499
925498
925497
925496
925495
925494
925493
925491
925487
925486
925485
925484
925479
925478
925477
925476
925475
925474
925473
925472
925471
925463
925462
925461
925440
925433
925432
925425
925424
925423
925422
925421
925420
925419
925416
925415
925414
925413
925412
925411
925410
925409
925408
925407
925406
925405
925404
925403
925402
925401
925400
925399
925398
925397
925396
925395
925394
925393
925392
925391
925390
925389
925388
925387
925386
925385
925384
925383
925381
925379
925378
925377
925376
925375
925373
925372
925371
925370
925369
925368
925367
925366
925365
925364
925362
925361
925360
925358
925357
925356
925355
925354
925353
925352
925351
925350
925349
925348
925347
925346
925345
925344
925343
925342
925341
925340
925339
925338
925337
925336
925335
925334
925333
925332
925331
925330
925329
925328
925327
925326
925325
925324
925323
925322
925321
925320
925319
925318
925317
925316
925315
925314
925312
925309
925304
925300
925299
925298
925297
925296
925294
925293
925290
925288
925287
925286
925285
925283
925279
925262
925259
925240
925230
925217
925214
925206
925182
925170
925165
925151
925147
925146
925137
925117
925116
925091
925090
925089
925088
925076
925071
925061
925058
925057
925056
925055
925046
925040
925039
925038
925037
925030
925029
925028
925027
925021
925019
925017
925016
925013
925012
925011
925010
925009
925008
925007
925006
925005
925004
925003
925002
925001
925000
924970
924957
924942
924934
924896
924895
924894
924893
924892
924890
924889
924888
924886
924885
924884
924883
924882
924881
924880
924879
924878
924877
924861
924860
924859
924857
924851
924846
924845
924844
924843
924842
924841
924840
924839
924838
924834
924833
924832
924831
924830
924829
924828
924821
924820
924819
924818
924817
924816
924815
924814
924813
924811
924810
924809
924808
924807
924806
924805
924804
924803
924802
924801
924800
924799
925627
925626
925625
925624
925623
925622
925621
925620
925619
925618
925617
925616
925615
925614
925613
925612
925611
925610
925609
925608
925607
925606
925605
925604
925603
925602
925601
925600
925599
925597
925596
925595
925594
925593
925592
925591
925590
925589
925588
925933
925978
925951
925988
925940
925929
925954
925972
926029
925983
925987
925981
925977
925971
925944
925941
925939
925922
925967
926032
925984
925982
925976
925851
925935
925846
925980
925985
925958
925953
925949
925928
925908
925904
925897
925975
925956
925968
925912
925925
925887
925986
925945
925959
925963
925974
925979
925907
925902
925896
925973
925962
925952
925943
925937
925948
925931
925926
925911
925884
925850
925848
925829
925828
925823
925814
925901
925825
925820
925811
925799
925960
925883
925732
925724
925818
925947
925924
925849
925847
925906
925900
925895
925830
925932
925910
925885
925726
925822
925815
925812
925803
925730
925728
925691
925690
925689
925679
925678
925677
925676
925821
925813
925801
925729
925725
925905
925898
925894
925798
925688
925687
925686
925668
925727
925682
925681
925675
925674
925673
925672
925671
925670
925669
925667
925666
925665
925664
925752
926037
926036
926035
926034
926031
926030
926027
926026
926025
926023
926022
926021
926020
926019
926018
926017
926016
926015
926014
926012
926011
926010
926009
926008
926007
926006
926005
926004
926002
926001
926000
925999
925998
925997
925995
925994
925993
925992
925991
925990
925989
925970
925969
925966
925964
925913
925909
925903
925899
925893
925892
925891
925890
925796
925879
925878
925877
925876
925875
925874
925873
925872
925871
925870
925869
925868
925867
925866
925864
925863
925862
925861
925860
925859
925858
925857
925856
925855
925854
925853
925852
925845
925844
925843
925842
925841
925840
925837
925836
925839
925838
925835
925834
925833
925832
925831
925685
925684
925683
925827
925826
925824
925819
925817
925816
925787
925786
925784
925781
925810
925809
925808
925806
925805
925804
925802
925800
925797
925795
925794
925778
925775
925774
925772
925793
925792
925791
925790
925789
925788
925785
925783
925782
925780
925779
925777
925776
925773
925771
925770
925769
925768
925767
925766
925765
925764
925763
925762
925761
925760
925759
925758
925757
925756
925755
925754
925753
925751
925750
925749
925748
925747
925746
925745
925744
925743
925742
925741
925740
925739
925737
925736
925734
925733
925731
925723
925722
925721
925719
925718
925717
925716
925715
925713
925712
925710
925709
925708
925707
925706
925705
925704
925703
925702
925701
925700
925699
925698
925697
925696
925695
925694
925693
925692
925680
925662
925657
925656
925655
925654
925653
925652
925651
925650
925649
925647
925646
925645
925644
925643
925642
925641
925640
925639
925638
925637
925636
925635
925634
925633
925632
925631
925630
925628
925586
925585
925584
925582
925580
925579
925577
925576
926347
926351
926146
926145
926144
926143
926306
926300
926298
926297
926338
926334
926331
926326
926243
926242
926333
926332
926241
926239
926237
926329
926235
926296
926295
926287
926224
926182
926339
926328
926286
926240
926221
926236
926337
926330
926294
926234
926222
926288
926285
926223
926181
926356
926355
926354
926350
926353
926352
926358
926357
926349
926348
926362
926361
926365
926363
926367
926366
926304
926302
926317
926305
926299
926318
926319
926343
926342
926341
926360
926359
926346
926345
926344
926275
926192
926193
926195
926256
926261
926265
926266
926267
926268
926270
926321
926257
926259
926264
926263
926277
926258
926271
926340
926314
926313
926312
926315
926309
926336
926335
926327
926325
926324
926323
926322
926320
926310
926311
926316
926308
926307
926303
926301
926269
926293
926292
926291
926290
926289
926284
926283
926282
926281
926280
926276
926274
926273
926272
926262
926260
926254
926252
926251
926249
926248
926247
926246
926245
926238
926233
926231
926230
926229
926228
926227
926226
926225
926220
926219
926218
926217
926216
926215
926213
926212
926209
926208
926207
926206
926205
926204
926203
926202
926201
926200
926199
926198
926197
926196
926194
926191
926188
926187
926186
926184
926183
926180
926179
926178
926177
926176
926175
926174
926173
926172
926171
926170
926169
926168
926167
926166
926165
926164
926163
926162
926161
926160
926158
926157
926156
926155
926154
926153
926152
926151
926150
926149
926141
926140
926139
926138
926137
926136
926135
926134
926133
926132
926131
926130
926129
926128
926127
926126
926125
926124
926123
926122
926121
926120
926117
926116
926115
926114
926113
926112
926111
926110
926109
926108
926107
926106
926105
926104
926103
926102
926101
926100
926099
926098
926097
926096
926094
926093
926092
926091
926090
926089
926088
926087
926086
926085
926084
926083
926082
926081
926080
926079
926078
926077
926076
926075
926074
926073
926072
926070
926069
926068
926067
926064
926063
926062
926061
926060
926059
926057
926056
926055
926054
926053
926052
926051
926050
926049
926048
926047
926046
926044
926043
926042
926041
926040
926039
926038
926383
926506
926508
926509
926512
926513
926515
926516
926518
926496
926497
926521
926522
926952
926950
926949
926953
926948
926954
926945
926760
926757
926755
926958
926942
926495
926494
926489
926488
926778
926845
926960
926941
926780
926764
926762
926752
926776
926771
926768
926959
926939
926843
926779
926775
926772
926766
926763
926957
926938
926761
926758
926774
926767
926956
926947
926842
926777
926773
926769
926765
926756
926753
926484
926482
926478
926474
926462
926524
926527
926529
926532
926533
926534
926535
926541
926545
926543
926544
926391
926375
927106
926377
926393
926590
926869
927108
927111
926394
927114
927113
927110
927109
927107
927104
927103
927102
927101
927100
927099
927098
927097
927096
927095
927094
927093
927092
927091
927090
927089
927088
927087
927086
927085
927084
927083
927082
927081
927080
927079
927078
927077
927076
927075
927074
927073
927072
927071
927070
927069
927068
927067
927066
927065
927064
927063
927062
927061
927060
927059
927058
927057
927055
927054
927053
927052
927051
927050
927049
927048
927047
927046
927045
927044
927038
927037
927034
927043
927042
927041
927040
927039
927036
927033
927032
927031
927030
927029
927028
927027
927026
927025
927024
927023
927022
927021
927020
927019
927018
927017
927016
927015
927014
927013
927012
927011
927010
927009
927008
927006
927003
927001
927000
926999
926998
926997
926996
926995
926994
926993
926992
926991
926990
926989
926988
926987
926986
926985
926984
926983
926982
926981
926980
926979
926978
926977
926976
926975
926974
926973
926972
926971
926970
926969
926968
926967
926966
926965
926964
926963
926962
926961
926955
926951
926946
926944
926943
926940
926937
926936
926935
926934
926933
926932
926931
926930
926929
926928
926927
926926
926925
926924
926923
926922
926921
926920
926919
926918
926917
926916
926915
926914
926913
926912
926911
926910
926909
926908
926907
926906
926905
926904
926903
926902
926901
926900
926897
926896
926895
926894
926893
926892
926891
926890
926889
926888
926887
926886
926885
926884
926883
926882
926881
926880
926879
926878
926877
926876
926875
926874
926873
926872
926871
926870
926868
926867
926866
926865
926864
926863
926862
926861
926860
926859
926858
926857
926856
926855
926854
926853
926852
926851
926850
926849
926848
926846
926844
926841
926840
926839
926838
926837
926836
926835
926834
926833
926832
926831
926830
926829
926828
926827
926826
926825
926824
926823
926822
926821
926820
926819
926817
926815
926814
926813
926812
926811
926810
926809
926808
926807
926806
926805
926804
926803
926802
926801
926800
926799
926798
926797
926796
926795
926794
926793
926792
926791
926790
926789
926788
926787
926786
926785
926784
926783
926782
926781
926770
926759
926754
926750
926749
926748
926747
926746
926745
926744
926743
926742
926741
926740
926739
926738
926737
926736
926735
926734
926733
926732
926731
926730
926729
926728
926727
926726
926725
926724
926723
926722
926721
926720
926719
926718
926717
926716
926715
926714
926713
926712
926711
926710
926708
926707
926706
926705
926704
926699
926700
926701
926703
926702
926698
926693
926694
926695
926697
926696
926692
926691
926690
926689
926688
926687
926686
926685
926684
926683
926682
926681
926680
926678
926676
926675
926674
926673
926672
926671
926670
926669
926668
926667
926666
926665
926664
926663
926662
926661
926660
926658
926657
926655
926654
926653
926652
926651
926650
926649
926648
926647
926646
926645
926644
926643
926642
926640
926639
926638
926637
926636
926635
926634
926633
926631
926629
926627
926625
926624
926623
926622
926621
926620
926618
926617
926613
926612
926611
926610
926609
926608
926607
926606
926605
926604
926603
926602
926601
926600
926599
926598
926597
926596
926595
926594
926593
926592
926591
926589
926588
926587
926585
926584
926583
926582
926580
926579
926578
926577
926576
926575
926574
926573
926572
926571
926570
926569
926568
926567
926566
926565
926564
926562
926561
926560
926559
926558
926556
926555
926554
926552
926550
926549
926548
926547
926542
926540
926538
926537
926536
926531
926530
926526
926523
926520
926519
926517
926514
926511
926510
926505
926504
926503
926502
926501
926500
926499
926498
926493
926492
926491
926490
926487
926486
926485
926483
926481
926480
926477
926476
926475
926473
926472
926471
926470
926469
926468
926467
926466
926465
926461
926457
926452
926451
926446
926445
926440
926439
926438
926435
926434
926433
926432
926431
926430
926429
926427
926426
926425
926424
926423
926422
926421
926420
926419
926418
926412
926409
926408
926407
926406
926405
926404
926403
926400
926399
926398
926397
926390
926388
926387
926386
926385
926382
926381
926379
926378
926374
926372
926371
926370
926369
926368
