327323
327330
327329
327328
327327
327326
327322
327321
327320
327319
327318
327317
327316
327315
327314
327313
327312
327311
327310
327309
327308
327307
327306
327305
327304
327303
327302
327301
327300
327298
327297
327296
327295
327294
327293
327292
327289
327287
327284
327283
327282
327281
327280
327279
327278
327275
327274
327272
327271
327270
327266
327267
327265
327264
327253
327252
327251
327250
327249
327247
327246
327245
327244
327243
327242
327241
327240
327239
327238
327237
327236
327235
327234
327233
327232
327231
