331402
331477
331472
331473
331474
331475
331476
331471
331470
331469
331468
331467
331466
331465
331464
331463
331462
331461
331459
331458
331457
331456
331455
331454
331453
331452
331451
331448
331447
331446
331445
331444
331443
331442
331441
331440
331439
331438
331437
331436
331435
331434
331433
331432
331431
331430
331429
331428
331427
331426
331425
331424
331423
331422
331421
331420
331414
331412
331385
331419
331417
331416
331415
331413
331411
331410
331409
331408
331407
331406
331405
331404
331403
331401
331399
331398
331394
331393
331392
331389
331386
331388
331390
331387
331384
331383
331378
331381
331380
331379
331377
331376
331375
331374
331373
331372
331371
331370
331369
331368
331367
331363
331362
331361
331360
