893099
893103
893102
893090
893108
893105
893101
893096
893093
893089
893088
893087
893355
893354
893106
893104
893100
893097
893084
893083
893082
893037
893418
893417
893416
893387
893390
893393
893376
893370
893385
893369
893051
893334
893252
893053
893052
893156
893254
893157
893253
893158
893151
893445
893055
893054
893048
893047
893056
893057
893050
893049
893397
893081
893079
893078
893077
893059
893058
893038
893046
893325
893427
893426
893425
893045
893267
893424
893347
893343
893350
893266
893433
893432
893353
893042
893062
893255
893357
893061
893413
893352
893341
893342
893332
893346
893351
893256
893041
893150
893321
893282
893312
893356
893358
893412
893320
893318
893044
893040
893329
893446
893444
893443
893442
893441
893440
893439
893438
893437
893436
893435
893434
893431
893430
893429
893428
893423
893422
893421
893043
893420
893419
893415
893414
893411
893410
893409
893408
893407
893406
893060
893405
893404
893403
893402
893401
893400
893399
893398
893396
893395
893394
893392
893391
893389
893388
893386
893384
893383
893382
893381
893380
893378
893377
893375
893374
893373
893372
893371
893368
893367
893366
893365
893364
893363
893362
893361
893360
893359
893349
893348
893345
893344
893340
893339
893338
893337
893336
893335
893333
893331
893330
893328
893327
893326
893324
893323
893322
893319
893317
893316
893315
893314
893313
893311
893310
893309
893308
893307
893306
893305
893304
893303
893302
893301
893300
893299
893298
893297
893296
893295
893294
893293
893292
893291
893290
893289
893287
893286
893285
893284
893283
893281
893280
893279
893278
893277
893276
893275
893274
893273
893271
893270
893269
893268
893265
893264
893263
893262
893261
893260
893259
893258
893257
893039
893251
893250
893249
893248
893247
893246
893245
893244
893243
893242
893241
893240
893239
893238
893237
893236
893235
893234
893233
893232
893229
893231
893230
893227
893226
893225
893224
893223
893222
893221
893220
893219
893218
893217
893216
893215
893214
893213
893212
893211
893210
893209
893208
893207
893206
893205
893204
893203
893201
893200
893199
893198
893197
893196
893195
893194
893193
893192
893191
893190
893189
893188
893187
893186
893185
893184
893183
893182
893181
893180
893179
893178
893177
893176
893175
893174
893173
893172
893171
893170
893169
893168
893167
893165
893164
893163
893162
893161
893160
893154
893153
893152
893149
893148
893147
893146
893145
893144
893142
893141
893140
893139
893138
893137
893136
893135
893134
893133
893132
893131
893130
893129
893128
893127
893125
893124
893123
893121
893118
893116
893115
893113
893095
893094
893092
893091
893086
893085
893076
893075
893074
893073
893071
893070
893069
893068
893066
893065
893064
893036
893035
893033
893032
893031
893030
893029
893028
893027
893026
893025
893024
