324505
324504
324503
324502
324499
324496
324495
324494
324493
324492
324491
324490
324489
324488
324487
324486
324485
324484
324482
324483
324481
324480
324479
324478
324477
324476
324462
324475
324474
324473
324472
324471
324470
324469
324468
324466
324465
324464
324463
324461
324460
324459
324458
324457
324456
324455
324454
324453
324452
324451
324450
324449
324448
324447
324446
324445
324444
324443
324442
324441
324440
324439
324438
324437
324436
324435
324434
324433
324432
324431
324430
324428
324427
324426
324425
324424
324423
324422
324421
324420
324419
324418
324417
324416
324415
324414
324413
324412
324411
324410
324409
324408
324407
324406
324405
324404
324403
324402
324401
324400
324399
324398
324397
324396
324395
324394
324393
324392
324391
324390
324389
324388
324386
324385
324384
324383
324382
324381
