328456
328458
328457
328454
328453
328452
328451
328450
328448
328447
328446
328445
328444
328443
328442
328441
328440
328439
328438
328437
328436
328435
328434
328433
328432
328431
328430
328429
328428
328427
328426
328424
328423
328422
328421
328420
328417
328416
328414
328412
328411
328410
328409
328408
328407
328406
328405
328404
328373
328374
328375
328376
328377
328378
328379
328380
328381
328382
328383
328384
328385
328386
328387
328388
328389
328390
328391
328392
328393
328394
328395
328396
328397
328398
328399
328400
328401
328402
328403
328371
328370
328369
328367
328366
328365
328364
328363
328362
328361
328360
328359
328358
328357
