331209
331210
331211
331213
331214
331215
331218
331250
331251
331256
331260
331259
331258
331257
331255
331254
331253
331252
331249
331248
331247
331243
331245
331244
331225
331230
331231
331232
331242
331241
331240
331239
331238
331237
331236
331235
331234
331233
331229
331228
331227
331226
331224
331223
331222
331221
331220
331219
331217
331216
331212
331208
331207
331206
331205
331204
331191
331192
331195
331203
331202
331201
331200
331199
331198
331197
331194
331193
331190
331189
331188
331187
331186
331185
331184
331183
331182
331181
331180
331179
331178
331177
331176
331175
331174
331173
331172
331171
331170
331169
331168
331167
331166
331165
331164
331163
331162
331161
