925024
925023
925022
925018
924900
925374
924827
924826
924825
924824
924823
924822
924875
924874
924873
924871
924870
924869
924847
924848
924837
924836
924835
924853
924852
924850
924849
924858
924856
924855
924854
925548
925480
925468
925460
925445
925467
925489
925543
925456
925450
925291
925225
925162
925150
925530
925492
925481
925449
925442
925441
925439
925457
925459
925289
925295
925313
925311
925310
925452
925438
925194
925308
925276
925544
925447
925458
925435
925431
925257
925163
925292
925224
925307
925532
925490
925482
925469
925466
925454
925448
925437
925284
925254
925208
925303
925430
925428
925248
925159
925535
925453
925436
925189
925306
925282
925154
925149
925465
925470
925483
925488
925429
925305
925281
925243
925219
925526
925455
925446
925443
925148
925160
925158
925134
925278
925235
925223
925302
925427
925444
925434
925523
925464
925451
925426
925301
925271
925227
925184
925152
925130
924864
924863
924862
924905
924904
924903
924902
924901
925570
924865
924866
924867
924868
924872
924876
924931
924932
924933
924935
924939
924958
924959
925575
925573
925572
925571
925569
925568
925566
925565
925564
925563
925562
925561
925560
925559
925558
925557
925556
925555
925554
925553
925552
925551
925550
925549
925547
925546
925541
925540
925539
925538
925537
925536
925545
925542
925533
925531
925529
925522
925521
925518
925517
925515
925514
925513
925512
925511
925510
925508
925507
925506
925505
925504
925503
925502
925501
925500
925499
925498
925497
925496
925495
925494
925493
925491
925487
925486
925485
925484
925479
925478
925477
925476
925475
925474
925473
925472
925471
925463
925462
925461
925440
925433
925432
925425
925424
925423
925422
925421
925420
925419
925416
925415
925414
925413
925412
925411
925410
925409
925408
925407
925406
925405
925404
925403
925402
925401
925400
925399
925398
925397
925396
925395
925394
925393
925392
925391
925390
925389
925388
925387
925386
925385
925384
925383
925381
925379
925378
925377
925376
925375
925373
925372
925371
925370
925369
925368
925367
925366
925365
925364
925362
925361
925360
925358
925357
925356
925355
925354
925353
925352
925351
925350
925349
925348
925347
925346
925345
925344
925343
925342
925341
925340
925339
925338
925337
925336
925335
925334
925333
925332
925331
925330
925329
925328
925327
925326
925325
925324
925323
925322
925321
925320
925319
925318
925317
925316
925315
925314
925312
925309
925304
925300
925299
925298
925297
925296
925294
925293
925290
925288
925287
925286
925285
925283
925279
925262
925259
925240
925230
925217
925214
925206
925182
925170
925165
925151
925147
925146
925137
925117
925116
925091
925090
925089
925088
925076
925071
925061
925058
925057
925056
925055
925046
925040
925039
925038
925037
925030
925029
925028
925027
925021
925019
925017
925016
925013
925012
925011
925010
925009
925008
925007
925006
925005
925004
925003
925002
925001
925000
924970
924957
924942
924934
924896
924895
924894
924893
924892
924890
924889
924888
924886
924885
924884
924883
924882
924881
924880
924879
924878
924877
924861
924860
924859
924857
924851
924846
924845
924844
924843
924842
924841
924840
924839
924838
924834
924833
924832
924831
924830
924829
924828
924821
924820
924819
924818
924817
924816
924815
924814
924813
924811
924810
924809
924808
924807
924806
924805
924804
924803
924802
924801
924800
924799
