324643
324647
324646
324645
324644
324642
324641
324640
324618
324626
324631
324632
324633
324639
324638
324637
324636
324635
324634
324630
324628
324625
324624
324623
324622
324621
324620
324619
324617
324616
324615
324614
324613
324612
324611
324610
324609
324608
324607
324606
324605
324604
324603
324601
324600
324599
324574
324598
324597
324596
324595
324594
324593
324591
324590
324589
324588
324587
324586
324585
324584
324581
324580
324578
324577
324576
324575
324572
324571
324570
324569
324568
324567
324566
324565
324564
324563
324562
324561
324560
324559
324558
324557
324556
324555
324554
324553
324552
324551
324550
324549
324548
324546
324543
324545
324544
324541
324540
324511
324523
324530
324538
324537
324536
324535
324534
324533
324532
324531
324529
324528
324527
324526
324525
324524
324522
324521
324520
324519
324518
324517
324516
324515
324514
324513
324512
324510
324509
324508
324507
324506
