329561
329560
329559
329558
329557
329555
329536
329552
329551
329550
329549
329548
329546
329545
329544
329543
329542
329541
329540
329535
329534
329533
329532
329531
329530
329529
329528
329527
329526
329525
329524
329523
329522
329521
329520
329519
329518
329517
329516
329515
329514
329513
329512
329511
329510
329509
329508
329506
329505
329504
329503
329502
329501
329500
329499
329498
329497
329496
329495
329494
329493
329492
329491
329490
329489
329488
329487
329486
329485
329484
329483
329482
329481
329480
329479
329478
329477
329476
329475
329474
329473
329472
329471
329470
329469
329468
329467
329466
329465
329464
329463
329462
329461
329460
329459
329454
329455
329456
329458
329457
329452
329450
329445
329449
329448
329447
329446
329444
329443
329441
329440
329439
329438
329437
329436
329435
329434
329433
