324198
324197
324196
324195
324194
324193
324192
324191
324190
324189
324188
324187
324186
324185
324184
324183
324182
324181
324178
324173
324170
324147
324143
324071
324180
324177
324176
324175
324172
324171
324169
324168
324167
324166
324165
324164
324163
324162
324161
324160
324159
324158
324157
324156
324155
324154
324153
324151
324149
324146
324145
324144
324142
324141
324140
324139
324138
324137
324136
324135
324134
324133
324132
324131
324130
324129
324128
324127
324126
324125
324124
324123
324122
324121
324120
324119
324118
324117
324116
324115
324114
324113
324112
324111
324110
324109
324108
324107
324106
324105
324104
324103
324102
324101
324100
324099
324098
324097
324096
324095
324094
324093
324092
324091
324090
324089
324087
324086
324085
324084
324083
324082
324081
324080
324078
324077
324076
324075
324074
324073
324072
