331494
331614
331618
331617
331616
331615
331498
331499
331500
331501
331502
331503
331504
331506
331507
331509
331510
331511
331512
331513
331514
331515
331516
331517
331518
331519
331520
331521
331613
331612
331611
331610
331609
331608
331607
331606
331605
331604
331603
331602
331601
331600
331599
331598
331597
331596
331595
331594
331593
331592
331591
331590
331589
331588
331587
331586
331585
331584
331583
331582
331581
331580
331579
331578
331577
331575
331573
331572
331571
331564
331563
331562
331561
331560
331559
331558
331557
331556
331555
331554
331553
331552
331551
331550
331549
331548
331547
331546
331545
331544
331543
331542
331541
331540
331539
331538
331537
331536
331534
331533
331532
331531
331530
331529
331528
331527
331526
331525
331495
331497
331524
331523
331522
331508
331505
331496
331493
331488
331492
331491
331490
331489
331487
331486
331485
331484
331483
331482
331479
331481
331480
331478
