329136
329135
329134
329133
329129
329128
329127
329125
329124
329123
329122
329121
329119
329118
329117
329115
329114
329112
329111
329110
329109
329108
329107
329106
329105
329104
329103
329102
329101
329100
329099
329098
329097
329094
329095
329096
329090
329089
329088
329087
329086
329085
329084
329083
329082
329081
329080
329078
329076
329075
329074
329073
329072
329071
329070
329069
329068
329066
329065
329064
329063
329062
329060
329059
329058
329057
329056
329055
329054
329053
329052
329051
329050
329049
329048
329047
329046
329045
329044
329042
329041
329040
329039
329038
329037
